10	0.783418
10	0.207041
10	0.817175
10	1.489086
10	0.874035
10	0.343073
10	0.569032
10	0.260768
10	0.233962
10	1.274900
10	0.338554
10	0.798658
10	0.883838
10	0.464718
10	0.690339
10	0.506626
10	1.243551
10	0.140949
10	0.184275
10	0.215578
10	0.279961
10	0.308362
10	0.457328
10	0.245527
10	0.934194
10	0.116692
10	0.763700
10	1.024026
10	0.120850
10	0.616568
10	0.922904
10	0.387764
10	0.158362
10	1.204019
10	1.495786
10	1.124653
10	0.350418
10	0.714765
10	0.264751
10	0.399711
10	0.788574
10	1.015967
10	10.000000
10	0.146144
10	0.211554
10	0.384715
10	0.351695
10	2.183479
10	0.161743
10	1.017198
10	0.196708
10	0.614443
10	0.176290
10	0.636081
10	1.522695
10	0.799870
10	0.488382
10	1.445667
10	1.286974
10	0.734834
10	1.068552
10	0.291188
10	1.105337
10	0.177562
10	0.824168
10	1.181595
10	0.283902
10	0.180714
10	0.745376
10	0.318308
10	0.236089
10	0.146825
10	10.000000
10	0.443393
10	0.205767
10	0.406502
10	1.157468
10	0.177385
10	0.715134
10	0.405137
10	0.288761
10	0.586113
10	0.188781
10	0.251305
10	1.173382
10	0.147231
10	0.212928
10	0.505300
10	0.642136
10	0.390922
10	0.484575
10	0.719802
10	0.794279
10	0.898625
10	0.607592
10	1.230017
10	0.454160
10	0.364428
10	0.236199
10	0.538473
10	0.286378
10	0.286724
10	0.334747
10	0.524587
10	0.232204
10	1.100281
10	0.415238
10	0.526014
10	0.524867
10	0.200967
10	0.139525
10	0.273447
10	0.844431
10	1.470804
10	1.287049
10	0.468476
10	0.379937
10	0.529101
10	0.355887
10	0.214295
10	0.132346
10	1.078677
10	1.016790
10	0.873123
10	0.644233
10	1.026049
10	0.219041
10	0.672704
10	0.585803
10	0.277924
10	0.382258
10	0.160929
10	0.212767
10	0.334433
10	0.111752
10	0.685269
10	0.267856
10	0.560028
10	0.184949
10	0.884446
10	0.198677
10	0.605705
10	0.535160
10	0.183047
10	0.407143
10	1.208847
10	0.747226
10	0.358678
10	0.147611
10	0.363733
10	0.187086
10	0.331812
10	0.284062
10	0.354613
10	1.043756
10	0.265921
10	1.419646
10	2.436327
10	0.343550
10	0.218991
10	2.167765
10	0.277048
10	0.168844
10	0.618845
10	0.254457
10	0.422653
10	1.910953
10	0.372022
10	1.059800
10	0.442989
10	0.682540
10	0.299790
10	0.286057
10	0.377703
10	0.313029
10	0.167313
10	0.205853
10	0.287755
10	0.631433
10	2.608112
10	0.247721
10	1.387369
10	0.463548
10	0.815035
10	0.320182
10	0.168236
10	0.675517
10	0.453983
10	0.790934
10	0.262527
10	0.804059
10	0.244161
10	0.314897
10	0.194077
10	0.645362
10	2.882511
10	0.782554
10	1.114048
10	1.091023
10	1.632383
20	0.373000
20	0.195272
20	0.824093
20	0.365064
20	0.156598
20	0.287235
20	2.084275
20	0.667324
20	1.598969
20	0.312542
20	0.415441
20	0.274524
20	2.862824
20	0.345225
20	0.413795
20	1.681599
20	1.002959
20	0.548612
20	0.808317
20	0.357249
20	2.384840
20	0.537918
20	0.253839
20	0.406190
20	1.015244
20	0.401805
20	1.067076
20	0.441732
20	1.516656
20	0.253868
20	0.481109
20	0.231762
20	0.930946
20	1.023924
20	1.456433
20	0.343596
20	0.658937
20	2.679818
20	1.090047
20	0.862782
20	0.667624
20	0.666426
20	0.646126
20	1.083741
20	0.502621
20	0.539377
20	0.712741
20	0.309256
20	0.764533
20	0.251914
20	4.108664
20	0.976713
20	0.342775
20	0.466115
20	0.538504
20	10.000000
20	1.417482
20	0.445331
20	1.053396
20	0.742647
20	0.197821
20	0.189179
20	0.935436
20	1.405869
20	1.151926
20	0.361212
20	0.787434
20	1.763869
20	0.273276
20	0.369375
20	0.379584
20	1.062581
20	1.504121
20	0.264293
20	0.865025
20	0.207499
20	0.257098
20	0.676662
20	0.320572
20	1.335789
20	0.913018
20	0.617323
20	1.443889
20	2.049179
20	0.325776
20	1.329556
20	0.597141
20	0.220338
20	0.382612
20	0.451814
20	0.739641
20	0.285970
20	0.796735
20	1.247454
20	0.483688
20	0.543856
20	1.086060
20	0.628364
20	0.231339
20	0.347664
20	0.695116
20	2.834693
20	1.447313
20	1.667604
20	0.243833
20	1.156983
20	0.293883
20	0.534766
20	0.206161
20	0.934351
20	10.000000
20	0.769272
20	0.487972
20	1.055187
20	0.412919
20	0.209530
20	0.234442
20	0.537096
20	0.546594
20	0.350737
20	0.938035
20	0.388438
20	0.923630
20	0.934017
20	0.510710
20	0.484291
20	0.732655
20	1.159820
20	0.174610
20	0.698500
20	1.181353
20	0.312604
20	0.457378
20	1.881105
20	0.671073
20	0.706361
20	0.499776
20	10.000000
20	0.399813
20	0.404154
20	0.633929
20	0.800126
20	0.392108
20	0.575642
20	0.373810
20	0.309536
20	0.536632
20	1.274444
20	0.478860
20	0.219362
20	0.179948
20	0.239905
20	0.528513
20	0.199452
20	0.805693
20	0.742975
20	0.247128
20	0.327029
20	1.429380
20	0.480831
20	1.078609
20	10.000000
20	0.585651
20	0.388361
20	1.299655
20	0.783011
20	0.477041
20	2.206368
20	0.456109
20	0.397855
20	0.877850
20	0.810568
20	0.846630
20	0.289393
20	1.187787
20	0.193731
20	0.685069
20	0.619605
20	0.512832
20	0.333052
20	0.620094
20	0.171080
20	0.470352
20	0.832507
20	1.042307
20	0.286141
20	0.861007
20	0.374670
20	2.269206
20	0.397364
20	1.240927
20	0.661557
20	0.961272
20	1.367109
20	0.613101
20	0.503442
20	0.900353
20	0.501888
20	0.396754
20	0.282165
30	2.480611
30	1.428710
30	4.082995
30	1.295103
30	2.235525
30	3.084371
30	1.303824
30	1.274111
30	0.901081
30	1.666708
30	4.374977
30	2.384347
30	4.581675
30	1.654345
30	3.481810
30	1.792512
30	1.566026
30	2.705120
30	2.147490
30	2.596921
30	2.456293
30	3.392229
30	4.057708
30	2.432350
30	0.561130
30	1.784059
30	2.148111
30	4.335272
30	1.373392
30	3.515564
30	3.744010
30	3.584274
30	3.131336
30	1.618418
30	1.023423
30	1.401735
30	3.522934
30	1.969617
30	1.862663
30	1.357568
30	1.214154
30	3.728971
30	1.575577
30	3.634750
30	0.927526
30	2.747626
30	2.145870
30	2.065622
30	3.127263
30	1.916193
30	1.713195
30	1.746468
30	2.290593
30	1.241205
30	1.333669
30	1.439932
30	4.326145
30	4.415953
30	2.237134
30	3.712345
30	3.096939
30	2.190135
30	1.989972
30	3.048334
30	1.423373
30	2.354429
30	2.972985
30	3.252738
30	2.566692
30	3.180509
30	2.045081
30	1.400973
30	1.994057
30	1.782838
30	2.039915
30	2.517153
30	0.745256
30	1.043467
30	1.240107
30	3.708690
30	2.807946
30	2.066796
30	4.232641
30	1.687851
30	1.944502
30	1.396398
30	10.000000
30	2.168293
30	2.031102
30	4.796323
30	2.301406
30	3.369667
30	2.687776
30	1.555145
30	2.038604
30	0.929473
30	1.588013
30	1.401722
30	1.172925
30	2.391246
30	3.362149
30	2.790071
30	1.854326
30	1.934819
30	3.384682
30	1.262972
30	4.864498
30	1.903178
30	1.673588
30	2.412132
30	4.661458
30	5.747520
30	2.189378
30	1.499467
30	2.159217
30	1.751870
30	1.649570
30	1.345428
30	2.106460
30	2.430745
30	1.564946
30	0.921051
30	1.528600
30	3.074705
30	4.040273
30	2.003378
30	3.452400
30	3.212203
30	2.341322
30	1.174549
30	2.324223
30	0.695830
30	2.149257
30	0.573039
30	0.961894
30	1.785291
30	2.461399
30	1.616747
30	2.373539
30	2.866963
30	1.042399
30	2.945104
30	2.750957
30	4.681059
30	1.079004
30	3.089943
30	2.958190
30	1.859940
30	2.958560
30	2.216176
30	1.591033
30	1.968246
30	2.379502
30	0.988052
30	1.878228
30	0.929639
30	2.287047
30	1.611534
30	2.510643
30	2.392783
30	1.463626
30	3.724115
30	1.087267
30	2.170351
30	2.695291
30	2.394322
30	2.460132
30	2.148948
30	0.773762
30	1.553903
30	2.536159
30	2.185040
30	3.349260
30	1.589733
30	1.388552
30	5.042762
30	1.492085
30	1.187050
30	1.843352
30	1.969790
30	2.870812
30	2.091912
30	2.964170
30	2.116495
30	1.903553
30	1.432108
30	1.918352
30	2.086111
30	1.836403
30	1.493450
30	0.975912
30	1.093594
30	1.393303
30	1.925825
30	1.458377
30	1.675834
30	2.162551
30	3.770458
30	1.256904
30	2.198468
40	5.020982
40	4.667855
40	4.052991
40	4.472242
40	4.293748
40	4.386945
40	4.171834
40	1.414974
40	4.953476
40	3.921143
40	6.738226
40	3.246796
40	4.417722
40	4.612173
40	3.870710
40	4.871719
40	4.917396
40	5.522062
40	3.815736
40	4.838912
40	3.867730
40	5.949698
40	4.023534
40	4.416145
40	5.332077
40	4.593817
40	3.606062
40	4.774068
40	5.462346
40	5.012944
40	3.475034
40	3.761245
40	4.700829
40	4.220172
40	5.476061
40	4.935439
40	4.714026
40	4.399511
40	4.076799
40	4.128351
40	2.483702
40	4.369174
40	4.458043
40	4.544051
40	3.719864
40	3.818333
40	4.636111
40	4.233799
40	4.982003
40	4.029551
40	4.256857
40	4.538782
40	4.715875
40	3.440693
40	3.561547
40	5.432191
40	4.871583
40	3.722414
40	6.557259
40	4.357546
40	4.522131
40	3.893078
40	3.485219
40	2.923203
40	4.865403
40	6.479049
40	4.715843
40	4.297645
40	4.711238
40	4.525873
40	4.574748
40	4.828774
40	4.919951
40	4.140618
40	4.290585
40	4.014348
40	6.476104
40	4.730492
40	4.827206
40	4.204931
40	4.011248
40	5.671915
40	4.089026
40	4.566416
40	5.618300
40	3.606178
40	3.855007
40	4.458323
40	3.999183
40	4.651947
40	4.513807
40	4.695006
40	5.111364
40	10.000000
40	4.505469
40	4.638947
40	5.057292
40	4.410301
40	3.460264
40	2.541524
40	3.615817
40	4.641101
40	4.070266
40	3.708745
40	5.051812
40	4.804085
40	3.175930
40	4.667306
40	4.501105
40	10.000000
40	5.356308
40	5.321837
40	4.908121
40	3.712039
40	4.796059
40	3.316148
40	4.212123
40	4.750590
40	2.803047
40	4.509939
40	4.585934
40	4.723210
40	3.949418
40	6.350473
40	4.835885
40	4.895325
40	5.310826
40	3.538038
40	6.041351
40	4.519839
40	4.939661
40	5.053620
40	5.125692
40	6.557423
40	6.130863
40	4.710496
40	5.191940
40	3.887792
40	4.532709
40	3.924353
40	4.931248
40	4.218811
40	4.026860
40	4.952890
40	3.999656
40	3.891418
40	4.278665
40	4.309770
40	4.634494
40	5.841573
40	4.236012
40	5.386330
40	5.913923
40	5.363828
40	4.604583
40	5.041950
40	4.375634
40	4.140919
40	4.545943
40	4.220481
40	4.682541
40	6.187900
40	5.166094
40	5.740505
40	6.069556
40	4.290494
40	3.612585
40	4.263284
40	5.423673
40	5.651814
40	4.709958
40	4.411044
40	3.731232
40	4.675402
40	3.864344
40	2.525859
40	4.453284
40	5.014227
40	3.835827
40	4.442095
40	4.320969
40	4.611792
40	4.402014
40	4.463310
40	5.259931
40	4.568967
40	3.860877
40	5.650034
40	10.000000
40	2.957469
40	4.848987
40	5.617076
40	5.024084
40	3.876882
40	4.741299
40	5.190846
40	5.015394
40	4.458810
40	4.898078
40	4.163925
50	4.100912
50	6.249739
50	4.952961
50	4.655720
50	4.745247
50	6.037003
50	4.657714
50	4.688484
50	5.198675
50	4.865604
50	4.783146
50	4.558838
50	5.183765
50	5.610232
50	4.787925
50	4.994309
50	4.972356
50	4.755166
50	10.000000
50	3.235738
50	4.884835
50	4.621641
50	5.145061
50	5.004843
50	5.071312
50	4.677161
50	4.128230
50	5.067651
50	7.685030
50	4.188666
50	5.447315
50	5.998893
50	4.752730
50	5.651666
50	4.890045
50	4.784782
50	4.855058
50	5.807068
50	4.594889
50	5.447098
50	4.880429
50	4.628345
50	4.625158
50	5.243327
50	4.499909
50	4.539633
50	4.608032
50	4.450111
50	5.289967
50	5.030903
50	5.006081
50	4.424153
50	4.663408
50	6.262435
50	5.780340
50	5.009910
50	4.830505
50	3.817578
50	3.517712
50	4.382106
50	4.758872
50	5.397392
50	5.954957
50	5.027026
50	5.242711
50	5.674251
50	2.759404
50	5.718355
50	5.298795
50	5.051315
50	5.260611
50	5.395041
50	4.517568
50	4.323680
50	6.432205
50	4.836705
50	4.620630
50	4.651673
50	4.828538
50	4.311052
50	4.914243
50	4.955970
50	5.066199
50	4.929788
50	4.804121
50	4.896180
50	5.242629
50	5.796528
50	5.825680
50	3.731893
50	4.951880
50	4.789987
50	4.987794
50	4.318256
50	4.976341
50	5.006134
50	5.019571
50	5.065146
50	4.397497
50	4.921853
50	5.347840
50	5.342496
50	4.950292
50	4.393932
50	4.821749
50	5.389175
50	4.947500
50	4.159734
50	5.519268
50	5.277846
50	4.949208
50	4.145731
50	5.878090
50	6.029156
50	4.801298
50	4.702940
50	6.457686
50	4.674909
50	5.007135
50	4.646419
50	4.362633
50	4.715812
50	5.043344
50	4.916459
50	4.681649
50	5.048090
50	4.918142
50	5.280648
50	3.814561
50	5.387807
50	6.063102
50	4.090676
50	5.990180
50	3.964890
50	5.280986
50	6.370750
50	3.790279
50	6.847566
50	3.750976
50	5.366577
50	5.701928
50	4.607346
50	4.672531
50	5.172708
50	5.917430
50	4.324929
50	5.132693
50	2.679448
50	5.603265
50	3.571992
50	4.511704
50	5.456175
50	5.036220
50	5.097406
50	5.075162
50	5.552809
50	6.079383
50	4.370217
50	4.841797
50	4.629864
50	5.139623
50	5.574622
50	4.799334
50	4.522768
50	4.681428
50	4.896921
50	4.806410
50	5.448823
50	5.237521
50	5.291369
50	4.707562
50	4.861890
50	6.471485
50	5.428077
50	4.421348
50	4.896810
50	4.739167
50	4.844662
50	4.685590
50	4.755287
50	4.334733
50	5.479446
50	4.638118
50	5.000974
50	5.062067
50	5.847611
50	4.950669
50	5.279482
50	4.639008
50	4.809919
50	4.691907
50	6.487289
50	4.236584
50	5.131665
50	4.955893
50	5.483004
50	5.496217
50	4.428243
50	4.563703
50	5.387579
60	2.264092
60	2.156624
60	1.894153
60	2.300194
60	1.462543
60	1.376202
60	1.777179
60	1.303422
60	1.674054
60	2.157193
60	10.000000
60	1.726769
60	2.236165
60	1.999467
60	1.501966
60	1.595814
60	1.864281
60	2.082931
60	1.980572
60	1.796549
60	2.024288
60	1.937440
60	2.621546
60	2.373705
60	2.108451
60	1.171213
60	1.763581
60	1.337727
60	1.585127
60	2.587824
60	1.775599
60	2.396520
60	1.577087
60	1.552549
60	1.597486
60	1.727821
60	1.959119
60	2.122253
60	1.895494
60	1.797247
60	1.669078
60	1.405682
60	2.174780
60	1.367260
60	1.649855
60	1.972803
60	2.232595
60	1.386386
60	2.162007
60	1.662873
60	1.929025
60	1.905842
60	1.181053
60	1.431289
60	1.547631
60	15.516289
60	1.692175
60	2.049723
60	1.337620
60	1.803238
60	1.703892
60	2.733733
60	2.050378
60	1.598983
60	2.284111
60	1.140905
60	1.514848
60	2.286654
60	1.539403
60	1.347572
60	1.867906
60	2.395646
60	2.405874
60	2.258803
60	1.780473
60	1.400797
60	1.254251
60	2.271014
60	1.505977
60	2.154993
60	1.656444
60	2.857324
60	1.255220
60	1.138090
60	1.918332
60	1.240196
60	0.506167
60	2.122805
60	1.856034
60	1.912277
60	2.837124
60	1.534008
60	1.855249
60	2.410319
60	2.561833
60	2.013824
60	7.440235
60	1.995858
60	1.156593
60	2.110416
60	1.903314
60	2.666809
60	1.557375
60	2.007824
60	1.995975
60	1.826514
60	2.553913
60	1.703170
60	1.923703
60	2.098916
60	1.871249
60	2.258277
60	2.198650
60	2.014161
60	1.468322
60	2.084700
60	1.967799
60	1.452393
60	1.921933
60	1.888317
60	1.553472
60	1.373289
60	1.768389
60	2.436750
60	2.399510
60	1.239632
60	10.000000
60	1.885565
60	2.176293
60	3.425408
60	1.738386
60	1.620038
60	1.866991
60	1.954543
60	1.618465
60	1.796102
60	2.505252
60	2.083155
60	1.266340
60	1.448331
60	2.059384
60	1.984040
60	1.121317
60	1.325108
60	1.754531
60	1.897230
60	1.143241
60	2.109959
60	3.017761
60	2.003327
60	1.816870
60	2.416766
60	1.307620
60	1.903682
60	2.368435
60	3.054992
60	1.878532
60	1.807987
60	1.828361
60	2.219923
60	1.427644
60	23.026502
60	1.853873
60	1.382144
60	1.189964
60	2.366232
60	1.883935
60	1.540147
60	1.830665
60	1.888793
60	1.842170
60	2.612317
60	1.997682
60	2.576621
60	1.875155
60	1.438213
60	1.916278
60	2.136565
60	1.553815
60	2.438255
60	1.996960
60	1.521825
60	2.229824
60	2.005250
60	2.257434
60	1.526977
60	1.932208
60	1.210853
60	1.425426
60	1.503015
60	1.719173
60	1.596425
60	1.524833
60	2.197646
60	1.652814
60	0.771698
60	2.705769
60	2.734943
60	2.400089
60	1.843340
70	2.858619
70	2.819807
70	2.584791
70	2.448103
70	2.488820
70	6.397773
70	2.700742
70	2.647040
70	2.680913
70	2.653816
70	11.445238
70	2.659633
70	3.219314
70	3.228377
70	2.617345
70	2.631050
70	2.877904
70	1.424985
70	2.669459
70	2.289901
70	2.294994
70	2.343876
70	2.657415
70	2.539628
70	2.463897
70	2.552905
70	2.770856
70	2.300522
70	2.348259
70	2.593552
70	10.000000
70	2.517495
70	2.719854
70	2.670657
70	2.768747
70	10.000000
70	2.697039
70	2.712186
70	2.642351
70	2.698346
70	2.388349
70	2.093251
70	2.871595
70	17.474876
70	2.516110
70	2.558030
70	3.037569
70	3.230802
70	3.123144
70	2.679445
70	2.643191
70	2.297458
70	3.617349
70	2.740773
70	3.116993
70	2.880031
70	2.529203
70	3.084413
70	2.817840
70	2.647556
70	2.753804
70	2.645012
70	2.828276
70	2.744896
70	2.762856
70	1.907718
70	2.313687
70	2.138501
70	3.175729
70	2.811353
70	2.574339
70	4.323914
70	1.376436
70	2.953374
70	2.556187
70	2.752300
70	1.664610
70	2.497473
70	2.568709
70	2.608346
70	2.718408
70	2.463574
70	2.749825
70	2.699245
70	2.729695
70	2.666424
70	3.272675
70	3.740079
70	2.565106
70	4.210190
70	2.616474
70	2.956236
70	2.687179
70	2.180484
70	2.956648
70	3.314988
70	2.148664
70	2.573261
70	2.746678
70	2.628030
70	2.861332
70	3.327798
70	2.507703
70	2.334738
70	3.155570
70	3.089343
70	2.923971
70	3.703224
70	2.800730
70	2.588839
70	2.560922
70	2.596412
70	2.914519
70	3.220449
70	3.010958
70	3.250396
70	2.023842
70	2.926184
70	2.171029
70	2.549268
70	1.446127
70	2.853722
70	2.505324
70	2.750605
70	2.563005
70	2.522264
70	3.543575
70	2.891871
70	5.850029
70	2.464259
70	2.774295
70	2.519440
70	2.631753
70	3.069332
70	2.848145
70	2.373302
70	3.076335
70	2.955622
70	3.173241
70	2.806483
70	2.388957
70	2.676202
70	2.837702
70	2.740015
70	3.072316
70	2.805433
70	2.518416
70	3.377489
70	2.351402
70	10.000000
70	2.529629
70	2.255253
70	2.886413
70	2.495146
70	2.829485
70	2.846807
70	2.488504
70	2.780651
70	2.978808
70	2.773568
70	2.733291
70	3.082660
70	2.111362
70	2.681025
70	2.581214
70	2.666121
70	10.000000
70	2.495273
70	2.358030
70	2.445872
70	2.790256
70	2.605164
70	2.668370
70	2.763516
70	2.462913
70	2.616570
70	2.618017
70	2.630651
70	2.976738
70	2.219562
70	2.270558
70	2.531232
70	2.784192
70	2.531174
70	3.498945
70	2.440694
70	2.993303
70	2.534711
70	2.670019
70	2.960685
70	3.347397
70	2.449091
70	2.934147
70	2.267439
70	3.265743
70	2.602813
70	2.700104
70	3.055868
70	2.660412
70	2.082995
80	3.036103
80	8.838934
80	2.678066
80	2.583592
80	2.830554
80	3.024711
80	2.996363
80	2.779943
80	2.977483
80	3.295559
80	1.906803
80	4.289129
80	2.891140
80	2.742183
80	2.473871
80	2.653544
80	1.535501
80	2.487946
80	2.782342
80	2.787593
80	2.874278
80	2.894805
80	2.576917
80	2.503817
80	2.638691
80	2.687304
80	2.754929
80	2.785129
80	3.017059
80	3.280583
80	2.591564
80	2.697500
80	3.359345
80	3.087346
80	2.961612
80	2.982648
80	3.210884
80	2.777169
80	3.041055
80	2.734569
80	2.558359
80	2.771150
80	3.044599
80	2.523950
80	10.981113
80	2.924975
80	2.840770
80	2.648113
80	2.710257
80	3.123041
80	23.951949
80	3.562472
80	2.457461
80	3.295579
80	2.565109
80	3.531062
80	2.614929
80	2.821351
80	2.082566
80	3.007748
80	3.087324
80	3.312165
80	2.605915
80	2.720683
80	2.757572
80	3.263520
80	2.853595
80	2.606121
80	2.901344
80	2.722129
80	2.703691
80	3.097318
80	3.097297
80	2.693905
80	2.584471
80	2.447871
80	9.878962
80	3.032385
80	2.854163
80	3.136675
80	2.736236
80	3.057227
80	3.088544
80	3.469275
80	2.843201
80	2.926190
80	3.224184
80	2.552432
80	2.142333
80	2.910339
80	2.558248
80	2.628824
80	2.843304
80	2.714820
80	2.842542
80	2.732174
80	2.524838
80	2.720682
80	3.565479
80	3.283302
80	2.785618
80	2.764856
80	2.734432
80	10.000000
80	2.078669
80	2.477731
80	3.258602
80	2.567913
80	2.682833
80	5.698784
80	2.694957
80	2.614016
80	2.965569
80	2.529218
80	2.750955
80	2.767426
80	3.374675
80	2.664875
80	3.237407
80	2.773905
80	2.366742
80	2.847506
80	3.088732
80	3.802262
80	2.763460
80	2.485009
80	2.577987
80	2.447741
80	2.934362
80	3.078538
80	3.183212
80	3.395211
80	2.247842
80	3.768964
80	2.430798
80	2.968522
80	3.718413
80	2.503846
80	2.585581
80	2.974207
80	2.965794
80	2.871503
80	3.364217
80	3.243111
80	3.026566
80	2.783331
80	3.093086
80	4.096825
80	8.553281
80	2.954719
80	10.000000
80	2.871896
80	2.670120
80	3.289152
80	2.668156
80	2.753277
80	2.662380
80	3.048181
80	2.743693
80	2.674945
80	3.018062
80	2.476785
80	2.775971
80	3.303453
80	2.263371
80	2.491259
80	3.214405
80	3.271515
80	3.013730
80	2.603462
80	3.026057
80	2.623099
80	2.635899
80	2.707017
80	2.714596
80	2.453867
80	2.610691
80	2.775269
80	2.919049
80	2.631733
80	3.490473
80	2.646587
80	2.826819
80	2.687306
80	2.491846
80	2.679143
80	10.000000
80	2.619426
80	2.717151
80	2.809741
80	3.246295
80	10.000000
80	2.764230
80	2.897458
80	2.575639
80	2.847178
80	3.101869
80	2.449142
80	2.563465
80	3.854912
90	3.238644
90	3.075043
90	2.776611
90	2.625018
90	2.430248
90	3.126406
90	2.605553
90	3.049564
90	2.763551
90	2.748265
90	3.367375
90	2.659076
90	3.216124
90	2.704497
90	2.623548
90	2.741698
90	2.776957
90	3.486918
90	3.611995
90	2.691697
90	2.741820
90	3.136127
90	3.631323
90	2.582792
90	2.777402
90	2.719138
90	2.728352
90	3.041849
90	3.193798
90	2.619817
90	2.734774
90	2.935343
90	3.074358
90	2.748731
90	2.761188
90	2.415535
90	2.366404
90	2.601141
90	2.685491
90	2.906595
90	2.822672
90	2.788678
90	3.033577
90	2.649668
90	2.817090
90	3.784720
90	3.490531
90	2.830869
90	2.470446
90	3.000331
90	3.032402
90	3.025549
90	2.651679
90	2.124608
90	3.487109
90	2.662460
90	2.811206
90	2.670005
90	2.668606
90	3.148361
90	2.869204
90	3.113166
90	2.640212
90	2.967279
90	2.707942
90	3.027224
90	2.898002
90	2.714701
90	2.766808
90	2.881303
90	3.833631
90	3.140159
90	2.975098
90	2.476349
90	3.087942
90	3.070410
90	3.098802
90	3.461993
90	2.729471
90	2.643065
90	2.662851
90	3.986632
90	2.837543
90	2.674054
90	2.711319
90	2.681485
90	2.774300
90	2.854054
90	3.857862
90	2.827827
90	1.162827
90	2.737650
90	2.658812
90	2.678679
90	2.923711
90	4.266114
90	2.023355
90	3.612709
90	2.695400
90	2.792153
90	2.585811
90	3.236144
90	2.904378
90	2.857065
90	2.908534
90	2.454478
90	3.732516
90	2.144318
90	2.631012
90	2.681438
90	2.697600
90	3.191123
90	3.056453
90	3.075546
90	2.957109
90	2.756278
90	2.589395
90	3.563292
90	2.904301
90	3.229881
90	2.802050
90	2.652433
90	3.200547
90	2.900550
90	2.657393
90	3.064754
90	2.926348
90	2.810511
90	4.734783
90	2.574606
90	3.355403
90	3.277240
90	4.387153
90	3.058663
90	2.803948
90	2.880549
90	2.911617
90	2.600704
90	2.908973
90	2.749957
90	3.386690
90	3.743504
90	8.206267
90	3.251379
90	2.757373
90	2.775655
90	3.445596
90	2.959402
90	2.508188
90	3.260011
90	3.428866
90	3.197405
90	2.929095
90	2.647940
90	2.866606
90	1.936740
90	2.584355
90	3.474926
90	3.165808
90	2.887934
90	2.970608
90	2.605620
90	2.580085
90	2.627657
90	2.824770
90	2.529638
90	2.388878
90	3.563410
90	2.910555
90	3.324797
90	2.665834
90	3.704783
90	3.845239
90	2.827613
90	2.816171
90	2.789604
90	2.691149
90	3.805642
90	2.856342
90	3.694393
90	2.979912
90	2.804573
90	2.850647
90	2.939614
90	2.491234
90	2.877850
90	2.834592
90	2.998119
90	2.706416
90	3.070347
90	2.741788
90	2.945504
90	2.794247
90	2.599148
90	2.792306
90	2.789194
90	2.646978
90	3.076743
90	2.739030
90	2.715495
100	2.568998
100	2.162996
100	2.686290
100	2.102301
100	2.563957
100	2.851711
100	2.948069
100	2.730984
100	3.246727
100	2.723165
100	3.540236
100	2.957903
100	3.255963
100	10.000000
100	2.801922
100	5.749668
100	3.039990
100	2.951973
100	2.935121
100	3.915752
100	2.940327
100	2.636106
100	3.652910
100	2.762086
100	2.764459
100	2.635102
100	2.671191
100	2.837952
100	3.012930
100	2.812754
100	2.700116
100	2.641890
100	2.918183
100	2.815296
100	2.524762
100	2.680124
100	2.483319
100	3.008834
100	3.254747
100	3.159060
100	2.705174
100	2.667448
100	2.743864
100	2.922484
100	2.739053
100	2.606868
100	10.000000
100	2.828797
100	3.807530
100	2.986253
100	2.453991
100	3.693884
100	2.884726
100	2.746084
100	2.944178
100	2.655034
100	2.722336
100	2.981024
100	3.132483
100	2.785336
100	3.713446
100	2.578995
100	2.614962
100	2.683347
100	2.700471
100	2.825532
100	2.878180
100	12.455097
100	2.540002
100	3.353733
100	2.808415
100	2.371027
100	2.941509
100	3.041741
100	3.519407
100	2.985592
100	2.893822
100	10.000000
100	2.860537
100	2.982243
100	2.791251
100	2.587587
100	3.027005
100	2.769107
100	2.916711
100	2.782346
100	2.782775
100	1.340630
100	2.625125
100	2.815522
100	2.840245
100	3.014152
100	3.170557
100	2.598979
100	2.752311
100	2.661305
100	2.729100
100	3.036793
100	2.817277
100	2.984253
100	2.687831
100	13.090438
100	4.053649
100	3.067887
100	3.422767
100	2.647982
100	2.787540
100	2.690334
100	2.804587
100	2.635557
100	2.703491
100	3.061888
100	2.660650
100	2.736364
100	3.070733
100	2.810425
100	3.070388
100	2.945924
100	3.637763
100	2.072693
100	2.653087
100	2.714005
100	2.318773
100	2.566817
100	2.542576
100	2.720838
100	2.772686
100	2.876624
100	2.248398
100	2.634250
100	2.774818
100	3.348221
100	2.800422
100	2.451051
100	2.670065
100	2.787984
100	2.508754
100	2.696893
100	2.759381
100	2.675737
100	2.841383
100	2.970850
100	3.124923
100	2.634188
100	2.679823
100	2.684038
100	10.000000
100	10.000000
100	2.545845
100	2.821417
100	2.544132
100	2.793707
100	3.006930
100	2.929737
100	2.925687
100	4.429218
100	3.084511
100	2.130077
100	3.430377
100	2.904088
100	2.768365
100	2.695621
100	3.072244
100	2.959984
100	3.445965
100	3.773675
100	2.510127
100	3.482337
100	3.147912
100	2.546616
100	2.599507
100	3.106387
100	2.722311
100	3.682602
100	3.716784
100	3.240394
100	2.991144
100	10.000000
100	2.908422
100	2.772928
100	2.654684
100	2.696968
100	2.764829
100	3.340753
100	2.748681
100	2.620561
100	2.829677
100	3.061886
100	1.943552
100	2.715448
100	3.063985
100	3.113491
100	2.506488
100	2.765702
100	2.774843
100	2.855713
100	3.518302
100	10.000000
100	2.770430
100	2.609659
110	2.897174
110	2.684126
110	2.649549
110	2.747483
110	2.774447
110	3.226249
110	3.275602
110	3.074789
110	3.177403
110	2.631119
110	3.332800
110	3.914308
110	2.887938
110	2.778752
110	2.670496
110	2.872708
110	2.853201
110	2.767150
110	2.620879
110	3.177019
110	2.761708
110	4.002196
110	2.980945
110	3.125310
110	2.614377
110	2.950053
110	2.904697
110	2.870106
110	3.044954
110	1.989385
110	3.274002
110	2.140185
110	2.742296
110	3.808055
110	2.471868
110	2.678499
110	2.778438
110	2.707654
110	2.472859
110	4.181824
110	2.483298
110	2.727283
110	2.643116
110	2.837413
110	3.006316
110	2.702623
110	2.928573
110	2.584887
110	4.318865
110	2.611483
110	2.953531
110	2.697304
110	2.859053
110	2.663314
110	2.987076
110	2.626834
110	2.773022
110	2.822642
110	2.755538
110	2.992011
110	3.643222
110	2.782539
110	3.424184
110	3.439048
110	2.655587
110	2.832351
110	2.711063
110	3.010825
110	2.332257
110	2.475309
110	3.157889
110	2.275987
110	3.970362
110	3.092261
110	2.832245
110	2.969959
110	2.192635
110	2.678402
110	3.068444
110	2.693480
110	3.434395
110	3.027673
110	2.596922
110	2.415036
110	3.003916
110	3.171265
110	2.861292
110	2.870218
110	2.571084
110	2.621968
110	2.970761
110	2.712073
110	2.690744
110	3.073483
110	3.380100
110	2.738802
110	2.820284
110	2.808577
110	2.885778
110	3.089693
110	2.820570
110	2.867302
110	2.751120
110	2.449799
110	3.127169
110	2.800914
110	2.712925
110	3.425227
110	2.499597
110	2.836167
110	2.912565
110	3.035317
110	2.713689
110	2.495306
110	3.020384
110	2.511444
110	2.539247
110	2.605725
110	2.059932
110	3.511089
110	3.277061
110	2.760516
110	2.752081
110	2.697560
110	2.678165
110	3.131548
110	2.715191
110	2.613016
110	2.716120
110	2.679329
110	2.727779
110	3.532326
110	3.057702
110	3.095168
110	3.218996
110	3.390103
110	2.861887
110	2.930952
110	2.893592
110	2.909852
110	2.725365
110	2.662127
110	2.752685
110	2.179843
110	2.798429
110	2.717047
110	3.180981
110	2.660239
110	4.123508
110	2.828952
110	2.977947
110	2.905282
110	2.648134
110	2.825907
110	2.951863
110	2.799477
110	2.709020
110	2.460115
110	2.984993
110	2.439402
110	3.632681
110	2.681648
110	3.015789
110	2.832530
110	3.079434
110	2.669605
110	2.788012
110	2.680969
110	3.231017
110	2.866555
110	2.562147
110	2.828844
110	2.708683
110	3.222907
110	2.623504
110	3.338129
110	3.237556
110	2.635998
110	2.586015
110	2.615708
110	3.009897
110	3.803625
110	2.480332
110	2.635055
110	2.960470
110	3.099390
110	2.602040
110	2.913762
110	2.671992
110	2.772970
110	2.563813
110	2.666754
110	3.200213
110	2.911997
110	2.631231
110	2.932244
110	2.690222
110	2.395518
110	2.992715
110	3.191477
120	1.862349
120	1.801599
120	1.882739
120	1.727732
120	1.883193
120	1.651450
120	1.885568
120	1.777589
120	1.848401
120	1.909240
120	1.773762
120	1.763292
120	10.000000
120	1.968028
120	2.059803
120	10.000000
120	1.831973
120	1.695860
120	1.744798
120	1.887827
120	10.000000
120	1.524702
120	1.767817
120	10.000000
120	1.831073
120	10.000000
120	1.901168
120	1.844802
120	0.938581
120	1.515958
120	1.938214
120	1.788812
120	1.784813
120	2.017746
120	10.000000
120	1.771125
120	1.789951
120	1.821333
120	1.753513
120	1.222970
120	1.990000
120	1.772498
120	1.844272
120	2.314918
120	1.673932
120	1.871804
120	10.000000
120	1.786447
120	2.191827
120	1.748436
120	1.248608
120	1.666430
120	1.983056
120	10.000000
120	1.745351
120	1.812494
120	1.872859
120	10.000000
120	1.769259
120	1.884576
120	1.885145
120	1.798350
120	2.774618
120	1.773910
120	1.555111
120	2.140171
120	1.882731
120	1.800063
120	1.889911
120	1.666475
120	1.995078
120	1.561148
120	1.802623
120	1.933817
120	1.515575
120	1.762870
120	1.827869
120	1.872821
120	1.846576
120	1.585279
120	1.949573
120	1.756240
120	1.776482
120	1.837811
120	1.730817
120	1.948343
120	1.912746
120	3.802675
120	1.785412
120	1.785326
120	1.856455
120	0.735014
120	2.280416
120	2.053280
120	1.683363
120	1.911807
120	1.832858
120	10.000000
120	1.637220
120	2.093592
120	2.295652
120	1.714521
120	1.897746
120	2.011023
120	2.132148
120	1.468895
120	1.632538
120	1.842382
120	1.788052
120	1.791130
120	1.849275
120	1.752945
120	1.631161
120	1.811982
120	1.934628
120	1.714809
120	1.778744
120	10.000000
120	1.853449
120	1.731117
120	2.522204
120	1.733194
120	1.815082
120	2.120429
120	1.838550
120	1.906870
120	1.766812
120	2.250136
120	2.424244
120	1.840782
120	1.140609
120	1.728387
120	1.707770
120	1.885405
120	2.417332
120	1.756934
120	1.878344
120	1.809299
120	1.752405
120	10.000000
120	2.038220
120	1.833823
120	1.531398
120	10.000000
120	1.736601
120	1.875856
120	1.822461
120	2.121665
120	1.870071
120	2.312892
120	1.785115
120	1.904520
120	1.502490
120	1.590651
120	2.653459
120	10.000000
120	9.088254
120	1.856343
120	10.000000
120	1.571497
120	2.012469
120	1.678220
120	1.754595
120	1.923366
120	1.815172
120	1.631025
120	10.000000
120	8.083509
120	1.821087
120	1.822709
120	2.255804
120	10.000000
120	2.471590
120	2.399010
120	1.918570
120	1.789452
120	1.901807
120	1.798855
120	1.821313
120	1.750485
120	10.000000
120	1.909092
120	1.806386
120	1.825780
120	1.183814
120	1.829285
120	1.784613
120	1.807861
120	2.772244
120	10.000000
120	1.688848
120	1.818553
120	1.710039
120	3.578796
120	1.852891
120	1.795473
120	1.779373
120	2.344069
120	2.100327
120	1.813949
130	1.891712
130	10.000000
130	10.000000
130	1.697605
130	1.721908
130	1.908047
130	10.000000
130	1.815190
130	1.915101
130	1.809727
130	1.807986
130	1.817087
130	1.733236
130	2.469031
130	2.096297
130	1.663596
130	1.845155
130	1.892722
130	1.941499
130	1.824419
130	1.803975
130	1.809756
130	10.000000
130	1.939027
130	1.842957
130	1.455245
130	10.000000
130	1.758442
130	10.000000
130	2.026226
130	1.775086
130	1.785985
130	1.899986
130	1.791800
130	1.905547
130	1.827548
130	1.773855
130	1.769309
130	10.000000
130	1.810360
130	1.873885
130	2.035005
130	1.828211
130	1.805359
130	2.065554
130	1.810397
130	1.886730
130	1.667353
130	1.615965
130	1.969293
130	10.000000
130	1.743575
130	1.273290
130	1.701115
130	3.650734
130	1.810993
130	10.000000
130	1.925839
130	1.792021
130	10.000000
130	1.995316
130	10.000000
130	1.372216
130	10.000000
130	2.034510
130	2.072985
130	1.486343
130	1.860534
130	1.745259
130	1.807479
130	2.146011
130	10.000000
130	1.747955
130	1.800156
130	2.189670
130	1.812784
130	1.764028
130	1.808536
130	1.688705
130	1.790498
130	1.757698
130	2.520386
130	1.846906
130	1.834120
130	1.762742
130	1.852519
130	2.243415
130	1.855071
130	1.856071
130	1.717470
130	7.829118
130	1.845159
130	1.979301
130	2.268371
130	1.755217
130	1.590177
130	1.713099
130	1.795263
130	1.342638
130	1.819246
130	1.716158
130	1.790542
130	2.529905
130	1.763149
130	1.818435
130	10.000000
130	1.719203
130	2.089445
130	2.009284
130	2.681827
130	10.000000
130	1.859601
130	1.971977
130	1.628031
130	1.996211
130	1.816858
130	1.643645
130	1.803398
130	1.752625
130	10.000000
130	1.821173
130	1.813153
130	1.885719
130	1.437707
130	1.863626
130	1.825608
130	1.897173
130	1.637893
130	1.964830
130	1.585823
130	2.017410
130	1.817682
130	1.753836
130	1.875555
130	1.746259
130	1.550304
130	2.379958
130	10.000000
130	10.000000
130	1.827028
130	1.813444
130	1.960190
130	1.807578
130	1.815980
130	2.071042
130	1.609996
130	1.436722
130	2.128571
130	1.891806
130	1.833029
130	1.800916
130	1.914250
130	10.000000
130	10.000000
130	1.803220
130	1.996851
130	1.845875
130	1.781408
130	1.836957
130	2.074679
130	1.721512
130	1.771086
130	1.889043
130	2.246505
130	1.805471
130	1.566856
130	1.812453
130	2.146573
130	1.802754
130	1.833375
130	1.805063
130	1.760912
130	1.960246
130	1.758464
130	1.763271
130	1.849822
130	10.000000
130	1.856057
130	10.000000
130	1.214754
130	1.841507
130	1.925285
130	1.766372
130	1.826354
130	1.774440
130	1.840143
130	1.836127
130	1.951820
130	1.781269
130	10.000000
130	10.000000
130	1.905857
130	1.792656
130	1.974887
130	1.569200
130	1.765358
130	1.845882
130	2.254759
130	1.804718
130	1.631247
140	10.000000
140	1.793521
140	2.758116
140	1.799874
140	1.775534
140	1.876630
140	1.770615
140	1.772806
140	1.905796
140	1.802817
140	1.703780
140	2.287074
140	1.722988
140	2.053054
140	1.738739
140	1.839337
140	1.722573
140	1.781993
140	1.822771
140	10.000000
140	1.996430
140	1.598068
140	2.431795
140	1.985128
140	1.816651
140	1.740139
140	2.014987
140	1.789341
140	1.938244
140	1.763884
140	1.942839
140	3.489489
140	1.893502
140	1.837370
140	10.000000
140	1.829410
140	2.317275
140	2.032010
140	1.428639
140	1.698767
140	1.815995
140	1.897208
140	1.807653
140	1.385304
140	1.841941
140	1.857232
140	1.742880
140	1.790190
140	10.000000
140	1.768338
140	1.790134
140	1.734347
140	10.000000
140	1.869555
140	1.768253
140	10.000000
140	1.742372
140	2.070592
140	3.330386
140	2.449648
140	1.785785
140	1.758128
140	1.796449
140	1.872479
140	1.990715
140	1.810050
140	10.000000
140	1.879381
140	1.768083
140	1.853815
140	2.119517
140	1.815953
140	2.294261
140	1.996761
140	1.965227
140	1.612985
140	1.735388
140	10.000000
140	1.849753
140	1.806266
140	1.800515
140	1.488769
140	1.888542
140	1.850613
140	1.666224
140	1.892688
140	1.875432
140	1.526334
140	10.000000
140	5.353728
140	1.788024
140	1.855432
140	1.867701
140	2.030629
140	1.908497
140	1.604112
140	10.000000
140	1.797962
140	2.247388
140	1.756133
140	2.063173
140	1.796890
140	1.773114
140	0.581243
140	1.615494
140	1.616318
140	1.564785
140	10.000000
140	1.900536
140	1.460461
140	1.934911
140	1.825167
140	10.000000
140	1.789660
140	10.000000
140	1.843067
140	1.933272
140	1.699088
140	1.796868
140	1.891243
140	1.883319
140	1.669900
140	1.684599
140	1.816610
140	1.854227
140	1.800186
140	1.781180
140	10.000000
140	2.096381
140	1.828844
140	1.801001
140	1.648810
140	10.000000
140	1.957818
140	2.282236
140	1.849085
140	1.451541
140	1.570559
140	1.052581
140	1.835620
140	1.923631
140	1.678389
140	2.004802
140	1.958976
140	1.763868
140	1.523494
140	1.606937
140	1.815318
140	1.898737
140	1.820881
140	1.806215
140	1.845598
140	2.249393
140	1.836808
140	1.766580
140	1.585840
140	1.787043
140	1.692670
140	2.099401
140	1.917700
140	2.144543
140	2.268817
140	1.990179
140	1.739559
140	1.877450
140	1.776463
140	1.848851
140	1.206207
140	1.789559
140	1.795184
140	1.851809
140	1.791623
140	1.918714
140	1.814754
140	1.291489
140	2.060482
140	10.000000
140	3.183891
140	2.426140
140	2.013106
140	10.000000
140	10.000000
140	1.695572
140	1.787249
140	1.808284
140	1.777393
140	1.276326
140	10.000000
140	2.059865
140	10.000000
140	1.802461
140	1.792634
140	1.757461
140	10.000000
140	11.704361
140	1.910824
140	1.840804
140	1.740476
140	1.744742
140	1.818423
150	1.844469
150	1.747664
150	1.669114
150	1.782339
150	1.822667
150	1.867686
150	2.315074
150	2.259769
150	1.931399
150	1.824748
150	1.785595
150	1.862556
150	1.802097
150	1.696332
150	1.717880
150	1.739139
150	1.840879
150	1.849334
150	2.573613
150	1.580169
150	1.785050
150	2.018981
150	1.952319
150	1.758878
150	1.984260
150	1.851606
150	1.805511
150	2.133659
150	1.771612
150	1.800912
150	2.014210
150	10.000000
150	10.000000
150	1.924289
150	1.904746
150	1.937772
150	1.940526
150	2.165467
150	1.894732
150	1.848446
150	1.837074
150	1.726112
150	1.757174
150	1.789183
150	1.782718
150	1.708029
150	1.772096
150	1.811993
150	1.841411
150	10.000000
150	3.416303
150	1.514973
150	1.809235
150	1.751282
150	1.939665
150	10.000000
150	1.895991
150	2.146104
150	1.919194
150	1.994617
150	1.832306
150	1.877567
150	2.064918
150	10.000000
150	10.000000
150	1.834049
150	1.850364
150	1.676637
150	1.901986
150	1.813668
150	1.889292
150	1.871615
150	1.558909
150	1.837327
150	1.792063
150	1.829884
150	1.618745
150	1.770092
150	1.910085
150	1.740945
150	2.084269
150	1.955217
150	1.858464
150	1.719370
150	1.965692
150	2.015693
150	1.760872
150	1.926605
150	1.429256
150	10.000000
150	2.321293
150	1.819641
150	1.750048
150	1.720906
150	1.961185
150	1.806474
150	10.000000
150	1.813571
150	1.789942
150	1.865861
150	1.317483
150	1.793173
150	10.000000
150	1.802694
150	1.811455
150	1.785819
150	2.182396
150	1.932504
150	1.745640
150	2.110079
150	1.796181
150	1.914483
150	2.021429
150	1.832870
150	1.820132
150	2.023628
150	1.908252
150	2.054801
150	1.966211
150	1.540512
150	2.325040
150	1.800000
150	1.872397
150	1.883882
150	1.800407
150	1.829439
150	1.721675
150	1.991923
150	2.296395
150	10.000000
150	1.811095
150	5.538316
150	10.000000
150	2.215375
150	2.079093
150	10.000000
150	1.888250
150	10.000000
150	1.731220
150	2.026885
150	1.742479
150	1.990195
150	1.725067
150	1.698521
150	2.050328
150	1.802949
150	2.128794
150	1.418807
150	1.888287
150	2.232295
150	1.861588
150	1.856011
150	2.077640
150	1.743937
150	10.000000
150	2.206290
150	1.525800
150	1.650952
150	1.812397
150	1.811823
150	1.834765
150	10.000000
150	1.733109
150	1.785423
150	1.778854
150	1.862320
150	10.000000
150	1.659683
150	10.000000
150	2.516023
150	2.283733
150	1.745660
150	1.841512
150	1.656525
150	1.917452
150	1.831418
150	1.863569
150	1.849825
150	1.686480
150	1.920973
150	2.132515
150	1.801215
150	1.866393
150	10.000000
150	1.878062
150	10.000000
150	1.846122
150	1.689353
150	1.821731
150	1.814883
150	2.310597
150	1.992589
150	10.000000
150	1.690729
150	1.772232
150	1.821083
150	1.843036
150	2.143661
150	10.000000
150	2.311303
