30	3.968257
30	1.908932
30	1.300339
30	1.572554
30	1.272107
30	1.769070
30	2.573389
30	2.228828
30	2.289151
30	4.091130
30	1.211248
30	2.650403
30	0.973800
30	1.064048
30	3.402479
30	1.926499
30	2.237651
30	3.442472
30	1.584925
30	3.411608
30	1.486954
30	3.030192
30	0.898447
30	1.417487
30	3.522215
30	1.943823
30	3.011110
30	0.664019
30	1.645322
30	2.624787
30	1.170448
30	2.158456
30	1.433689
30	1.876967
30	2.122394
30	1.044693
30	1.500885
30	1.138727
30	2.128332
30	4.112671
30	1.427818
30	1.386136
30	2.518625
30	3.628554
30	1.014408
30	1.846421
30	2.288380
30	1.175969
30	4.268161
30	3.795381
30	1.212161
30	2.653861
30	4.624942
30	2.974487
30	1.335871
30	2.495100
30	3.620042
30	2.107462
30	3.188683
30	2.967541
30	1.092567
30	2.242826
30	4.402598
30	4.695544
30	1.026934
30	1.841669
30	3.112391
30	1.198115
30	1.216587
30	1.605219
30	1.761298
30	3.484149
30	1.507633
30	2.895065
30	1.707431
30	2.632650
30	3.612504
30	4.694423
30	2.650876
30	10.000000
30	1.435314
30	2.611676
30	2.804083
30	2.932932
30	4.375762
30	2.381686
30	1.378762
30	1.373765
30	2.365332
30	1.337776
30	10.000000
30	3.938679
30	3.084653
30	3.050050
30	1.715162
30	4.655393
30	1.841450
30	1.792709
30	2.727770
30	3.199327
30	0.737401
30	3.458405
30	1.501012
30	2.045775
30	1.902014
30	2.452621
30	4.197829
30	2.776944
30	1.320134
30	1.429414
30	1.418521
30	3.342131
30	2.922890
30	0.852150
30	4.454796
30	2.634615
30	1.297630
30	2.622115
30	2.360049
30	3.846732
30	0.756598
30	1.192074
30	2.826292
30	1.419059
30	2.733620
30	1.280358
30	3.213196
30	1.136984
30	1.481552
30	2.703938
30	1.278528
30	1.016746
30	1.516165
30	1.687309
30	5.341994
30	1.427859
30	2.802161
30	1.083285
30	2.150285
30	1.093433
30	2.645555
30	3.811913
30	3.360872
30	0.945236
30	3.040960
30	2.317211
30	3.608060
30	1.340380
30	2.619610
30	1.462891
30	2.138627
30	2.340553
30	3.897075
30	2.038437
30	1.753365
30	1.338671
30	2.568474
30	2.201263
30	4.519258
30	10.000000
30	1.532175
30	3.975285
30	1.669001
30	2.724757
30	3.008946
30	2.394384
30	3.170072
30	1.173915
30	2.355041
30	3.561249
30	2.437097
30	1.122231
30	3.562183
30	1.962818
30	1.537743
30	1.625485
30	2.394706
30	1.504127
30	2.404570
30	1.511532
30	3.543455
30	3.080085
30	2.147222
30	1.233010
30	2.611677
30	3.302930
30	3.140490
30	1.922146
30	3.134900
30	1.976221
30	2.079188
30	1.697922
30	4.764335
30	2.272275
30	1.522558
30	1.780457
30	1.345619
30	3.330745
30	1.636678
30	1.744912
40	4.667824
40	4.852394
40	3.744587
40	4.663423
40	3.998841
40	3.937785
40	4.703371
40	4.359017
40	4.117025
40	4.697325
40	4.575247
40	4.055508
40	4.141927
40	4.362051
40	3.620470
40	4.179871
40	3.620258
40	4.586549
40	4.104717
40	4.426227
40	4.847734
40	3.873336
40	4.558306
40	5.234099
40	4.010563
40	5.006599
40	4.369909
40	3.201087
40	3.478232
40	3.804987
40	3.865792
40	4.862721
40	3.712556
40	3.724971
40	5.302399
40	4.186154
40	3.898152
40	3.016562
40	7.389741
40	4.749965
40	4.475844
40	5.224871
40	3.585263
40	4.325920
40	4.381989
40	4.271483
40	4.019242
40	4.328887
40	4.000359
40	3.866010
40	4.483837
40	4.948285
40	4.486650
40	5.642379
40	5.706194
40	4.368900
40	4.878246
40	10.000000
40	4.675388
40	3.868206
40	4.167779
40	4.381790
40	6.130540
40	4.623066
40	3.998968
40	4.090143
40	4.139244
40	5.483641
40	4.363555
40	4.640196
40	6.439245
40	4.040606
40	10.000000
40	4.382336
40	3.987350
40	4.483196
40	5.216005
40	4.511742
40	3.411209
40	4.618486
40	4.803696
40	3.713347
40	4.148996
40	4.899040
40	3.985073
40	4.222945
40	5.305378
40	5.711533
40	4.153960
40	4.959656
40	4.456499
40	5.000713
40	3.875321
40	4.705923
40	4.933861
40	4.257155
40	5.139902
40	4.575578
40	4.118502
40	5.298442
40	4.307367
40	5.863105
40	4.062576
40	4.309471
40	4.299299
40	4.902479
40	4.554540
40	4.417811
40	3.232158
40	3.432972
40	4.369510
40	4.111811
40	3.805976
40	2.282727
40	3.920461
40	4.015639
40	3.797742
40	4.502207
40	4.492453
40	5.688307
40	5.184315
40	5.782429
40	4.515256
40	4.401930
40	3.493825
40	4.791591
40	4.241999
40	4.472830
40	6.010222
40	6.970056
40	3.374810
40	5.393267
40	2.711459
40	4.413202
40	4.632420
40	4.509165
40	3.660194
40	4.116433
40	5.430916
40	4.460821
40	4.255417
40	5.764230
40	4.297846
40	4.066209
40	6.724199
40	4.529248
40	3.777099
40	5.357913
40	3.959355
40	5.101603
40	4.392617
40	4.455122
40	3.999352
40	4.519720
40	4.501205
40	4.859371
40	5.427397
40	3.078251
40	2.653509
40	5.259654
40	5.486186
40	4.830444
40	5.270009
40	3.932474
40	3.373589
40	4.866580
40	4.246871
40	4.513787
40	3.259731
40	4.871512
40	4.171650
40	4.394229
40	4.277312
40	4.218881
40	5.032118
40	4.455882
40	1.887218
40	4.439403
40	4.539152
40	4.046310
40	5.643131
40	4.733394
40	4.458011
40	4.909235
40	4.168579
40	5.069453
40	4.388315
40	4.380858
40	4.664260
40	4.233958
40	6.769978
40	4.269380
40	5.015110
40	4.648177
40	4.768710
40	6.888303
40	5.080311
40	4.513967
40	4.327598
40	4.249628
50	6.825321
50	5.084839
50	5.169248
50	4.980833
50	4.505129
50	6.395115
50	4.955555
50	5.130735
50	4.640428
50	4.715808
50	3.749201
50	5.095993
50	3.889884
50	4.625100
50	5.773266
50	4.654699
50	4.490844
50	5.186472
50	5.840578
50	4.589229
50	5.172843
50	5.708170
50	4.468358
50	5.542806
50	4.983390
50	5.117114
50	4.663996
50	5.010679
50	5.573013
50	5.147087
50	5.108725
50	4.687946
50	4.485427
50	3.927884
50	5.037913
50	3.387169
50	4.660404
50	5.293065
50	5.141531
50	4.335907
50	4.581342
50	4.669085
50	4.612557
50	4.399583
50	5.298227
50	4.993986
50	5.502308
50	1.951977
50	5.021549
50	4.931437
50	4.689787
50	5.221243
50	4.482376
50	4.325574
50	5.090274
50	5.582738
50	4.709968
50	4.994453
50	4.814943
50	4.355332
50	4.499003
50	5.080310
50	4.290254
50	4.657946
50	5.069622
50	5.718175
50	5.060720
50	4.572591
50	4.950866
50	4.208502
50	5.232340
50	5.935159
50	4.902713
50	4.347307
50	4.676681
50	4.845311
50	5.960605
50	4.850461
50	5.563049
50	5.272122
50	4.767431
50	5.258099
50	5.353942
50	5.221314
50	3.789955
50	4.757336
50	4.047560
50	5.025725
50	5.747461
50	5.362292
50	4.971906
50	4.199487
50	4.683003
50	4.588567
50	2.491027
50	6.038471
50	3.412033
50	4.195929
50	4.816515
50	5.037246
50	4.533448
50	4.893774
50	5.541240
50	3.106262
50	4.376804
50	10.000000
50	4.555506
50	4.540324
50	4.688665
50	4.352583
50	4.803582
50	4.650011
50	3.886468
50	5.429088
50	4.726914
50	4.571226
50	4.385020
50	5.537980
50	5.403986
50	6.251471
50	10.000000
50	6.285014
50	4.514883
50	6.391136
50	4.301764
50	2.205007
50	4.521771
50	4.792074
50	4.613811
50	4.985772
50	4.785201
50	4.809093
50	5.016265
50	4.629334
50	2.115811
50	5.915443
50	4.607404
50	4.768042
50	4.784275
50	4.881026
50	5.091163
50	3.779355
50	4.541550
50	1.965150
50	4.623254
50	5.449172
50	4.700948
50	4.457845
50	4.699944
50	4.910399
50	5.529230
50	4.663003
50	4.970053
50	5.055756
50	4.927458
50	4.456099
50	4.600378
50	5.146913
50	5.255877
50	4.770691
50	4.081787
50	4.984677
50	5.543611
50	5.130787
50	4.366454
50	5.853436
50	4.707611
50	5.726999
50	4.905399
50	5.556152
50	4.757233
50	2.842562
50	5.812923
50	4.555920
50	4.339342
50	4.819875
50	8.074002
50	5.594481
50	5.038370
50	5.867122
50	4.858516
50	10.000000
50	4.315495
50	4.799271
50	4.459726
50	5.869483
50	4.332196
50	5.468530
50	4.673329
50	4.734857
50	4.638123
50	4.578422
50	5.542418
50	4.964849
50	4.807566
50	4.209657
50	6.030475
50	4.363355
50	4.623611
50	5.002216
80	3.244059
80	2.889165
80	2.697709
80	2.544566
80	3.701112
80	3.440897
80	3.588227
80	2.437896
80	2.502849
80	2.672863
80	2.830176
80	2.575309
80	3.344875
80	2.651762
80	2.748630
80	2.583033
80	3.210539
80	2.593767
80	4.280612
80	2.953205
80	2.642981
80	2.997240
80	2.710679
80	2.915708
80	2.594651
80	2.924573
80	3.199054
80	2.881282
80	3.010869
80	3.126554
80	2.620173
80	2.686598
80	3.276075
80	2.945242
80	2.584929
80	2.908555
80	2.976608
80	3.104270
80	2.971043
80	2.608972
80	2.693014
80	3.432337
80	2.966335
80	2.699723
80	2.921490
80	2.981090
80	2.698030
80	2.467261
80	3.206293
80	2.472036
80	3.190923
80	2.667295
80	3.101676
80	3.171663
80	3.106181
80	2.703534
80	2.109646
80	2.703701
80	2.742756
80	4.221048
80	3.426376
80	11.663586
80	2.925422
80	2.717636
80	3.050202
80	2.597407
80	2.877178
80	2.503354
80	3.123513
80	2.771549
80	3.043534
80	2.920983
80	2.587561
80	2.642059
80	2.267928
80	2.318068
80	2.698747
80	2.642935
80	3.598206
80	2.411347
80	3.015690
80	3.585666
80	2.629454
80	2.728873
80	10.000000
80	2.812345
80	2.031709
80	2.663534
80	2.544457
80	2.658889
80	2.655194
80	2.734386
80	2.635154
80	3.377909
80	2.541179
80	2.740834
80	2.672770
80	2.732370
80	2.740390
80	2.404742
80	3.079348
80	2.902488
80	2.909338
80	3.514128
80	2.865191
80	3.380938
80	2.847513
80	2.748539
80	2.732175
80	2.737199
80	2.731277
80	3.352781
80	2.761171
80	2.656063
80	3.056581
80	2.957654
80	1.818855
80	2.553352
80	1.091465
80	2.730164
80	2.845768
80	2.705081
80	2.681998
80	3.001414
80	3.113667
80	10.000000
80	2.970852
80	2.650077
80	3.490653
80	3.215423
80	1.555874
80	2.477801
80	2.789706
80	10.000000
80	1.823983
80	3.084472
80	2.818087
80	2.630444
80	2.475459
80	2.803747
80	3.085990
80	2.994989
80	2.679292
80	2.502345
80	1.649286
80	1.897441
80	3.309849
80	3.499847
80	2.807562
80	2.929449
80	3.246702
80	2.955224
80	2.761773
80	3.096815
80	2.813457
80	3.030253
80	2.817931
80	2.475475
80	3.152415
80	3.025149
80	2.548232
80	3.035489
80	2.537039
80	2.630331
80	2.474714
80	2.721527
80	2.585619
80	2.973497
80	3.329124
80	2.921054
80	4.202661
80	3.729529
80	2.753398
80	2.930766
80	2.609264
80	3.629555
80	2.862463
80	2.607402
80	2.581715
80	2.775880
80	2.573515
80	2.278243
80	2.920992
80	2.784771
80	3.505645
80	2.799359
80	2.854763
80	2.855583
80	4.689704
80	2.602613
80	2.527259
80	2.762676
80	2.413163
80	2.709046
80	3.155100
80	2.343886
80	2.646414
80	2.909870
80	2.957033
80	2.016238
110	2.752689
110	2.893217
110	3.652140
110	2.752748
110	2.815291
110	3.846664
110	2.572020
110	3.093799
110	2.937215
110	2.782556
110	2.832172
110	2.821098
110	2.705078
110	3.568169
110	2.478549
110	2.600404
110	2.578073
110	2.554460
110	2.337216
110	2.686290
110	3.189264
110	2.663334
110	2.582279
110	4.480828
110	4.969493
110	2.710267
110	3.525800
110	1.754623
110	2.471754
110	3.256444
110	2.570613
110	2.856533
110	2.740173
110	2.740688
110	3.495055
110	3.181575
110	2.954029
110	2.765488
110	2.870225
110	2.716683
110	2.735013
110	2.675058
110	2.583691
110	3.403038
110	2.845113
110	2.687707
110	2.604122
110	2.623237
110	2.510017
110	3.428742
110	3.264108
110	2.581177
110	2.775934
110	2.599776
110	2.908741
110	3.368643
110	2.739767
110	3.172657
110	2.891273
110	2.553492
110	3.063891
110	2.610921
110	2.195596
110	2.707557
110	2.127588
110	3.756881
110	3.913811
110	2.920901
110	2.668342
110	2.854411
110	2.847258
110	2.653470
110	4.998269
110	2.688453
110	2.638494
110	2.752871
110	3.015929
110	2.725570
110	2.692746
110	2.651123
110	3.025349
110	3.878151
110	2.759046
110	3.186105
110	2.619277
110	2.697027
110	2.682324
110	2.860258
110	2.831930
110	2.543103
110	2.778889
110	2.789213
110	3.076113
110	3.437832
110	2.690007
110	2.639682
110	2.747197
110	2.991273
110	2.966106
110	3.605544
110	3.128083
110	2.853541
110	1.902678
110	2.889545
110	3.183595
110	2.700599
110	3.660825
110	2.675060
110	2.799949
110	3.467009
110	4.737470
110	3.348324
110	2.976655
110	2.671563
110	2.767642
110	2.757928
110	4.411226
110	2.795348
110	2.698887
110	3.238611
110	2.517620
110	2.849982
110	2.878701
110	2.545733
110	2.655433
110	2.720532
110	2.528278
110	4.225860
110	3.574134
110	2.826086
110	2.737937
110	2.525939
110	3.105064
110	3.048449
110	3.151267
110	2.642796
110	2.843199
110	3.456888
110	2.631133
110	2.522648
110	2.560844
110	2.655741
110	3.305182
110	2.386714
110	3.009038
110	3.365167
110	3.221917
110	2.337578
110	2.726538
110	2.787659
110	2.687125
110	1.846754
110	2.764141
110	2.558477
110	7.838291
110	2.536736
110	2.890727
110	3.111241
110	3.496610
110	3.106552
110	3.646806
110	2.916604
110	2.705345
110	2.890417
110	3.009992
110	2.608216
110	3.201047
110	3.049791
110	2.890845
110	2.525818
110	2.780178
110	2.730539
110	2.633963
110	2.425137
110	3.086327
110	3.012685
110	2.863601
110	3.249519
110	2.825965
110	3.153502
110	3.018956
110	2.741413
110	2.607064
110	3.317804
110	1.679314
110	2.600172
110	2.604687
110	2.688657
110	3.179235
110	7.528882
110	2.789378
110	3.041484
110	2.929023
110	2.743464
110	3.774805
110	3.238582
110	2.618941
110	2.055617
110	2.652723
110	2.808159
120	1.718601
120	1.775990
120	1.979790
120	1.923917
120	1.800202
120	1.821666
120	1.696629
120	1.853252
120	2.171390
120	10.000000
120	2.037002
120	1.815281
120	1.405033
120	1.905362
120	1.849838
120	10.000000
120	1.900603
120	1.826288
120	2.028568
120	1.503004
120	1.946656
120	1.775387
120	1.738298
120	1.859898
120	1.784975
120	1.653650
120	10.000000
120	1.790225
120	1.819926
120	2.043258
120	1.919998
120	10.000000
120	1.846092
120	1.254714
120	1.277977
120	2.116244
120	1.806799
120	1.821484
120	1.888694
120	1.855648
120	1.835111
120	2.168970
120	2.203197
120	1.809531
120	1.931584
120	1.678618
120	1.816086
120	1.794770
120	1.758484
120	1.778468
120	2.056004
120	2.153239
120	1.830069
120	1.689423
120	1.851304
120	1.883972
120	2.070886
120	1.771910
120	1.858344
120	2.395776
120	1.776444
120	1.877701
120	1.859372
120	1.561281
120	1.710784
120	2.070418
120	1.901024
120	1.759689
120	1.805313
120	1.110421
120	1.793348
120	2.026999
120	1.704449
120	1.878102
120	1.654651
120	1.809634
120	1.876241
120	1.679192
120	10.000000
120	10.000000
120	1.225913
120	1.876329
120	10.000000
120	1.761782
120	1.882367
120	1.790298
120	1.799013
120	2.369368
120	1.684047
120	1.952753
120	10.000000
120	1.927449
120	1.887934
120	1.795175
120	1.839962
120	1.790887
120	2.264606
120	2.039173
120	2.238269
120	1.868864
120	1.883378
120	1.845438
120	10.000000
120	1.837483
120	2.048720
120	2.328841
120	1.778287
120	1.802503
120	10.000000
120	1.746652
120	2.256812
120	2.201737
120	1.787161
120	1.705630
120	9.273065
120	1.776162
120	2.043053
120	1.781385
120	2.002841
120	1.787725
120	10.000000
120	1.958626
120	1.762645
120	1.825929
120	1.995465
120	1.842939
120	1.649561
120	1.832695
120	1.762468
120	10.000000
120	1.595470
120	1.778461
120	1.774660
120	1.897717
120	10.000000
120	2.045111
120	1.806565
120	1.871204
120	1.780532
120	2.033041
120	1.706614
120	1.488922
120	1.843285
120	2.671773
120	2.062709
120	1.742437
120	1.703076
120	1.817738
120	1.757294
120	1.551825
120	1.767808
120	1.777500
120	1.768069
120	1.818546
120	1.721984
120	1.663469
120	10.000000
120	1.755632
120	1.809067
120	1.828727
120	1.730036
120	1.857794
120	1.777123
120	1.752195
120	1.813354
120	1.813300
120	1.990773
120	1.874634
120	1.982443
120	1.718028
120	2.197864
120	1.820371
120	2.157304
120	1.784925
120	10.000000
120	1.931386
120	1.777918
120	1.791855
120	1.788801
120	1.695791
120	1.649834
120	1.736362
120	1.862801
120	1.899588
120	17.475063
120	10.000000
120	1.787867
120	10.000000
120	1.949360
120	1.808354
120	2.051818
120	1.804873
120	1.810443
120	10.000000
120	1.835939
120	1.733167
120	1.877065
120	10.000000
120	1.821993
120	1.749118
