10	1.712143
10	0.592346
10	0.731007
10	0.747201
10	0.631234
10	0.119824
10	0.737655
10	0.102218
10	1.159660
10	0.261743
10	0.105324
10	0.398043
10	0.434045
10	0.170577
10	1.200392
10	0.967952
10	0.322857
10	0.598665
10	0.554843
10	2.027326
10	0.120516
10	1.006358
10	0.494015
10	1.567913
10	1.821911
10	0.297183
10	0.245323
10	1.056979
10	1.400300
10	10.000000
10	0.120125
10	0.628547
10	0.141117
10	0.261891
10	0.512230
10	1.180054
10	0.924065
10	10.000000
10	0.195914
10	0.270351
10	0.978925
10	0.274950
10	0.307640
10	0.180813
10	0.672080
10	0.611519
10	1.865429
10	0.242851
10	0.474603
10	0.674431
10	0.544384
10	0.095295
10	0.876623
10	0.120200
10	0.137370
10	0.695665
10	0.564089
10	0.198518
10	1.527446
10	0.243174
10	0.257218
10	0.224704
10	0.727296
10	0.206285
10	0.783533
10	0.134778
10	0.923368
10	2.181242
10	0.508391
10	0.955484
10	0.974901
10	0.290064
10	0.324943
10	0.559623
10	0.728596
10	0.801430
10	0.131635
10	0.381342
10	0.228249
10	0.148455
10	1.594755
10	0.192785
10	0.150932
10	0.226427
10	0.225000
10	0.368588
10	0.321055
10	0.181340
10	0.472863
10	0.241111
10	1.310437
10	0.193060
10	0.203462
10	0.323353
10	0.301383
10	1.427269
10	0.091726
10	0.191353
10	0.151599
10	0.404455
10	0.433616
10	1.880670
10	0.151090
10	1.931570
10	1.508395
10	0.146930
10	1.691217
10	0.146124
10	2.079896
10	0.518495
10	1.032103
10	2.372866
10	0.174535
10	0.884957
10	0.537192
10	2.426607
10	0.087907
10	0.133807
10	0.449313
10	0.200883
10	3.708944
10	0.324274
10	0.208040
10	0.728989
10	0.260956
10	0.149928
10	0.714110
10	3.270621
10	0.189364
10	0.185019
10	0.206073
10	2.443207
10	0.138418
10	0.373266
10	10.000000
10	0.325359
10	0.156581
10	1.650182
10	0.102534
10	0.458063
10	0.261687
10	0.184406
10	0.394879
10	0.146470
10	1.480873
10	0.781273
10	0.218843
10	0.138193
10	0.435996
10	0.227255
10	0.241587
10	0.380172
10	0.167085
10	0.338070
10	0.301751
10	0.606594
10	0.484980
10	1.268545
10	0.170629
10	1.639107
10	1.753639
10	0.180156
10	0.630878
10	0.093922
10	0.435851
10	0.414611
10	0.111256
10	0.279242
10	0.415256
10	0.147813
10	0.406520
10	0.109447
10	0.147007
10	0.360269
10	0.169629
10	0.231170
10	0.608947
10	5.995759
10	0.443330
10	0.208624
10	0.193186
10	0.454141
10	0.199431
10	1.184683
10	0.500430
10	0.128414
10	2.045874
10	0.938960
10	0.243464
10	0.186139
10	0.206049
10	2.529571
10	1.074623
10	0.476141
10	2.713807
10	0.117450
10	0.163720
10	0.341896
10	0.096117
10	0.197891
20	0.538782
20	1.278791
20	0.201126
20	1.342270
20	0.496677
20	1.351307
20	2.574207
20	0.275549
20	0.950950
20	0.868199
20	1.301026
20	2.376023
20	0.362794
20	0.782980
20	0.400330
20	1.308481
20	0.733659
20	1.256240
20	0.591947
20	0.279693
20	0.375083
20	0.691501
20	2.248803
20	0.831035
20	1.167857
20	0.304223
20	0.526679
20	0.485856
20	0.174037
20	0.342590
20	0.576774
20	0.294091
20	1.308405
20	0.228126
20	0.411064
20	1.127416
20	0.551790
20	0.288251
20	0.666052
20	0.444075
20	0.437707
20	0.514900
20	0.966327
20	10.000000
20	0.873272
20	0.527272
20	0.497581
20	0.487856
20	1.282538
20	0.266777
20	0.533007
20	0.266748
20	0.336366
20	0.298193
20	1.753546
20	0.239312
20	2.056334
20	0.591265
20	0.276486
20	0.429284
20	0.209280
20	0.965749
20	0.575813
20	0.934617
20	0.673840
20	0.452226
20	10.000000
20	0.278187
20	0.897660
20	0.741564
20	0.604920
20	0.727591
20	0.295269
20	0.271369
20	1.647751
20	0.249849
20	1.202287
20	0.715246
20	1.146825
20	0.673022
20	0.516754
20	0.707262
20	0.334315
20	0.472078
20	0.150269
20	0.919762
20	0.679975
20	0.180312
20	0.811021
20	2.802759
20	0.587585
20	0.850091
20	0.317582
20	0.181516
20	2.701445
20	0.924320
20	0.540050
20	1.940325
20	0.185533
20	0.211309
20	0.316261
20	0.539510
20	0.214817
20	0.728148
20	0.666869
20	1.342551
20	0.632100
20	1.526809
20	0.160022
20	1.450655
20	1.347955
20	0.238937
20	0.203856
20	1.121407
20	0.269761
20	2.436284
20	0.182510
20	0.618233
20	1.403150
20	0.221002
20	0.567146
20	0.230490
20	0.162188
20	0.505849
20	0.626091
20	0.242443
20	0.573001
20	0.410621
20	0.217220
20	0.892196
20	0.542341
20	1.027354
20	0.141891
20	0.462815
20	10.000000
20	0.746076
20	0.282805
20	0.438217
20	0.237014
20	10.000000
20	0.239244
20	0.239160
20	0.209606
20	1.232236
20	1.026013
20	0.656237
20	1.071768
20	0.807964
20	0.520448
20	0.234466
20	10.000000
20	1.025058
20	2.222450
20	0.541329
20	0.213895
20	1.096727
20	3.115167
20	4.282275
20	0.313755
20	0.709133
20	0.855202
20	2.584738
20	0.381504
20	0.543408
20	0.393043
20	0.724853
20	0.484470
20	0.524861
20	0.552183
20	0.517434
20	0.348140
20	0.410673
20	0.647374
20	1.077380
20	0.284372
20	1.292860
20	0.908677
20	0.285046
20	2.724724
20	0.500582
20	1.737069
20	0.191104
20	0.627779
20	0.622965
20	0.373916
20	0.746628
20	0.977147
20	0.387964
20	0.812853
20	1.083344
20	0.881528
20	0.384803
20	0.319485
20	0.671161
20	1.232477
20	0.314641
20	1.043289
20	0.302513
20	0.417763
20	0.604008
30	2.682187
30	2.126420
30	2.302736
30	1.928898
30	1.897801
30	4.298012
30	3.219771
30	2.016334
30	4.001034
30	2.382316
30	1.898221
30	2.981469
30	2.656037
30	1.521694
30	4.813958
30	2.488235
30	2.140271
30	5.779802
30	1.850485
30	1.225337
30	2.811362
30	1.610172
30	1.016618
30	2.163643
30	2.719604
30	1.535715
30	1.677562
30	2.165420
30	10.000000
30	1.785484
30	2.209809
30	1.809026
30	2.719820
30	1.293604
30	2.491043
30	1.966585
30	2.333431
30	1.083157
30	3.465406
30	1.572814
30	3.297692
30	3.567647
30	2.813576
30	2.830225
30	2.295503
30	2.960918
30	1.713285
30	3.746142
30	1.494225
30	2.698930
30	1.541778
30	3.173723
30	2.574782
30	1.365860
30	2.856950
30	2.774146
30	2.477704
30	2.065349
30	3.800982
30	1.869776
30	2.682066
30	3.842766
30	1.806780
30	2.653217
30	3.248416
30	2.667621
30	1.207813
30	3.236348
30	1.779474
30	3.235214
30	2.526379
30	2.274504
30	1.984503
30	1.465483
30	2.679142
30	3.910413
30	1.446310
30	1.191697
30	1.383416
30	2.896647
30	3.066672
30	2.246747
30	1.356467
30	0.960456
30	1.080769
30	1.095724
30	1.486198
30	2.070210
30	2.470107
30	3.425101
30	2.317694
30	4.048898
30	2.894781
30	1.425396
30	2.658287
30	3.234113
30	3.355523
30	1.708872
30	2.235443
30	2.598335
30	1.938440
30	2.690425
30	1.205040
30	2.858845
30	1.221207
30	3.199887
30	3.211237
30	1.137880
30	2.159752
30	2.337864
30	1.394100
30	3.269097
30	2.719505
30	2.584706
30	1.407324
30	1.675037
30	1.907916
30	2.564555
30	1.646149
30	2.150372
30	5.146978
30	1.534067
30	2.559171
30	3.058315
30	2.034850
30	1.754438
30	2.070058
30	2.201572
30	2.559074
30	3.865640
30	2.287811
30	1.646266
30	1.630385
30	2.322178
30	1.942582
30	2.808672
30	3.330429
30	2.258891
30	1.541608
30	1.420794
30	2.588236
30	2.256640
30	2.462957
30	6.041054
30	4.441335
30	1.275803
30	1.837358
30	2.959175
30	2.773352
30	2.570318
30	3.924372
30	2.298882
30	2.595048
30	1.496454
30	1.790075
30	2.951832
30	1.359535
30	1.345346
30	3.130161
30	4.751872
30	3.060675
30	1.862740
30	3.483942
30	1.756109
30	3.557558
30	5.169934
30	1.294078
30	2.570013
30	2.718032
30	1.691993
30	3.650842
30	0.835869
30	3.491798
30	1.384035
30	1.222166
30	2.149788
30	1.316451
30	2.210112
30	1.390289
30	3.832086
30	2.760906
30	2.275925
30	3.259221
30	4.551497
30	4.350610
30	2.928287
30	2.175627
30	2.218114
30	2.155350
30	1.919775
30	4.336394
30	2.213463
30	2.533908
30	2.423608
30	2.815299
30	1.975598
30	4.297122
30	2.011971
30	2.764121
30	3.978985
40	5.540880
40	3.244111
40	5.979664
40	5.912507
40	2.986202
40	5.523314
40	3.942742
40	5.282049
40	4.715401
40	4.054956
40	4.100292
40	4.699998
40	3.305306
40	4.908169
40	3.568335
40	4.753858
40	4.919385
40	4.438390
40	5.784855
40	3.066712
40	4.477928
40	4.525262
40	5.424657
40	2.376109
40	3.809667
40	4.061450
40	4.507143
40	4.370614
40	5.170137
40	4.515529
40	4.205981
40	3.941626
40	4.529947
40	4.143274
40	4.862461
40	3.073756
40	4.731013
40	4.786520
40	4.822796
40	5.107568
40	4.226749
40	6.257262
40	5.107665
40	4.846074
40	4.628729
40	2.038248
40	5.408006
40	5.447959
40	4.661376
40	4.720758
40	5.927173
40	5.015369
40	4.582613
40	4.190305
40	6.369674
40	4.997246
40	4.483953
40	3.835300
40	2.086672
40	4.650164
40	5.208618
40	5.195242
40	5.415082
40	4.651286
40	5.493121
40	4.296959
40	3.966146
40	4.993223
40	6.151462
40	6.652907
40	4.918744
40	4.737138
40	10.000000
40	4.382232
40	5.164245
40	3.704711
40	4.948063
40	4.482418
40	4.641619
40	4.665919
40	5.249787
40	4.962541
40	4.067238
40	4.906938
40	4.785006
40	3.587969
40	4.233242
40	3.180945
40	4.535596
40	5.357133
40	3.947616
40	4.088320
40	5.140134
40	4.685690
40	4.650395
40	10.000000
40	4.908583
40	4.327840
40	4.623747
40	4.656115
40	6.275176
40	5.012820
40	4.532375
40	2.570977
40	4.390448
40	5.101670
40	4.613217
40	3.640477
40	4.319858
40	4.835699
40	4.013555
40	2.841273
40	4.115844
40	4.465644
40	4.532275
40	4.761834
40	4.709027
40	4.530681
40	5.701959
40	5.234038
40	3.593639
40	4.890234
40	5.228797
40	5.753584
40	4.515189
40	4.603780
40	5.209835
40	5.667962
40	4.705431
40	5.343864
40	5.051597
40	10.000000
40	4.464396
40	5.048588
40	5.790547
40	3.951340
40	4.931696
40	4.388768
40	4.065153
40	4.170080
40	5.336577
40	3.042775
40	4.881900
40	5.534048
40	2.334432
40	5.576836
40	4.496613
40	5.401321
40	4.891227
40	4.462441
40	3.147515
40	4.820464
40	4.340078
40	5.350528
40	5.035506
40	4.502468
40	4.929985
40	4.830870
40	4.359587
40	4.100756
40	6.464241
40	2.376656
40	4.071712
40	4.267461
40	4.509376
40	5.948702
40	6.486400
40	5.403036
40	5.819565
40	4.263142
40	4.406478
40	4.982516
40	4.420983
40	5.978926
40	4.266267
40	4.888867
40	3.438437
40	4.338046
40	6.256316
40	4.770454
40	4.122236
40	4.433285
40	4.546028
40	3.913382
40	4.974145
40	3.824353
40	6.764914
40	4.476121
40	4.230296
40	5.719667
40	5.240977
40	5.266097
40	4.422141
40	4.370550
40	5.613194
40	4.726274
40	3.908407
40	4.590902
40	3.859976
40	5.753963
50	3.978901
50	4.910669
50	5.996103
50	4.429354
50	4.826230
50	4.819533
50	4.960934
50	3.869109
50	4.849653
50	5.122302
50	4.568958
50	4.913840
50	5.005736
50	4.946840
50	4.796635
50	8.037637
50	5.451688
50	5.046092
50	4.314441
50	5.519947
50	4.846190
50	5.515087
50	5.311916
50	4.013362
50	4.917253
50	3.679638
50	3.793714
50	4.776867
50	5.137705
50	3.665226
50	8.178621
50	5.862397
50	4.424359
50	4.940490
50	5.392434
50	5.371640
50	3.757485
50	4.954748
50	4.432419
50	4.248162
50	4.650670
50	5.034844
50	4.760840
50	4.878817
50	4.533954
50	5.290808
50	5.177357
50	4.255080
50	4.739891
50	4.738914
50	4.841576
50	5.871037
50	5.393915
50	5.204910
50	5.154691
50	4.302309
50	4.953491
50	5.021969
50	5.156986
50	6.159253
50	4.580315
50	4.853717
50	4.900788
50	6.227970
50	4.880832
50	7.093161
50	4.888034
50	4.342117
50	3.922686
50	5.356506
50	4.839218
50	3.814358
50	5.260737
50	3.447847
50	4.606635
50	3.269810
50	4.791308
50	5.730906
50	5.627224
50	4.537923
50	4.783968
50	5.423535
50	5.042536
50	4.495725
50	4.877978
50	5.065456
50	4.655398
50	4.623039
50	4.708854
50	5.006294
50	4.861201
50	3.043893
50	5.517842
50	4.846588
50	5.519612
50	4.379258
50	4.892573
50	6.020274
50	3.920224
50	4.749584
50	3.903102
50	5.863914
50	4.774482
50	4.684427
50	4.370161
50	4.928305
50	4.894447
50	4.571282
50	5.519765
50	10.000000
50	4.695813
50	4.840373
50	4.318306
50	4.874842
50	3.933285
50	5.619708
50	4.990384
50	4.045418
50	6.024771
50	10.000000
50	5.469791
50	4.890349
50	4.934050
50	4.789212
50	5.202865
50	4.561515
50	3.449758
50	4.609661
50	5.281542
50	4.592871
50	4.830060
50	4.947383
50	4.907660
50	4.755873
50	3.976561
50	6.127756
50	4.812121
50	5.170940
50	4.668323
50	5.107231
50	4.774570
50	4.735370
50	4.800436
50	4.439883
50	4.715677
50	5.026186
50	4.646760
50	4.388985
50	5.014493
50	4.644130
50	4.885465
50	4.970355
50	4.635693
50	8.048931
50	3.838536
50	4.985820
50	5.101385
50	4.586712
50	4.864718
50	5.819033
50	4.737720
50	4.693091
50	5.174806
50	5.634320
50	4.362309
50	5.289740
50	4.942045
50	4.795906
50	3.017353
50	5.050353
50	4.656549
50	5.005715
50	4.204018
50	3.612306
50	4.990127
50	4.546128
50	1.521452
50	4.932541
50	4.180167
50	4.669537
50	4.943667
50	4.823193
50	5.282139
50	5.028248
50	6.059904
50	1.263339
50	5.540336
50	5.968924
50	4.827519
50	4.459897
50	4.481703
50	5.070377
50	4.705965
50	5.167837
50	10.000000
50	5.046206
50	4.707486
50	4.887834
50	4.540080
50	4.322488
60	1.158010
60	3.756244
60	1.977301
60	2.199226
60	1.917054
60	1.020319
60	1.575434
60	1.658587
60	1.675257
60	1.889012
60	2.715177
60	1.773618
60	1.810090
60	2.099807
60	1.926786
60	1.938796
60	1.243785
60	1.668650
60	2.817113
60	1.970300
60	1.848636
60	1.644331
60	1.336440
60	2.335805
60	1.855585
60	1.458593
60	1.257359
60	1.603330
60	1.652776
60	1.787224
60	1.919392
60	1.994486
60	1.889584
60	1.526801
60	1.089532
60	2.216970
60	2.271264
60	1.478355
60	3.236076
60	2.120807
60	1.607092
60	1.380372
60	1.884201
60	2.419349
60	1.798105
60	2.496837
60	2.248096
60	1.788436
60	2.083295
60	1.769340
60	1.027034
60	1.727599
60	2.138484
60	2.101081
60	2.265856
60	1.598026
60	1.848680
60	2.122298
60	3.131484
60	1.634550
60	1.117283
60	1.482013
60	2.302016
60	1.541275
60	1.798445
60	2.113446
60	2.519380
60	1.687124
60	2.071708
60	1.486574
60	1.370816
60	1.951999
60	2.181925
60	12.262982
60	1.501803
60	1.800402
60	10.000000
60	1.881408
60	2.377084
60	1.157463
60	1.776912
60	1.879729
60	1.259485
60	1.929237
60	1.847487
60	2.613626
60	1.541917
60	1.384619
60	10.000000
60	1.754515
60	1.668009
60	1.953106
60	1.744523
60	1.684871
60	1.801425
60	1.816175
60	2.112147
60	3.289333
60	1.380895
60	1.565215
60	1.841644
60	3.533281
60	1.495435
60	1.178156
60	2.163589
60	1.470858
60	1.469132
60	1.698683
60	2.277205
60	2.193161
60	1.854508
60	1.615339
60	1.756803
60	1.979300
60	1.831359
60	1.107299
60	1.894019
60	1.107481
60	1.545141
60	2.464313
60	10.000000
60	1.803492
60	1.722425
60	1.773462
60	2.532524
60	1.739264
60	2.425035
60	1.625484
60	1.599980
60	2.068683
60	2.371305
60	3.399234
60	2.265857
60	1.744900
60	1.883865
60	1.287968
60	1.787520
60	2.329195
60	2.002747
60	1.902899
60	1.934903
60	2.358238
60	1.482213
60	1.509868
60	2.551647
60	3.803479
60	1.459117
60	1.254440
60	1.803792
60	1.725023
60	1.351692
60	2.290220
60	1.558401
60	2.535268
60	2.057272
60	1.778223
60	2.780679
60	1.639432
60	1.810922
60	1.922108
60	1.505693
60	1.315284
60	1.772650
60	1.753300
60	10.000000
60	2.076689
60	1.447487
60	2.698554
60	1.814656
60	2.438261
60	1.961107
60	1.758483
60	1.821330
60	1.891572
60	1.955524
60	2.461972
60	2.946961
60	1.402894
60	1.573956
60	1.992558
60	1.652153
60	1.254512
60	2.118533
60	1.953953
60	1.638259
60	3.131677
60	2.027455
60	1.978744
60	1.661431
60	1.871758
60	2.762049
60	2.212865
60	1.716358
60	2.149591
60	2.031299
60	1.835693
60	6.944087
60	2.653598
60	2.448992
60	1.982356
70	6.075763
70	1.716901
70	10.258204
70	2.948043
70	2.474370
70	2.508856
70	2.621144
70	2.540413
70	3.006117
70	2.521098
70	2.567912
70	2.967622
70	3.015176
70	1.835629
70	2.404494
70	2.568710
70	2.813528
70	2.352579
70	2.544555
70	2.803305
70	2.312889
70	2.607714
70	2.670621
70	2.824080
70	2.577017
70	2.587153
70	5.392949
70	2.713700
70	2.869222
70	2.555041
70	2.880902
70	2.662293
70	2.655715
70	3.394648
70	2.567943
70	2.449309
70	2.578773
70	2.629223
70	2.709163
70	2.376581
70	2.405878
70	2.226286
70	2.702181
70	2.716158
70	3.976265
70	2.715280
70	9.132985
70	2.950486
70	2.715578
70	2.616570
70	2.582905
70	2.629828
70	2.590752
70	2.745717
70	2.674687
70	2.574715
70	2.831143
70	3.011325
70	2.733246
70	2.819582
70	4.100141
70	2.679676
70	2.553048
70	2.325539
70	3.488487
70	2.372388
70	2.466214
70	2.266334
70	2.723457
70	3.212199
70	2.412974
70	3.054481
70	3.394984
70	2.720364
70	2.734804
70	2.837066
70	2.895355
70	2.600085
70	2.508747
70	2.480661
70	2.702807
70	2.585405
70	2.646687
70	2.745220
70	3.519865
70	2.826163
70	2.699451
70	3.524089
70	2.702715
70	7.931728
70	2.383141
70	3.123161
70	2.824221
70	2.522910
70	2.298101
70	2.801920
70	1.328860
70	2.639098
70	3.479872
70	2.939556
70	2.201557
70	2.422577
70	4.777109
70	2.962505
70	2.106957
70	2.653655
70	2.664279
70	3.040681
70	2.643740
70	2.680066
70	2.504149
70	6.241085
70	3.580064
70	2.878731
70	2.620603
70	3.375070
70	3.027199
70	2.647806
70	2.774570
70	2.485902
70	2.633034
70	2.746670
70	2.964243
70	2.545092
70	2.617282
70	2.468673
70	2.762690
70	2.647831
70	2.644603
70	2.409421
70	2.518729
70	2.433579
70	2.777735
70	2.702395
70	2.634057
70	2.741113
70	2.627689
70	2.697495
70	2.963913
70	2.942351
70	2.908749
70	2.596891
70	2.816056
70	1.834935
70	2.822654
70	2.615496
70	2.665189
70	2.080470
70	3.019908
70	2.323647
70	3.035062
70	2.426330
70	2.529069
70	2.595755
70	2.663299
70	2.636767
70	2.557772
70	2.886245
70	3.253285
70	2.499192
70	2.666366
70	2.604606
70	9.513729
70	3.382970
70	2.329728
70	2.329993
70	2.413719
70	2.308685
70	3.295092
70	2.773249
70	3.539530
70	2.672983
70	2.513782
70	2.851618
70	1.875526
70	2.832980
70	2.581670
70	2.641507
70	2.854734
70	3.495473
70	2.789733
70	3.083652
70	2.607297
70	2.575052
70	2.636615
70	2.072702
70	2.594980
70	2.853863
70	2.343082
70	2.710318
70	2.700840
70	4.269662
70	3.328326
70	2.750695
70	2.739614
70	1.892726
70	2.945652
70	2.418073
70	2.493837
70	2.667825
80	2.568138
80	2.872602
80	2.655069
80	2.700273
80	2.695879
80	2.744472
80	2.543960
80	3.699647
80	2.681911
80	2.812411
80	2.762808
80	2.733865
80	2.760728
80	3.142278
80	2.681721
80	2.774919
80	2.740307
80	1.457188
80	2.670697
80	4.019687
80	2.629178
80	3.048057
80	2.417515
80	3.682469
80	2.563481
80	1.405428
80	2.750044
80	2.883722
80	2.462975
80	2.713380
80	6.505471
80	2.837347
80	3.103603
80	3.666746
80	2.720555
80	2.743037
80	2.678622
80	2.775000
80	2.720659
80	2.630948
80	2.643098
80	2.830876
80	2.710957
80	3.001801
80	2.686399
80	3.087313
80	3.069768
80	2.663437
80	2.706711
80	2.985977
80	2.754365
80	3.089689
80	2.512566
80	3.239081
80	2.682690
80	2.574127
80	2.656509
80	2.587648
80	1.822537
80	2.663314
80	2.492953
80	2.850152
80	2.674433
80	3.130652
80	2.436943
80	2.352097
80	2.960725
80	2.517758
80	2.650913
80	2.662040
80	2.936794
80	2.498449
80	2.972212
80	2.617191
80	1.899172
80	2.766466
80	2.732501
80	3.553132
80	2.623248
80	2.592879
80	3.468051
80	2.841639
80	2.618151
80	2.839430
80	2.660868
80	2.728972
80	2.917791
80	2.487824
80	2.680577
80	2.530729
80	2.923542
80	2.754165
80	2.896373
80	2.682521
80	2.885351
80	2.562034
80	2.694927
80	2.730862
80	3.170907
80	3.295572
80	2.719757
80	2.688260
80	2.836596
80	2.776049
80	2.732927
80	2.913347
80	2.824028
80	2.838510
80	2.546284
80	2.633861
80	2.899245
80	2.647891
80	2.395824
80	2.722207
80	2.713706
80	2.747166
80	2.639143
80	2.659826
80	3.391421
80	3.904519
80	2.894719
80	2.794594
80	2.721030
80	3.344889
80	3.114332
80	2.631304
80	2.424422
80	2.836295
80	2.652038
80	2.678762
80	2.863550
80	2.674316
80	2.752959
80	2.697631
80	3.324899
80	4.168295
80	2.601875
80	2.442113
80	2.649819
80	2.583479
80	3.704374
80	2.800316
80	2.847137
80	2.658938
80	2.570065
80	2.614215
80	2.746834
80	2.755717
80	2.761185
80	2.759464
80	2.853135
80	2.606477
80	2.619473
80	2.614958
80	2.547855
80	2.724957
80	2.697427
80	3.016779
80	2.719056
80	2.899272
80	2.456266
80	2.858867
80	2.663218
80	2.601595
80	2.251460
80	2.730812
80	2.631414
80	2.658622
80	2.714641
80	2.655509
80	2.910282
80	2.780493
80	10.000000
80	3.842333
80	2.247735
80	2.857730
80	2.729873
80	2.648091
80	2.700556
80	2.646749
80	2.819959
80	2.708856
80	2.641055
80	2.632980
80	2.783488
80	2.681318
80	2.507683
80	3.349351
80	2.691033
80	2.745120
80	2.829443
80	2.506260
80	2.900632
80	3.227662
80	2.689748
80	1.800816
80	2.731536
80	3.175427
80	3.118317
80	2.765493
90	2.659529
90	2.689084
90	2.658649
90	2.779376
90	2.761847
90	3.299313
90	2.608020
90	2.758518
90	2.709087
90	2.801765
90	2.624874
90	4.889321
90	2.678015
90	2.618305
90	2.748133
90	2.631827
90	2.763402
90	2.233964
90	2.712428
90	2.731472
90	2.957684
90	2.678489
90	3.062088
90	2.747895
90	2.651566
90	2.586022
90	2.816305
90	4.099314
90	3.971400
90	3.068151
90	2.619674
90	3.066759
90	2.722398
90	2.772630
90	2.873467
90	2.770608
90	2.634283
90	2.877752
90	2.244797
90	2.752225
90	2.740650
90	2.662366
90	2.692418
90	2.758168
90	2.528192
90	2.520245
90	2.750093
90	1.785712
90	2.952822
90	2.594275
90	2.769574
90	2.731045
90	2.859381
90	2.863489
90	2.687723
90	2.769524
90	2.808965
90	2.618899
90	3.903521
90	2.572199
90	2.410376
90	2.735697
90	3.558415
90	2.710607
90	2.867323
90	2.851668
90	2.677729
90	2.787916
90	2.756373
90	2.732591
90	2.880979
90	2.940840
90	2.695111
90	2.723825
90	2.803802
90	2.783489
90	2.735785
90	2.748903
90	2.788401
90	2.922787
90	2.655951
90	3.086763
90	2.742880
90	2.702179
90	2.755617
90	3.166304
90	2.764413
90	2.666899
90	2.689280
90	2.653642
90	3.408795
90	2.852654
90	3.680046
90	2.738697
90	2.729927
90	2.688186
90	2.616037
90	2.686762
90	2.643856
90	2.848512
90	2.644777
90	2.688999
90	2.744973
90	2.769380
90	2.677149
90	2.927898
90	2.516223
90	3.115290
90	2.643331
90	3.520920
90	2.624320
90	2.774262
90	2.483672
90	2.800271
90	2.475400
90	3.147772
90	2.868963
90	2.626887
90	2.729077
90	2.630081
90	2.842237
90	2.686220
90	3.243384
90	2.688404
90	2.640406
90	2.740563
90	2.851779
90	2.714577
90	3.043152
90	2.888370
90	10.000000
90	3.429944
90	2.953158
90	2.799328
90	2.615587
90	3.760408
90	2.445693
90	7.978213
90	2.991054
90	2.616943
90	2.862567
90	2.660486
90	2.665215
90	2.769177
90	2.790749
90	2.710560
90	2.859189
90	2.924979
90	2.681975
90	2.662546
90	10.000000
90	5.668222
90	2.504000
90	2.718884
90	2.568653
90	3.473723
90	2.748139
90	2.525660
90	2.235296
90	2.618327
90	2.664306
90	2.623874
90	2.585940
90	2.802010
90	2.977556
90	2.664936
90	2.717895
90	3.498237
90	2.597334
90	2.813698
90	2.753274
90	2.234475
90	2.792015
90	2.689448
90	2.726036
90	3.819395
90	2.733557
90	2.874435
90	3.167225
90	3.030318
90	2.601901
90	2.693167
90	3.304353
90	2.638402
90	2.718925
90	3.640585
90	3.026998
90	3.022601
90	2.825925
90	2.126354
90	2.614062
90	3.448603
90	2.776363
90	7.501360
90	2.760555
90	2.196642
90	2.913242
90	2.624772
90	2.669808
90	2.378654
100	2.694278
100	2.350185
100	2.729604
100	2.513061
100	2.678191
100	2.661546
100	2.714016
100	2.635647
100	2.975699
100	2.744323
100	2.162012
100	2.981500
100	2.909542
100	2.683667
100	2.841325
100	2.685978
100	2.628369
100	10.000000
100	2.843523
100	2.671411
100	2.794826
100	2.980483
100	2.839137
100	2.054532
100	4.069388
100	10.000000
100	2.834481
100	2.609935
100	2.692345
100	2.732788
100	2.573816
100	2.909239
100	2.616361
100	2.785100
100	2.732818
100	2.727778
100	2.947133
100	3.563989
100	2.494516
100	1.777718
100	2.736182
100	2.633456
100	3.047237
100	3.300441
100	2.174737
100	2.937403
100	2.576307
100	3.301023
100	2.662222
100	2.550245
100	2.637383
100	3.291397
100	2.661671
100	2.532471
100	2.054156
100	2.439749
100	2.731608
100	2.875656
100	2.905032
100	2.768480
100	2.720952
100	10.000000
100	2.728195
100	2.809359
100	2.711001
100	2.758071
100	2.582044
100	2.594424
100	2.696299
100	2.575945
100	2.598360
100	2.758725
100	2.303301
100	2.675636
100	2.838324
100	2.727019
100	3.049949
100	3.073706
100	2.736988
100	2.901261
100	3.188223
100	2.853659
100	3.267543
100	2.805224
100	2.784016
100	2.641547
100	2.615996
100	2.777485
100	2.745372
100	2.764897
100	2.438482
100	10.000000
100	2.800724
100	3.529633
100	2.662097
100	2.762628
100	2.609533
100	2.717878
100	2.758925
100	2.751221
100	2.642076
100	2.754444
100	2.242195
100	2.670537
100	2.764163
100	2.753494
100	2.662346
100	2.938819
100	3.274271
100	2.795219
100	2.715529
100	2.890150
100	2.775818
100	2.814903
100	2.738219
100	2.786713
100	2.585986
100	2.717971
100	2.917779
100	2.664433
100	2.570473
100	2.730457
100	9.349438
100	2.722141
100	2.648571
100	3.101520
100	3.016299
100	4.140744
100	2.756280
100	1.567536
100	2.760281
100	2.744227
100	2.796025
100	2.605196
100	3.221929
100	2.736582
100	2.847543
100	2.861152
100	2.442373
100	2.606184
100	1.890430
100	2.714648
100	2.683862
100	2.784033
100	10.000000
100	2.657132
100	2.726507
100	2.668563
100	2.721154
100	2.672009
100	2.684778
100	3.224834
100	2.824352
100	2.657760
100	2.699335
100	2.684964
100	3.929401
100	3.304386
100	10.000000
100	2.571490
100	2.692623
100	1.502475
100	3.068782
100	2.652812
100	3.261069
100	2.747824
100	2.608355
100	2.706492
100	3.116773
100	3.542458
100	3.369270
100	2.658531
100	3.021306
100	2.966270
100	2.632436
100	2.693837
100	2.499296
100	2.683567
100	2.814822
100	2.794185
100	2.799716
100	2.674338
100	2.890627
100	2.876609
100	2.817947
100	3.490419
100	2.561986
100	2.771950
100	2.701847
100	2.768942
100	2.708482
100	2.673764
100	2.668429
100	3.331492
100	2.939713
100	2.722207
100	2.691911
100	2.307879
100	2.777841
100	3.260111
110	2.760995
110	2.764456
110	2.542560
110	2.683614
110	3.233704
110	3.040903
110	2.722279
110	2.671221
110	2.845281
110	2.759963
110	2.713240
110	2.875101
110	2.702738
110	2.823022
110	2.643216
110	2.600046
110	3.013493
110	2.904064
110	2.924866
110	3.161186
110	2.748664
110	2.626212
110	3.233325
110	2.798896
110	2.857470
110	3.250043
110	2.626168
110	2.694226
110	2.977185
110	2.991530
110	2.833469
110	2.674626
110	3.158321
110	8.803643
110	2.795410
110	2.261110
110	2.703318
110	2.607453
110	2.729881
110	2.477663
110	3.197111
110	3.944853
110	2.960188
110	2.819317
110	3.040807
110	2.526134
110	2.804861
110	3.423077
110	2.703275
110	3.141770
110	2.795757
110	2.978355
110	2.637998
110	2.630648
110	2.763713
110	2.557409
110	2.771119
110	2.757663
110	2.695918
110	3.197680
110	2.286145
110	2.741319
110	2.713155
110	2.673290
110	2.767425
110	2.846619
110	3.258623
110	2.984076
110	2.456620
110	2.838624
110	2.815537
110	2.764910
110	2.959580
110	3.439051
110	2.823666
110	2.710482
110	2.804496
110	2.858443
110	2.629107
110	2.858291
110	2.455739
110	2.651005
110	2.662344
110	4.341899
110	3.566594
110	2.641326
110	2.967077
110	2.880085
110	2.712525
110	2.538177
110	2.786794
110	2.800641
110	2.689145
110	10.000000
110	2.583618
110	2.853568
110	3.030203
110	3.098906
110	2.639925
110	3.250510
110	2.739575
110	2.728458
110	2.867209
110	2.310906
110	2.425167
110	3.087885
110	2.609171
110	3.342906
110	2.880388
110	2.593185
110	2.431209
110	2.666509
110	2.818398
110	2.983481
110	2.642183
110	3.133347
110	2.699001
110	2.737342
110	3.653187
110	2.686416
110	2.776582
110	2.670262
110	3.184008
110	2.840025
110	3.193862
110	2.679436
110	2.912443
110	2.735941
110	2.996899
110	2.610819
110	2.968071
110	2.666911
110	2.960425
110	2.531563
110	2.683483
110	2.784154
110	2.715882
110	2.649623
110	2.582250
110	2.729559
110	2.888167
110	2.697117
110	2.769494
110	3.208750
110	2.880612
110	2.689849
110	2.656756
110	2.429991
110	2.729953
110	3.733408
110	2.760424
110	3.895746
110	2.880930
110	2.656922
110	2.955214
110	4.043464
110	2.766156
110	2.546166
110	2.936888
110	2.758958
110	2.594614
110	2.668629
110	2.097526
110	2.741995
110	2.671384
110	3.459329
110	3.085845
110	2.625543
110	2.881818
110	2.756947
110	2.817180
110	2.648593
110	2.565792
110	2.716945
110	2.413237
110	3.174643
110	3.187996
110	2.699691
110	3.345256
110	2.738123
110	2.656855
110	2.646603
110	2.662956
110	2.586163
110	2.396057
110	3.322764
110	3.145646
110	2.759839
110	2.760987
110	3.013338
110	2.575963
110	2.739188
110	2.833797
110	2.809968
110	2.638477
110	3.049558
110	2.856968
110	2.672421
110	2.985642
110	3.875476
120	1.695072
120	1.805491
120	10.000000
120	10.000000
120	1.523576
120	1.721046
120	1.746897
120	1.718186
120	1.889151
120	1.839752
120	10.000000
120	1.158144
120	10.000000
120	1.840663
120	1.730019
120	1.806366
120	4.316164
120	1.800864
120	1.917931
120	10.000000
120	10.000000
120	1.792104
120	10.000000
120	1.486075
120	1.869491
120	1.787077
120	10.000000
120	1.794310
120	1.845203
120	1.589432
120	1.704250
120	1.880474
120	1.797562
120	1.888158
120	1.846340
120	1.835581
120	10.000000
120	1.486532
120	1.963791
120	1.435179
120	1.885820
120	1.689913
120	1.762901
120	1.823116
120	1.798341
120	10.000000
120	1.858183
120	5.878861
120	1.753834
120	1.141276
120	1.642791
120	10.000000
120	1.856915
120	1.848938
120	1.841584
120	1.649036
120	1.833134
120	1.903977
120	1.874331
120	1.894799
120	1.947017
120	1.767698
120	1.708558
120	1.873000
120	1.842916
120	1.758408
120	1.761400
120	1.897205
120	1.804275
120	1.837942
120	1.784096
120	2.175082
120	1.856812
120	1.200411
120	1.855246
120	1.421736
120	1.862462
120	1.806661
120	1.954435
120	10.000000
120	10.000000
120	10.000000
120	1.611342
120	1.857269
120	1.897142
120	1.890667
120	1.742096
120	1.866914
120	1.691778
120	1.821387
120	1.772899
120	1.800837
120	1.674488
120	1.784752
120	1.692744
120	1.535504
120	1.906266
120	1.733265
120	1.871144
120	1.806342
120	1.822421
120	1.820448
120	1.862842
120	1.223275
120	1.806948
120	1.751453
120	1.709060
120	1.912707
120	1.864345
120	1.813238
120	10.000000
120	1.775613
120	1.762970
120	1.798487
120	1.624209
120	10.000000
120	1.852812
120	1.151174
120	1.803244
120	1.818629
120	10.000000
120	1.847654
120	2.039355
120	1.864861
120	1.847637
120	1.867795
120	1.876585
120	1.791052
120	1.785038
120	4.103507
120	1.828071
120	1.912777
120	1.274066
120	1.709391
120	1.788132
120	1.852054
120	1.803177
120	1.883921
120	10.000000
120	2.099544
120	1.766779
120	1.659523
120	1.784929
120	1.635931
120	1.934746
120	6.594873
120	1.577228
120	1.863154
120	1.939322
120	1.903267
120	1.761565
120	1.931275
120	1.802309
120	1.378768
120	1.899302
120	10.000000
120	1.825646
120	2.178816
120	1.885239
120	1.704287
120	1.835172
120	1.725742
120	12.429824
120	10.000000
120	10.000000
120	10.000000
120	1.888701
120	1.878877
120	2.178708
120	1.879778
120	1.917115
120	10.000000
120	1.738226
120	10.000000
120	1.842423
120	1.936311
120	1.772302
120	3.349234
120	3.003701
120	1.847990
120	1.666495
120	1.906257
120	1.678197
120	1.737221
120	1.870935
120	1.857977
120	1.867539
120	10.000000
120	10.000000
120	1.861453
120	1.875859
120	1.815050
120	4.118466
120	1.840881
120	1.879524
120	1.833967
120	1.760397
120	1.840297
120	1.895282
120	1.799807
130	2.081454
130	1.851226
130	1.921486
130	10.000000
130	1.178100
130	1.522002
130	1.781361
130	2.372130
130	1.431298
130	1.900576
130	1.908918
130	1.179814
130	1.837515
130	1.763484
130	1.867171
130	1.712074
130	1.856003
130	1.862441
130	1.799335
130	1.824854
130	1.831045
130	1.820138
130	1.811558
130	1.819254
130	10.000000
130	6.738148
130	10.000000
130	1.773317
130	1.844355
130	1.876893
130	10.000000
130	1.810823
130	1.851266
130	1.837407
130	1.457053
130	1.886190
130	1.750793
130	1.825068
130	1.832973
130	1.893795
130	1.802667
130	1.815937
130	1.822325
130	1.813962
130	1.768445
130	1.787650
130	1.894901
130	1.841344
130	1.763433
130	1.822524
130	1.782056
130	1.514776
130	1.909125
130	1.786701
130	1.809418
130	1.829838
130	1.379640
130	1.745184
130	1.919187
130	2.167787
130	1.825995
130	1.886623
130	10.000000
130	1.951753
130	1.625182
130	1.859046
130	1.789566
130	1.830537
130	1.672027
130	2.118210
130	1.835862
130	1.842913
130	1.881891
130	10.000000
130	10.000000
130	0.685273
130	1.717760
130	1.902231
130	10.000000
130	1.814361
130	10.000000
130	1.724797
130	1.853569
130	1.753231
130	1.893027
130	1.854892
130	1.819993
130	1.240015
130	1.739099
130	1.628076
130	1.831038
130	1.770548
130	2.032013
130	1.823204
130	10.000000
130	1.821554
130	1.781353
130	1.813973
130	1.858882
130	1.807834
130	10.000000
130	1.802815
130	1.893951
130	1.777985
130	10.000000
130	2.056563
130	1.782906
130	1.819474
130	1.825672
130	1.644306
130	1.989394
130	10.000000
130	1.876324
130	1.835010
130	1.862609
130	1.812225
130	1.859553
130	1.831247
130	3.331108
130	1.623001
130	1.780334
130	1.829011
130	1.916787
130	1.817657
130	1.772097
130	3.840273
130	1.811596
130	1.724375
130	1.698088
130	1.778782
130	1.759883
130	1.700053
130	1.670737
130	1.751279
130	1.854329
130	1.460512
130	1.864875
130	1.850142
130	1.822962
130	1.655401
130	1.805107
130	1.813138
130	1.844925
130	1.879716
130	1.791644
130	1.772983
130	1.754767
130	1.876827
130	10.000000
130	1.855243
130	1.624331
130	1.886370
130	1.816766
130	1.757974
130	1.859345
130	9.003854
130	1.837561
130	10.000000
130	1.821790
130	1.855454
130	1.822747
130	2.429236
130	1.776455
130	9.123119
130	1.078590
130	1.759757
130	1.781090
130	1.911192
130	1.835785
130	1.848214
130	1.718360
130	1.871656
130	1.821231
130	1.763464
130	1.834697
130	1.850619
130	1.756149
130	1.767189
130	10.422379
130	1.863080
130	1.834768
130	1.701208
130	1.914537
130	6.079293
130	1.825086
130	1.793025
130	1.824915
130	1.696748
130	1.685027
130	1.863867
130	1.869421
130	1.829424
130	1.795103
130	1.745389
130	1.846709
130	1.729468
130	1.811220
130	1.870383
130	1.848164
130	1.884091
140	1.633109
140	1.722197
140	1.816108
140	1.830615
140	1.797267
140	1.869551
140	10.000000
140	1.885902
140	1.645269
140	1.794172
140	1.444858
140	1.972527
140	1.824819
140	1.874012
140	1.847292
140	1.820083
140	1.568555
140	1.839567
140	1.786621
140	10.000000
140	1.866238
140	2.218774
140	1.642972
140	1.873908
140	1.742919
140	1.830801
140	1.826604
140	1.807619
140	1.880453
140	1.819510
140	1.789509
140	1.827255
140	1.790686
140	10.000000
140	1.859273
140	1.814093
140	1.808734
140	1.724025
140	1.378429
140	0.985753
140	1.768829
140	1.310490
140	1.744627
140	1.862678
140	10.000000
140	1.840046
140	1.912785
140	1.866723
140	2.047170
140	1.872773
140	2.001824
140	10.000000
140	2.807588
140	2.181253
140	1.836271
140	1.703529
140	1.554428
140	2.449429
140	2.386528
140	1.790219
140	1.997342
140	1.863182
140	10.000000
140	1.779304
140	1.857533
140	1.806087
140	1.792605
140	2.157150
140	1.882040
140	1.837863
140	1.677822
140	1.784886
140	0.636044
140	10.000000
140	1.884101
140	10.000000
140	1.752289
140	1.825153
140	1.887101
140	2.031101
140	1.753270
140	1.788377
140	10.000000
140	1.857792
140	1.882866
140	1.833516
140	1.850916
140	5.147572
140	1.851948
140	1.820126
140	1.845232
140	10.000000
140	1.862065
140	1.854932
140	1.808130
140	1.447669
140	1.848257
140	1.887609
140	1.854060
140	1.872829
140	1.787302
140	1.859741
140	1.823334
140	1.825232
140	1.817427
140	1.786159
140	1.800604
140	1.888633
140	10.000000
140	1.700919
140	1.955675
140	10.000000
140	1.873060
140	1.704287
140	1.624701
140	10.000000
140	2.085175
140	1.824306
140	1.809751
140	1.820538
140	1.768724
140	1.897938
140	1.844201
140	1.451611
140	1.689647
140	1.740275
140	1.960129
140	1.796876
140	1.904816
140	1.983787
140	1.271950
140	1.792403
140	1.785731
140	1.806663
140	1.777036
140	1.845790
140	10.000000
140	1.791491
140	1.696519
140	1.840247
140	1.819422
140	1.774691
140	1.845427
140	1.342499
140	10.000000
140	1.822355
140	1.842648
140	1.693758
140	1.884065
140	1.746467
140	1.816692
140	1.881748
140	1.243320
140	2.114989
140	1.855839
140	1.789445
140	2.098484
140	1.810161
140	1.849033
140	1.760965
140	10.000000
140	1.864489
140	10.000000
140	1.812468
140	10.000000
140	1.805076
140	1.814783
140	1.851009
140	1.816134
140	1.919684
140	1.865099
140	0.708105
140	1.868834
140	1.772444
140	10.000000
140	2.491679
140	10.000000
140	1.782741
140	10.000000
140	1.822306
140	1.967684
140	1.870754
140	1.856420
140	1.877700
140	1.880903
140	1.801167
140	1.990922
140	10.000000
140	1.845057
140	1.796095
140	1.840654
140	1.913374
140	1.670155
140	1.876681
140	10.000000
140	1.706994
140	1.782433
140	1.820476
140	6.026711
140	10.000000
150	1.875049
150	1.771763
150	1.922672
150	1.877787
150	1.852187
150	1.769709
150	1.808396
150	1.859691
150	1.776696
150	1.607742
150	1.460976
150	1.737895
150	1.818426
150	1.599820
150	1.322013
150	1.829430
150	1.782735
150	1.935676
150	1.697279
150	1.870121
150	1.788156
150	1.812716
150	1.892169
150	1.818782
150	1.880508
150	1.734705
150	1.897052
150	1.845298
150	1.926947
150	1.751557
150	1.776104
150	1.828126
150	1.852716
150	1.678145
150	1.862730
150	1.886636
150	1.829539
150	1.764773
150	1.837864
150	1.687752
150	1.846131
150	1.550936
150	1.805912
150	1.845649
150	1.898436
150	1.610015
150	1.990487
150	10.000000
150	10.895912
150	1.853944
150	1.806471
150	10.000000
150	1.899649
150	1.872662
150	1.805551
150	1.838725
150	10.000000
150	1.714826
150	2.856897
150	1.859341
150	1.826030
150	1.846479
150	1.871881
150	1.777863
150	1.829005
150	0.945987
150	1.769430
150	1.827883
150	1.476035
150	1.818818
150	1.817797
150	1.060253
150	1.822394
150	1.845392
150	1.462131
150	1.812579
150	1.800653
150	1.907784
150	1.721346
150	8.618217
150	1.731369
150	1.583367
150	1.815283
150	10.000000
150	1.625637
150	1.771488
150	1.626917
150	1.679013
150	1.720024
150	1.838353
150	1.650682
150	3.106566
150	1.825129
150	1.914602
150	1.835966
150	1.818255
150	10.000000
150	1.806749
150	1.789327
150	1.839668
150	1.815041
150	1.782820
150	1.761339
150	10.000000
150	1.872254
150	1.772422
150	1.907502
150	1.556882
150	1.816263
150	10.000000
150	1.852110
150	1.806951
150	1.493595
150	1.845179
150	1.904120
150	1.802393
150	2.259122
150	1.882966
150	1.806021
150	1.821689
150	10.000000
150	1.861232
150	1.798821
150	1.798312
150	10.000000
150	1.867499
150	1.882602
150	6.274753
150	10.000000
150	1.713045
150	2.152501
150	1.830082
150	1.848936
150	1.837751
150	2.119965
150	1.859376
150	1.828171
150	1.866338
150	10.000000
150	1.927866
150	1.925931
150	5.676262
150	1.877508
150	1.350450
150	1.798698
150	9.771645
150	1.849007
150	1.825866
150	4.681128
150	10.000000
150	1.846162
150	1.917792
150	1.566727
150	1.872907
150	2.892397
150	1.810110
150	1.910508
150	1.820571
150	1.808856
150	10.000000
150	1.801671
150	1.892510
150	1.907079
150	10.000000
150	10.000000
150	1.766913
150	1.881630
150	10.000000
150	2.205949
150	10.000000
150	1.710076
150	1.846358
150	1.778735
150	10.064722
150	1.880120
150	2.864509
150	1.577121
150	1.848655
150	1.561892
150	1.472237
150	1.786446
150	1.858226
150	1.922678
150	1.910612
150	1.236669
150	1.827248
150	1.689256
150	1.749203
150	2.073565
150	1.811438
150	1.505926
150	1.828792
150	1.853319
150	1.822448
150	1.815593
150	1.832888
150	1.861357
150	1.855625
150	1.554306
150	1.866306
