10	1.587392
10	0.371475
10	1.217533
10	1.105281
10	0.465556
10	2.728513
10	1.656642
10	3.752829
10	0.876055
10	2.062197
10	0.458132
10	0.108896
10	0.083464
10	1.501982
10	1.164837
10	1.140334
10	0.411534
10	1.433337
10	1.226883
10	0.549441
10	0.104501
10	0.092406
10	0.138133
10	1.118524
10	2.170207
10	2.219848
10	0.491978
10	0.142128
10	5.493310
10	1.493963
10	0.372228
10	0.757686
10	0.440132
10	0.723765
10	0.734657
10	2.946204
10	0.121063
10	0.121925
10	0.671030
10	0.269177
10	0.899492
10	1.422775
10	0.105416
10	1.461806
10	2.135414
10	1.204196
10	0.169874
10	1.049413
10	3.327993
10	1.450371
10	0.532323
10	0.442819
10	1.326258
10	0.132358
10	0.086854
10	1.495264
10	0.575981
10	1.286829
10	1.097873
10	5.050351
10	1.936329
10	8.159525
10	0.178505
10	0.328932
10	0.118509
10	1.777695
10	0.545472
10	0.055212
10	0.252281
10	0.067101
10	0.795641
10	0.085901
10	0.149344
10	2.104285
10	0.086752
10	4.746304
10	0.417128
10	0.082739
10	0.113340
10	1.131143
10	0.083950
10	3.009998
10	0.310706
10	0.824998
10	0.948147
10	0.329348
10	0.650509
10	1.519646
10	0.974919
10	0.673254
10	0.735669
10	0.854095
10	1.425756
10	0.427648
10	3.891965
10	0.087273
10	2.139870
10	0.146786
10	0.381265
10	1.894396
10	0.100076
10	0.723365
10	0.131817
10	2.510906
10	1.888093
10	0.441018
10	0.719669
10	0.151147
10	4.578027
10	0.431266
10	1.295066
10	0.119832
10	0.269031
10	0.595090
10	1.561507
10	0.433379
10	1.036131
10	0.106301
10	1.117863
10	0.924979
10	0.384523
10	1.667379
10	2.276819
10	1.482083
10	0.799031
10	2.071322
10	0.706521
10	1.428162
10	2.759700
10	0.765552
10	1.146317
10	1.557159
10	0.695191
10	0.143731
10	2.026127
10	0.080531
10	0.134199
10	0.071772
10	0.127172
10	0.552747
10	0.061668
10	1.091749
10	0.153887
10	1.325669
10	0.115292
10	0.075115
10	0.860361
10	1.836071
10	0.315020
10	0.860015
10	0.104025
10	0.968344
10	0.574286
10	0.077387
10	10.683006
10	0.091608
10	0.075885
10	0.164716
10	0.111488
10	2.772648
10	1.975588
10	0.064413
10	0.059739
10	0.967157
10	0.085185
10	0.963908
10	0.985999
10	0.073493
10	0.176251
10	0.393276
10	0.527445
10	1.165065
10	1.862850
10	0.128999
10	0.660758
10	0.218308
10	0.857193
10	0.106630
10	1.413691
10	1.005235
10	0.670909
10	0.167181
10	0.103024
10	0.163656
10	0.481841
10	0.055407
10	0.151443
10	0.924001
10	0.122098
10	0.656137
10	1.401740
10	0.159989
10	0.823841
10	1.008070
10	0.291228
10	0.376650
10	1.191135
10	0.379883
10	0.104439
10	1.162721
20	0.562896
20	0.125520
20	1.609861
20	0.717117
20	0.244396
20	1.238548
20	0.838835
20	0.580716
20	0.117572
20	0.360713
20	0.091391
20	0.608287
20	0.377066
20	0.076125
20	0.788182
20	0.153883
20	0.710589
20	0.605590
20	0.535022
20	1.818720
20	0.086771
20	1.275515
20	0.418036
20	0.450098
20	10.000000
20	0.147185
20	0.757834
20	0.154965
20	0.219341
20	0.148308
20	0.635867
20	4.525037
20	1.913466
20	0.145101
20	0.131304
20	1.930829
20	0.711071
20	0.697072
20	0.184069
20	0.124479
20	0.095436
20	0.597205
20	0.435542
20	0.119968
20	2.395438
20	1.721781
20	0.115814
20	1.563327
20	0.899256
20	0.889771
20	0.411758
20	0.990763
20	2.397657
20	0.356513
20	0.294187
20	1.233038
20	0.344301
20	0.109932
20	0.142878
20	0.600734
20	0.207022
20	0.064398
20	0.067756
20	0.183243
20	0.281617
20	0.460737
20	1.520496
20	1.673367
20	0.052117
20	6.882199
20	0.157241
20	1.099141
20	0.119845
20	0.294865
20	0.252161
20	1.751653
20	0.788944
20	0.146368
20	0.072273
20	2.232038
20	0.515079
20	0.628145
20	0.349728
20	0.105549
20	0.485331
20	0.717715
20	11.323615
20	0.329806
20	1.004779
20	0.207567
20	0.884373
20	0.761847
20	0.214287
20	1.769195
20	0.349629
20	0.587614
20	0.092018
20	0.083191
20	0.128804
20	1.814229
20	0.141426
20	0.092843
20	0.166786
20	0.333763
20	0.418843
20	0.103826
20	0.772675
20	1.329696
20	0.117685
20	0.328016
20	1.257176
20	0.188864
20	0.466058
20	3.485101
20	2.006168
20	0.107220
20	0.351915
20	1.625884
20	0.140791
20	0.254179
20	0.493469
20	0.087261
20	0.184865
20	0.695782
20	0.087393
20	0.677056
20	1.061522
20	0.488600
20	0.059843
20	0.992402
20	0.372132
20	0.770440
20	0.200296
20	0.910524
20	0.780852
20	0.074938
20	0.231968
20	2.526368
20	0.667507
20	0.163187
20	0.145765
20	0.097349
20	0.930664
20	0.154623
20	0.146002
20	1.285090
20	1.475106
20	0.084700
20	0.796121
20	0.299357
20	0.980173
20	0.222439
20	0.108486
20	0.815666
20	0.205214
20	0.391974
20	0.411050
20	0.091941
20	0.107846
20	0.092516
20	0.364333
20	0.404087
20	1.676032
20	0.812458
20	0.822382
20	0.188723
20	1.267093
20	1.891006
20	1.512080
20	0.467795
20	0.334043
20	0.629973
20	2.131179
20	0.152494
20	0.164674
20	0.072814
20	0.435945
20	0.052242
20	0.434924
20	0.452268
20	1.456594
20	0.146532
20	0.290881
20	0.297317
20	0.391942
20	1.083912
20	0.421387
20	0.184394
20	0.167037
20	1.049698
20	0.374825
20	1.448791
20	0.476696
20	0.637115
20	0.645808
20	1.500779
20	0.069919
20	0.836672
20	0.754144
20	0.418005
30	0.101419
30	0.281802
30	2.148297
30	0.221475
30	0.230686
30	0.264003
30	0.285677
30	1.329298
30	0.180948
30	0.367638
30	0.156578
30	0.147623
30	0.491205
30	0.110063
30	0.317050
30	0.365623
30	0.313979
30	0.298422
30	0.417554
30	0.159479
30	1.214722
30	0.228703
30	0.454669
30	0.433963
30	0.100112
30	0.115542
30	0.213497
30	0.328588
30	0.108735
30	1.728827
30	2.564131
30	1.160550
30	0.588251
30	1.042978
30	0.186236
30	0.261899
30	0.726811
30	0.071015
30	0.488856
30	1.189379
30	0.115619
30	0.291169
30	0.257476
30	6.545493
30	0.103469
30	0.173391
30	0.166342
30	0.604654
30	0.541767
30	1.304521
30	0.569878
30	0.796703
30	1.876465
30	0.383947
30	0.562472
30	0.734667
30	0.154597
30	0.575084
30	1.693206
30	1.041802
30	0.902487
30	0.143733
30	0.097032
30	0.211062
30	0.141602
30	0.414344
30	0.720545
30	0.996997
30	0.247781
30	3.271746
30	0.203884
30	0.074353
30	0.345886
30	0.374731
30	1.739955
30	0.246094
30	0.276097
30	0.355252
30	0.143320
30	4.623043
30	0.435489
30	0.299898
30	1.523929
30	0.302833
30	0.194290
30	0.265903
30	0.472842
30	0.259937
30	0.351718
30	0.565223
30	0.121743
30	0.118126
30	0.487909
30	0.116957
30	0.215491
30	0.482341
30	0.091950
30	0.113697
30	0.396592
30	0.134932
30	0.360362
30	0.697331
30	0.075421
30	0.704713
30	0.400593
30	2.318287
30	0.248763
30	0.128206
30	0.329406
30	0.413107
30	0.704282
30	0.455597
30	1.639445
30	0.161023
30	0.182730
30	0.131584
30	0.181239
30	0.164322
30	0.269843
30	0.266031
30	0.427731
30	0.317354
30	0.698798
30	1.185363
30	1.041063
30	0.411158
30	0.193930
30	0.293354
30	0.682305
30	0.913477
30	0.257904
30	0.314639
30	0.113645
30	0.462285
30	0.945850
30	0.201857
30	0.167285
30	0.135800
30	0.365093
30	0.127432
30	0.091937
30	0.224701
30	0.177619
30	0.401773
30	6.529223
30	0.153734
30	1.548903
30	0.265203
30	0.156460
30	0.212815
30	0.340804
30	0.422363
30	0.219285
30	0.124513
30	0.149152
30	0.185661
30	1.063216
30	0.803399
30	0.257359
30	0.256047
30	0.252497
30	0.237684
30	0.211707
30	0.126972
30	0.353987
30	0.138513
30	0.181634
30	0.214361
30	0.284731
30	0.115639
30	0.536173
30	0.336057
30	0.528989
30	0.270609
30	0.361826
30	0.362426
30	0.178924
30	0.327530
30	0.087052
30	0.189377
30	0.789691
30	1.378195
30	10.000000
30	0.416069
30	0.480299
30	0.116241
30	0.171830
30	0.817384
30	0.312456
30	1.209616
30	0.819453
30	0.293321
30	0.528949
30	0.141452
30	0.677395
30	0.134099
30	0.093265
30	0.242964
30	0.452698
30	2.267756
40	0.222884
40	0.192981
40	0.325052
40	1.321731
40	0.601494
40	0.219776
40	0.236882
40	0.811703
40	0.177572
40	0.989808
40	1.089969
40	0.455176
40	0.222712
40	0.281537
40	0.735682
40	0.114116
40	0.555383
40	0.313156
40	1.221885
40	0.176997
40	0.262836
40	0.637255
40	0.476727
40	2.112512
40	0.232715
40	0.220311
40	1.970682
40	0.113929
40	1.406433
40	0.242339
40	0.544758
40	0.468372
40	0.298815
40	10.000000
40	0.188371
40	0.551706
40	0.598874
40	0.207398
40	0.249836
40	0.506544
40	1.900142
40	0.358365
40	1.654338
40	6.838977
40	0.316667
40	0.632370
40	0.365547
40	0.779322
40	0.343244
40	0.453102
40	0.378538
40	0.312292
40	0.191836
40	0.429559
40	0.519541
40	0.407735
40	0.523204
40	0.363731
40	0.274804
40	0.829326
40	0.218484
40	1.092140
40	0.302873
40	0.406593
40	0.306337
40	1.672290
40	0.448411
40	0.142995
40	0.226312
40	0.433392
40	0.127259
40	9.305074
40	0.296576
40	0.687326
40	0.556750
40	0.172698
40	0.469316
40	0.716674
40	0.671112
40	0.908219
40	0.231340
40	0.166786
40	0.625023
40	0.320458
40	0.241391
40	0.186215
40	0.356155
40	0.263461
40	0.507292
40	0.676750
40	0.822860
40	1.435375
40	0.270240
40	0.383934
40	0.589080
40	0.386541
40	0.280658
40	0.180209
40	0.341412
40	0.127723
40	0.845452
40	0.483160
40	0.191148
40	0.174896
40	0.703605
40	0.779678
40	0.406278
40	1.285972
40	0.335992
40	1.044811
40	2.268637
40	0.250144
40	0.550011
40	0.421654
40	0.207846
40	0.930692
40	1.168932
40	0.257873
40	0.153624
40	0.122175
40	0.199609
40	0.128744
40	0.423544
40	0.235464
40	0.143970
40	0.282260
40	0.249005
40	1.569435
40	0.278672
40	0.437947
40	1.160003
40	0.375012
40	0.488065
40	0.402814
40	0.252892
40	0.209915
40	0.347693
40	0.224548
40	1.729220
40	0.307284
40	0.310600
40	0.660611
40	0.686186
40	0.132580
40	0.310350
40	0.552990
40	0.298740
40	0.567816
40	0.243151
40	0.113622
40	0.730735
40	0.143296
40	0.386450
40	0.171869
40	0.670829
40	0.239199
40	0.804809
40	0.330511
40	0.658944
40	0.968664
40	0.494499
40	0.328671
40	0.231971
40	0.413414
40	0.416330
40	0.414311
40	0.528191
40	0.436426
40	0.925104
40	0.753511
40	0.316303
40	0.206640
40	0.330897
40	0.263554
40	0.200401
40	0.286390
40	0.309908
40	0.222504
40	0.762573
40	0.398149
40	0.263025
40	10.000000
40	0.166622
40	0.477267
40	0.596868
40	0.902171
40	0.428612
40	0.196843
40	0.448581
40	0.313479
40	0.513628
40	0.389295
40	0.515150
40	0.204979
40	0.368890
40	0.191831
40	0.366095
40	0.442415
40	0.226241
40	0.721148
50	10.000000
50	0.750905
50	0.511708
50	0.343668
50	0.496340
50	0.772134
50	1.522473
50	0.427885
50	0.906390
50	0.885467
50	0.411953
50	0.844721
50	0.504645
50	0.553766
50	0.449337
50	1.197265
50	0.650695
50	0.764441
50	0.469667
50	0.570761
50	0.901489
50	0.540609
50	0.814652
50	10.000000
50	0.404950
50	1.280731
50	0.818599
50	0.457104
50	0.981237
50	0.665245
50	0.490067
50	0.460342
50	0.707104
50	1.479174
50	1.990879
50	1.524163
50	0.320708
50	0.478407
50	0.513622
50	1.247394
50	0.412827
50	0.362029
50	1.199247
50	1.440270
50	0.895675
50	0.796425
50	0.871703
50	1.872300
50	0.831047
50	1.274519
50	0.954534
50	1.170021
50	0.825631
50	0.699624
50	0.479553
50	0.471370
50	1.350244
50	0.584324
50	1.059296
50	0.356593
50	0.565455
50	0.804857
50	0.663507
50	2.246146
50	0.888129
50	0.534307
50	0.962709
50	1.528185
50	0.835050
50	0.719573
50	0.631895
50	1.218960
50	0.915936
50	0.807076
50	0.333571
50	0.579985
50	0.635673
50	0.281853
50	0.573588
50	0.632999
50	0.398534
50	0.909265
50	0.303551
50	0.997854
50	0.703959
50	0.748060
50	0.852402
50	0.351130
50	0.438136
50	0.524401
50	0.511441
50	0.554857
50	0.930610
50	0.669830
50	1.394548
50	1.747245
50	0.352526
50	0.454576
50	0.215324
50	2.142773
50	0.602695
50	0.612434
50	0.863818
50	0.593962
50	1.074541
50	0.522021
50	0.663172
50	0.487576
50	0.472345
50	0.561915
50	0.897487
50	1.373868
50	1.006594
50	1.589992
50	1.920770
50	0.638658
50	1.158968
50	0.440933
50	1.069300
50	0.508995
50	0.400773
50	0.791389
50	1.456780
50	0.667896
50	0.611071
50	2.962904
50	0.784860
50	0.763958
50	0.340099
50	0.771679
50	1.159272
50	0.346599
50	1.296755
50	1.289452
50	0.461543
50	0.239954
50	0.281724
50	1.437462
50	0.721363
50	0.984333
50	0.306635
50	1.438142
50	0.428211
50	0.331864
50	0.443279
50	0.690809
50	1.593531
50	0.769583
50	0.634352
50	1.114534
50	1.201410
50	1.536973
50	1.103403
50	0.529727
50	0.725473
50	1.380684
50	0.949316
50	0.269313
50	0.849123
50	0.622942
50	0.540535
50	0.518871
50	10.000000
50	0.501621
50	0.862541
50	1.617066
50	0.830874
50	0.987870
50	1.443091
50	0.622188
50	0.707355
50	0.810795
50	0.890540
50	0.363264
50	1.042687
50	1.001136
50	1.084119
50	0.567914
50	0.756642
50	0.855026
50	2.176469
50	0.597004
50	1.169509
50	2.048319
50	0.736579
50	0.407362
50	0.921933
50	1.311164
50	0.851669
50	0.567460
50	0.577922
50	0.423825
50	1.587831
50	0.561220
50	0.648615
50	0.758605
50	3.853707
50	0.581640
50	0.614436
50	0.403824
60	2.538147
60	2.553459
60	2.328262
60	2.088654
60	2.321227
60	2.687310
60	3.049689
60	2.877629
60	2.685285
60	2.544395
60	2.652446
60	2.399599
60	2.810006
60	2.447134
60	2.615524
60	5.965199
60	3.379076
60	2.063921
60	2.336029
60	2.412713
60	2.505878
60	3.929910
60	2.354582
60	2.473210
60	2.773158
60	2.485350
60	2.583548
60	2.723061
60	2.701014
60	2.676478
60	2.362188
60	3.450173
60	2.313797
60	1.394969
60	2.753101
60	2.282599
60	1.919559
60	2.522356
60	2.247913
60	2.447300
60	2.932182
60	3.060498
60	3.095590
60	5.622695
60	2.538292
60	2.358159
60	2.316915
60	2.129677
60	2.428496
60	2.594684
60	2.675026
60	2.716284
60	2.524143
60	2.651884
60	2.495222
60	2.272380
60	2.751912
60	2.692076
60	2.458017
60	2.296084
60	2.794795
60	2.330562
60	2.543804
60	2.513775
60	2.412642
60	2.438781
60	2.243082
60	3.650127
60	3.116522
60	2.621584
60	2.726079
60	2.053253
60	2.948020
60	2.691337
60	2.343085
60	2.581093
60	2.027558
60	2.107523
60	2.172833
60	2.440881
60	2.521289
60	2.720508
60	2.826465
60	2.477954
60	2.793056
60	3.093558
60	2.849276
60	2.407430
60	2.329670
60	2.629009
60	2.493369
60	1.895581
60	2.909687
60	2.582457
60	3.009706
60	1.801776
60	2.485594
60	3.158770
60	2.396773
60	2.384717
60	2.256870
60	2.082697
60	2.445819
60	2.007861
60	2.605671
60	2.378349
60	2.465973
60	2.731511
60	2.135998
60	2.212396
60	2.248596
60	2.378127
60	1.900859
60	1.720873
60	2.387845
60	2.795253
60	2.116619
60	1.992159
60	2.320563
60	2.230676
60	2.959890
60	2.654267
60	1.818599
60	2.691346
60	2.796480
60	3.007971
60	3.219193
60	2.509206
60	2.362589
60	2.507971
60	1.921446
60	2.445861
60	2.557601
60	2.687344
60	3.236459
60	2.607320
60	2.726322
60	2.792747
60	2.932703
60	2.383891
60	2.545210
60	2.797246
60	2.793632
60	1.772331
60	2.410426
60	2.365135
60	2.335621
60	2.056778
60	2.934756
60	2.172051
60	3.065608
60	3.044671
60	2.055211
60	2.606471
60	2.900643
60	2.938476
60	2.711743
60	2.555452
60	2.482826
60	2.638753
60	2.885169
60	2.864832
60	2.865253
60	2.538923
60	1.864203
60	2.948316
60	3.419523
60	2.482253
60	2.849392
60	3.199151
60	2.407084
60	2.403973
60	2.750741
60	2.077374
60	1.979378
60	2.840883
60	2.368427
60	2.763331
60	2.634933
60	2.603343
60	3.167254
60	2.566314
60	2.375413
60	2.847102
60	2.389772
60	2.559753
60	2.949546
60	2.400339
60	2.224727
60	3.012657
60	2.540672
60	2.620731
60	2.284710
60	2.823851
60	2.751882
60	2.153903
60	2.969806
60	3.431493
60	2.526931
60	3.178712
70	2.848659
70	2.743033
70	2.781913
70	3.516898
70	2.851781
70	2.709017
70	2.699892
70	2.967730
70	2.793096
70	2.649155
70	2.269726
70	2.702833
70	2.976764
70	2.657232
70	2.387179
70	3.045180
70	4.755107
70	2.806799
70	2.717408
70	2.026167
70	2.970011
70	3.292076
70	3.097037
70	2.810890
70	3.120115
70	2.685072
70	2.552251
70	2.929323
70	3.361744
70	3.260176
70	2.993415
70	2.609138
70	2.648940
70	3.194154
70	2.142348
70	2.881894
70	3.025800
70	2.827428
70	2.142742
70	3.382310
70	2.927059
70	2.785434
70	3.507641
70	2.575610
70	2.678742
70	2.735977
70	2.661572
70	2.737199
70	4.429546
70	2.681452
70	2.845412
70	3.165269
70	2.721658
70	2.915004
70	3.010780
70	2.609098
70	3.273719
70	3.100053
70	2.900972
70	3.280228
70	2.765312
70	2.922461
70	3.122412
70	2.501970
70	2.797025
70	2.749419
70	2.777939
70	3.839855
70	2.816430
70	2.475637
70	3.068731
70	2.785943
70	2.522607
70	2.862087
70	3.076972
70	3.169897
70	2.901175
70	3.101058
70	3.957513
70	3.014779
70	2.942245
70	2.591525
70	3.635830
70	2.287631
70	3.131500
70	2.832310
70	2.764497
70	2.823873
70	2.842903
70	2.823445
70	2.893145
70	3.139245
70	3.058001
70	4.236540
70	2.786076
70	3.082876
70	3.031535
70	2.828890
70	2.854760
70	2.898605
70	3.173735
70	3.250414
70	2.526637
70	3.603144
70	2.826239
70	2.858041
70	3.067422
70	2.669279
70	2.996738
70	3.636866
70	3.122335
70	2.724346
70	2.935146
70	2.833475
70	3.151874
70	2.362974
70	3.593874
70	2.806833
70	2.826379
70	3.690905
70	3.157562
70	2.957409
70	2.815328
70	2.664995
70	2.938366
70	3.110910
70	2.773700
70	2.772812
70	3.385991
70	2.807749
70	2.609110
70	2.733562
70	2.615848
70	2.623762
70	3.585672
70	2.783481
70	2.817279
70	2.826560
70	3.059124
70	3.000244
70	2.643466
70	3.381822
70	2.825254
70	2.649940
70	3.761226
70	2.664542
70	3.040519
70	2.916350
70	2.822406
70	3.468160
70	3.126585
70	3.154066
70	2.727671
70	2.640534
70	2.858849
70	2.865192
70	2.816472
70	4.333208
70	2.766689
70	2.784619
70	3.206733
70	3.504142
70	3.007253
70	4.275554
70	2.378649
70	2.660135
70	3.032093
70	3.009362
70	2.977687
70	2.544923
70	2.849248
70	2.545319
70	3.108685
70	2.979241
70	3.611863
70	2.957526
70	2.945316
70	2.929400
70	2.842150
70	2.572858
70	3.015319
70	3.131852
70	3.714296
70	2.793177
70	3.006741
70	2.766740
70	3.213371
70	3.411796
70	2.722589
70	2.833024
70	2.742138
70	3.663400
70	3.057993
70	3.023520
70	2.725903
70	2.578253
70	2.747505
70	2.861998
70	2.306330
70	3.524020
80	1.304650
80	3.399709
80	2.813708
80	2.910909
80	3.256004
80	2.783883
80	2.982537
80	3.474577
80	2.771646
80	2.780693
80	2.904868
80	2.759804
80	2.929323
80	3.226639
80	3.336290
80	2.925621
80	3.314265
80	2.937581
80	3.596424
80	2.862415
80	2.849033
80	2.972529
80	2.796043
80	2.764831
80	3.227517
80	2.949246
80	3.024023
80	2.684711
80	2.893485
80	3.175734
80	2.952351
80	2.988850
80	3.098558
80	3.169204
80	3.199030
80	10.000000
80	3.054117
80	2.778187
80	3.113362
80	3.365534
80	4.102193
80	3.325126
80	2.724169
80	2.827036
80	2.855016
80	3.154954
80	3.218213
80	2.975120
80	2.224612
80	2.642940
80	3.604109
80	3.404345
80	2.770850
80	2.829243
80	2.592204
80	4.410662
80	3.168258
80	3.098584
80	2.843847
80	3.132322
80	3.053929
80	3.006662
80	2.989336
80	3.254171
80	2.770885
80	2.926749
80	2.884887
80	3.582356
80	2.988466
80	2.776846
80	2.843807
80	2.784358
80	2.894602
80	2.970312
80	2.873833
80	2.980982
80	3.103559
80	3.006597
80	3.498829
80	3.346482
80	2.682024
80	2.893015
80	2.922959
80	3.236201
80	3.061697
80	2.926597
80	2.951199
80	2.933313
80	2.955954
80	2.758811
80	2.474648
80	3.006714
80	2.930595
80	2.787540
80	2.937479
80	2.940376
80	3.234442
80	2.678098
80	3.932676
80	3.446126
80	3.209920
80	2.627878
80	2.847598
80	2.767206
80	3.030525
80	3.002407
80	2.713743
80	3.282823
80	3.071334
80	2.549626
80	2.780795
80	3.123804
80	2.520371
80	3.125221
80	2.849758
80	2.928858
80	2.907003
80	2.889288
80	2.893504
80	2.780910
80	3.018043
80	3.207223
80	2.912560
80	2.458400
80	2.857258
80	2.779134
80	3.004404
80	2.681064
80	2.860441
80	2.925055
80	2.703126
80	2.847398
80	2.425256
80	3.074767
80	2.839963
80	2.450303
80	2.760815
80	2.915610
80	3.642847
80	2.834456
80	2.923190
80	2.809833
80	3.255363
80	3.316728
80	2.759669
80	10.000000
80	2.615781
80	3.219186
80	3.088277
80	3.027531
80	2.963274
80	3.419558
80	2.832159
80	2.750774
80	2.687953
80	2.922096
80	3.396831
80	3.196878
80	2.220296
80	2.897193
80	3.034936
80	2.830797
80	2.638351
80	3.002606
80	2.900198
80	2.041245
80	3.255967
80	2.828612
80	2.755260
80	3.583444
80	3.034605
80	2.797252
80	3.153532
80	7.380214
80	2.904264
80	2.828415
80	3.061326
80	3.070606
80	3.070340
80	4.743630
80	2.749391
80	2.844853
80	3.138729
80	2.940543
80	2.935439
80	2.839420
80	2.920153
80	2.957741
80	2.301186
80	2.822997
80	3.743934
80	2.752401
80	3.353485
80	2.793221
80	3.055669
80	2.833888
80	3.446776
80	3.221583
80	3.293200
80	3.253127
90	2.964410
90	3.041488
90	3.214603
90	2.748735
90	2.887613
90	3.124663
90	2.973797
90	2.923620
90	3.138860
90	3.097336
90	2.259370
90	3.486294
90	2.461567
90	3.160942
90	2.740003
90	3.346174
90	3.128193
90	2.950487
90	2.789442
90	2.816442
90	2.983804
90	2.797524
90	3.055678
90	3.121081
90	2.834959
90	3.374761
90	3.963839
90	3.134780
90	3.025144
90	2.916508
90	2.885286
90	3.020066
90	3.211425
90	3.214985
90	2.825626
90	2.783230
90	3.015849
90	2.866960
90	2.946157
90	2.972566
90	3.207879
90	2.809707
90	2.910625
90	2.921584
90	2.769882
90	2.933488
90	2.765253
90	2.633170
90	3.108597
90	2.642550
90	2.826935
90	2.903127
90	3.013357
90	3.468755
90	3.314293
90	2.824490
90	2.972405
90	3.017271
90	2.771600
90	2.976555
90	3.154944
90	2.881626
90	3.406120
90	2.905166
90	2.882272
90	3.013449
90	2.961310
90	2.808506
90	2.977603
90	2.923912
90	2.865235
90	2.868330
90	2.769579
90	2.822329
90	3.303557
90	2.854283
90	2.811554
90	2.987072
90	2.840104
90	2.955926
90	2.894020
90	3.024180
90	3.671096
90	2.757595
90	2.875596
90	3.355124
90	2.713709
90	2.818643
90	2.878161
90	2.921163
90	2.851850
90	2.749707
90	2.806424
90	3.037211
90	3.145226
90	2.817631
90	2.641942
90	2.944178
90	2.917461
90	3.066165
90	2.847465
90	3.890762
90	2.372274
90	2.894806
90	3.245887
90	2.907723
90	3.007714
90	2.900267
90	3.211271
90	2.872802
90	3.103693
90	3.322987
90	3.211290
90	2.947987
90	2.464081
90	2.805467
90	2.883844
90	3.124317
90	3.502425
90	3.103882
90	2.957234
90	3.017400
90	2.805016
90	2.900800
90	2.958450
90	2.524568
90	2.887549
90	3.210003
90	2.893803
90	2.701184
90	3.034145
90	2.758043
90	2.924191
90	3.220430
90	3.174097
90	2.923403
90	3.236235
90	2.980248
90	2.883005
90	2.687318
90	3.850210
90	3.100353
90	3.637788
90	3.212425
90	3.343504
90	3.015560
90	2.936189
90	3.145428
90	3.181063
90	2.686237
90	2.753410
90	3.282777
90	2.764243
90	3.473887
90	3.082715
90	2.699503
90	3.583791
90	2.890859
90	2.866663
90	2.905918
90	2.753627
90	2.714162
90	3.566272
90	3.264321
90	2.726685
90	3.055831
90	3.135971
90	2.938305
90	3.621650
90	3.068337
90	3.108559
90	2.987307
90	2.509513
90	2.857754
90	3.046015
90	3.000168
90	3.028038
90	2.638103
90	3.261394
90	2.782441
90	2.984705
90	3.043732
90	2.794188
90	2.702636
90	2.973077
90	3.163762
90	3.197897
90	2.866367
90	2.825075
90	3.117238
90	3.041197
90	2.822468
90	2.762457
90	2.937821
90	3.103546
90	2.895861
90	3.194820
90	2.941473
90	2.894479
90	2.991858
100	2.872731
100	2.936421
100	2.774191
100	3.282032
100	2.664064
100	2.880851
100	2.906062
100	3.881916
100	2.926747
100	2.745208
100	3.162995
100	2.935135
100	2.266082
100	2.695056
100	2.862713
100	2.809922
100	2.948772
100	2.801176
100	3.015779
100	2.883730
100	2.745976
100	2.740736
100	3.004930
100	3.674410
100	2.977612
100	3.077997
100	2.722673
100	2.973392
100	2.868793
100	2.551065
100	2.830321
100	3.011009
100	2.855048
100	2.858099
100	2.987649
100	2.795616
100	2.707049
100	3.151260
100	3.125505
100	2.961393
100	2.856895
100	3.255900
100	2.920050
100	2.797816
100	2.935455
100	3.556840
100	2.915610
100	2.914085
100	2.832517
100	2.986305
100	3.267240
100	2.820690
100	3.048746
100	3.065182
100	3.269262
100	4.756719
100	2.909245
100	2.867111
100	2.990449
100	2.778337
100	2.956258
100	2.872983
100	3.209406
100	3.190013
100	3.216437
100	2.751474
100	2.818995
100	3.038275
100	2.960951
100	3.175123
100	2.787580
100	3.139024
100	3.026791
100	2.921562
100	2.930484
100	3.225897
100	3.553642
100	2.928821
100	3.228658
100	2.931115
100	2.791672
100	3.104557
100	2.890339
100	3.206208
100	3.328260
100	2.802796
100	2.893706
100	2.789761
100	3.089787
100	2.833327
100	2.919724
100	2.907137
100	3.084865
100	3.250937
100	3.484533
100	3.075802
100	3.465168
100	3.086405
100	3.627084
100	2.850412
100	2.939928
100	2.937919
100	3.140256
100	2.745403
100	3.083374
100	2.598216
100	2.752581
100	2.799024
100	2.839036
100	3.113385
100	3.346330
100	3.064991
100	2.764496
100	3.014966
100	2.853702
100	3.013056
100	3.590331
100	2.765227
100	10.000000
100	2.792583
100	3.070128
100	2.951630
100	2.896533
100	3.040356
100	3.392531
100	3.112155
100	2.946133
100	2.975449
100	2.933009
100	2.895213
100	3.221949
100	2.936218
100	3.005329
100	3.021931
100	2.922604
100	3.181824
100	4.368845
100	2.788596
100	2.968571
100	3.046631
100	2.941226
100	2.882112
100	2.700479
100	2.955876
100	3.023336
100	3.060958
100	2.949813
100	3.155840
100	3.028735
100	2.709224
100	3.258182
100	2.754939
100	2.816855
100	2.959419
100	3.543072
100	3.065151
100	3.299862
100	2.885409
100	3.392351
100	3.066934
100	2.937921
100	2.878756
100	3.367822
100	2.860951
100	2.919986
100	3.505927
100	2.916594
100	2.874305
100	3.026725
100	2.937193
100	3.626393
100	2.792405
100	4.005004
100	3.077654
100	3.354537
100	3.145441
100	3.141809
100	3.178288
100	3.047970
100	2.795580
100	2.605533
100	3.269146
100	3.966334
100	3.331397
100	2.693432
100	3.022652
100	2.871336
100	2.725992
100	2.816227
100	3.108555
100	2.981905
100	2.843817
100	2.910888
100	2.728125
100	2.866921
100	2.988623
100	2.397035
100	2.915079
100	3.690741
100	2.925346

110	10.000000
110	0.950208
110	0.914162
110	0.968672
110	0.874307
110	0.895116
110	10.000000
110	10.000000
110	0.886245
110	0.936311
110	0.912158
110	0.977766
110	10.000000
110	0.898519
110	0.925267
110	10.000000
110	0.899123
110	0.979054
110	10.000000
110	0.646043
110	10.000000
110	0.926144
110	10.000000
110	1.815840
110	10.000000
110	10.000000
110	2.396910
110	0.985275
110	0.958439
110	10.000000
110	10.000000
110	0.937848
110	0.992703
110	0.982664
110	0.802238
110	0.932246
110	10.000000
110	0.874722
110	0.996026
110	0.961321
110	0.966929
110	0.963057
110	10.000000
110	10.000000
110	10.000000
110	0.910298
110	0.980624
110	0.923170
110	10.000000
110	10.000000
110	10.000000
110	10.000000
110	10.000000
110	0.973903
110	10.000000
110	1.043808
110	0.896464
110	0.926550
110	0.948488
110	0.948893
110	10.000000
110	0.965372
110	1.162103
110	10.000000
110	0.964497
110	0.942489
110	0.939318
110	10.000000
110	10.000000
110	10.000000
110	0.921525
110	10.000000
110	0.953053
110	1.033110
110	10.000000
110	0.887723
110	0.994348
110	0.938996
110	10.000000
110	10.000000
110	10.000000
110	1.115923
110	10.000000
110	0.979241
110	10.000000
110	10.000000
110	0.905587
110	10.000000
110	0.910996
110	0.700873
110	10.000000
110	0.951102
110	0.905251
110	0.957123
110	0.938425
110	0.910292
110	0.939511
110	10.000000
110	0.945521
110	10.000000
110	10.000000
110	0.955054
110	1.046386
110	10.000000
110	0.960162
110	0.886124
110	0.999732
110	0.963859
110	0.944720
110	0.999497
110	10.000000
110	0.919799
110	10.000000
110	0.947178
110	4.825150
110	0.866031
110	10.000000
110	10.000000
110	10.000000
110	1.013915
110	10.000000
110	0.928235
110	0.972958
110	10.000000
110	10.000000
110	0.813037
110	0.951555
110	0.963734
110	0.639691
110	0.938624
110	1.000724
110	0.961507
110	1.409992
110	0.896789
110	1.106676
110	0.990116
110	0.976634
110	10.000000
110	0.949771
110	0.935004
110	10.000000
110	0.984763
110	10.000000
110	10.000000
110	0.990690
110	10.000000
110	0.511099
110	1.255366
110	10.000000
110	0.915904
110	10.000000
110	10.000000
110	10.000000
110	1.013467
110	0.934019
110	0.621467
110	0.986116
110	10.000000
110	10.000000
110	0.909696
110	0.907873
110	0.994246
110	0.942596
110	10.000000
110	0.916137
110	10.000000
110	0.990963
110	10.000000
110	0.996525
110	0.923519
110	10.000000
110	1.264557
110	10.000000
110	0.959072
110	10.000000
110	10.000000
110	1.010388
110	0.959663
110	10.000000
110	10.000000
110	0.957534
110	0.976535
110	10.000000
110	10.000000
110	10.000000
110	0.970272
110	0.892310
110	0.955473
110	0.946435
110	10.000000
110	0.963234
110	0.941452
110	10.000000
110	10.000000
110	10.000000
110	10.000000
110	10.000000
110	10.000000
110	10.000000
110	0.964884
120	10.000000
120	10.000000
120	1.361755
120	3.473629
120	1.431476
120	1.439989
120	1.407693
120	10.000000
120	10.000000
120	1.441750
120	1.352227
120	1.417559
120	1.325485
120	1.438372
120	10.000000
120	10.000000
120	1.370966
120	10.000000
120	1.451621
120	1.435804
120	10.000000
120	1.437487
120	10.000000
120	1.241268
120	1.379816
120	1.436865
120	10.000000
120	1.431074
120	10.000000
120	10.000000
120	10.000000
120	1.496625
120	1.318953
120	1.349009
120	1.395829
120	10.000000
120	1.187816
120	1.467810
120	1.456640
120	1.304785
120	10.000000
120	10.000000
120	10.000000
120	10.000000
120	10.000000
120	10.000000
120	1.414970
120	1.390343
120	10.000000
120	1.268439
120	10.000000
120	1.409896
120	10.000000
120	10.000000
120	1.357716
120	10.000000
120	10.000000
120	1.430428
120	10.000000
120	10.000000
120	1.446895
120	10.000000
120	1.462298
120	1.473638
120	1.246092
120	1.382456
120	10.000000
120	10.000000
120	0.835414
120	1.342150
120	1.148152
120	10.000000
120	1.150063
120	10.000000
120	1.446973
120	10.000000
120	22.844415
120	0.971073
120	1.433704
120	10.000000
120	10.000000
120	1.378794
120	10.000000
120	10.000000
120	1.364234
120	10.000000
120	1.408597
120	1.439138
120	10.000000
120	10.000000
120	10.000000
120	1.456612
120	10.000000
120	0.957633
120	10.000000
120	1.459424
120	10.000000
120	1.427661
120	1.248392
120	10.000000
120	10.000000
120	10.000000
120	0.977551
120	10.000000
120	1.437314
120	1.336638
120	1.442972
120	1.027651
120	10.000000
120	10.000000
120	1.447783
120	10.000000
120	10.000000
120	1.400691
120	1.246323
120	10.000000
120	10.000000
120	10.000000
120	1.071711
120	1.223514
120	1.641123
120	10.000000
120	10.000000
120	1.088990
120	10.000000
120	1.070195
120	1.224576
120	1.382580
120	10.000000
120	1.457928
120	10.000000
120	1.412016
120	10.000000
120	1.476916
120	10.000000
120	1.426855
120	1.401127
120	2.602944
120	1.406145
120	1.344769
120	10.000000
120	10.000000
120	1.449526
120	1.316470
120	3.588240
120	10.000000
120	1.336431
120	10.000000
120	1.455476
120	10.000000
120	10.000000
120	1.148800
120	10.000000
120	1.413607
120	1.437365
120	10.000000
120	10.000000
120	10.000000
120	10.000000
120	10.000000
120	1.374204
120	1.232818
120	0.975972
120	1.319790
120	1.450654
120	10.000000
120	1.420187
120	10.000000
120	10.000000
120	10.000000
120	10.000000
120	1.498225
120	10.000000
120	1.270613
120	1.473570
120	1.449747
120	10.000000
120	0.965898
120	1.449172
120	10.000000
120	1.107477
120	1.434991
120	10.000000
120	1.242060
120	10.000000
120	1.459399
120	0.717482
120	1.597152
120	10.000000
120	10.000000
120	10.000000
120	1.420294
120	10.000000
120	1.431403
120	1.443289
120	10.000000
120	1.446034
120	1.404998
120	10.000000
120	1.456754
130	0.996274
130	1.457759
130	10.000000
130	1.059899
130	10.000000
130	10.000000
130	1.433795
130	1.450688
130	10.000000
130	0.899463
130	10.000000
130	1.239057
130	1.397670
130	1.415439
130	1.189739
130	10.000000
130	1.418346
130	1.472677
130	10.000000
130	1.486947
130	1.444399
130	10.000000
130	1.416658
130	8.940689
130	10.000000
130	1.468381
130	10.000000
130	10.000000
130	1.457617
130	1.468388
130	1.450504
130	1.293479
130	1.411761
130	1.308392
130	10.273507
130	1.455780
130	10.000000
130	10.000000
130	10.000000
130	1.461699
130	1.426046
130	10.000000
130	1.464172
130	1.473911
130	1.456585
130	1.419723
130	10.000000
130	10.000000
130	10.000000
130	0.925313
130	10.000000
130	1.427766
130	1.470938
130	1.473048
130	10.000000
130	1.473147
130	10.000000
130	10.000000
130	1.314009
130	0.916304
130	10.000000
130	1.382319
130	10.000000
130	1.361452
130	1.352368
130	1.252666
130	10.000000
130	10.000000
130	10.000000
130	1.476126
130	1.412198
130	10.000000
130	1.424349
130	10.000000
130	1.455133
130	1.394814
130	1.483934
130	10.000000
130	10.000000
130	1.419284
130	10.000000
130	1.422438
130	10.000000
130	10.000000
130	10.000000
130	10.000000
130	10.000000
130	10.000000
130	1.451297
130	1.456273
130	10.000000
130	10.000000
130	1.476708
130	10.000000
130	10.000000
130	10.000000
130	1.409347
130	10.000000
130	1.432302
130	10.000000
130	1.381937
130	10.000000
130	1.483520
130	1.482191
130	0.954388
130	1.412288
130	1.381973
130	10.000000
130	10.000000
130	10.000000
130	10.000000
130	1.362286
130	1.433190
130	10.000000
130	10.000000
130	1.440915
130	10.000000
130	4.022375
130	10.000000
130	10.000000
130	1.461745
130	1.384641
130	1.108594
130	1.457596
130	1.445839
130	10.000000
130	1.045027
130	1.474697
130	1.194476
130	10.000000
130	1.341448
130	1.653544
130	10.000000
130	1.435412
130	0.926799
130	1.406111
130	1.310810
130	1.467347
130	1.455474
130	1.337566
130	1.413878
130	1.450955
130	10.000000
130	1.473206
130	10.000000
130	1.032981
130	1.381930
130	10.000000
130	1.476219
130	1.006831
130	10.000000
130	10.000000
130	1.428403
130	1.440044
130	1.437762
130	10.000000
130	1.413198
130	1.384687
130	1.406354
130	1.466272
130	10.000000
130	10.000000
130	1.469791
130	10.000000
130	1.179724
130	10.000000
130	10.000000
130	1.433810
130	10.000000
130	10.000000
130	1.397870
130	10.000000
130	1.481694
130	10.000000
130	10.000000
130	10.000000
130	1.302930
130	10.000000
130	1.468785
130	1.462383
130	6.755903
130	1.432359
130	10.000000
130	10.000000
130	1.447662
130	10.000000
130	10.000000
130	10.000000
130	1.466476
130	10.000000
130	1.379720
130	10.000000
130	10.000000
130	1.457776
130	10.000000
130	1.474627
130	1.085556
130	10.000000
130	1.441033
130	10.000000
140	1.456438
140	1.455951
140	10.000000
140	1.466035
140	1.392272
140	3.295240
140	1.306892
140	10.000000
140	10.000000
140	1.332545
140	10.000000
140	1.487486
140	1.478445
140	1.342260
140	1.291167
140	10.000000
140	1.477890
140	1.483456
140	1.343068
140	1.396592
140	10.000000
140	10.000000
140	1.477971
140	1.469115
140	10.000000
140	10.000000
140	1.443827
140	10.000000
140	1.436868
140	10.000000
140	1.457757
140	1.488491
140	1.480517
140	1.432989
140	1.324953
140	1.459056
140	1.405834
140	1.491958
140	10.000000
140	10.000000
140	1.480177
140	10.000000
140	1.477295
140	1.459394
140	10.000000
140	1.474939
140	1.019430
140	1.440649
140	1.470752
140	10.000000
140	10.000000
140	10.000000
140	10.000000
140	1.179324
140	1.136888
140	10.000000
140	1.483427
140	1.443853
140	1.468781
140	1.468021
140	10.000000
140	10.000000
140	10.000000
140	10.000000
140	10.000000
140	1.367977
140	10.000000
140	10.000000
140	1.432637
140	1.448626
140	1.454166
140	10.000000
140	10.000000
140	10.000000
140	10.000000
140	1.470932
140	1.173095
140	10.000000
140	10.000000
140	1.445968
140	1.433429
140	10.000000
140	10.000000
140	1.478157
140	1.443478
140	10.000000
140	1.783182
140	1.441902
140	1.477787
140	10.000000
140	10.000000
140	1.486627
140	10.000000
140	10.000000
140	10.000000
140	1.465675
140	1.416076
140	1.484333
140	1.467308
140	1.460512
140	1.484287
140	10.000000
140	10.000000
140	1.485598
140	1.037796
140	1.356126
140	10.000000
140	10.000000
140	1.428506
140	10.000000
140	10.000000
140	1.426952
140	1.455499
140	10.000000
140	1.386042
140	10.000000
140	10.000000
140	1.477215
140	1.468829
140	1.348187
140	10.000000
140	5.399653
140	1.437458
140	1.447795
140	1.641383
140	1.099028
140	1.440162
140	10.000000
140	10.000000
140	10.000000
140	10.000000
140	10.000000
140	1.444716
140	1.298224
140	10.000000
140	10.000000
140	1.487812
140	1.455763
140	1.320879
140	10.000000
140	1.414939
140	10.000000
140	10.000000
140	1.471469
140	10.000000
140	1.466589
140	1.480825
140	1.028777
140	1.467159
140	1.405401
140	1.420105
140	1.477435
140	10.000000
140	10.000000
140	1.331874
140	1.436331
140	10.000000
140	10.000000
140	1.446501
140	10.000000
140	1.478421
140	1.490943
140	10.000000
140	10.000000
140	10.000000
140	1.480705
140	10.000000
140	1.468451
140	1.391664
140	1.494871
140	10.000000
140	1.450911
140	10.000000
140	1.456150
140	1.392035
140	1.478337
140	10.000000
140	10.000000
140	1.488796
140	1.443257
140	1.299063
140	1.428102
140	1.465250
140	1.483634
140	1.412035
140	10.000000
140	1.471431
140	1.440169
140	1.351868
140	1.202071
140	1.478788
140	10.000000
140	1.279699
140	1.340886
140	10.000000
140	1.460106
140	1.476348
140	10.000000
140	1.358559
140	1.350128
150	10.000000
150	1.473876
150	1.479329
150	10.000000
150	1.433731
150	1.454659
150	1.417896
150	1.468418
150	1.481326
150	1.432492
150	1.262948
150	1.386397
150	1.466025
150	1.477350
150	10.000000
150	1.457956
150	10.000000
150	10.000000
150	1.437581
150	0.857318
150	10.000000
150	1.484429
150	10.000000
150	10.000000
150	1.489990
150	1.401961
150	1.468427
150	10.000000
150	1.325928
150	1.471947
150	10.000000
150	1.485920
150	1.317077
150	1.427650
150	1.488060
150	1.479819
150	1.477372
150	1.440042
150	1.486663
150	10.000000
150	1.453580
150	10.000000
150	1.429843
150	1.486582
150	0.892740
150	10.000000
150	10.000000
150	1.458625
150	1.465228
150	1.487764
150	1.423628
150	1.470480
150	10.000000
150	1.483196
150	1.469070
150	1.187052
150	10.000000
150	10.000000
150	10.000000
150	1.386173
150	10.000000
150	1.493538
150	1.174465
150	1.361993
150	1.127407
150	10.000000
150	1.203686
150	10.000000
150	10.000000
150	1.453199
150	1.242710
150	10.000000
150	1.344780
150	1.475710
150	10.000000
150	10.000000
150	1.463424
150	1.479896
150	10.000000
150	10.000000
150	10.000000
150	1.430089
150	10.000000
150	10.000000
150	10.000000
150	10.000000
150	10.000000
150	10.000000
150	10.000000
150	10.000000
150	1.473414
150	1.470394
150	10.000000
150	1.449757
150	1.448366
150	10.000000
150	10.000000
150	1.474815
150	10.000000
150	1.483991
150	10.000000
150	1.493178
150	1.489210
150	1.379599
150	1.491991
150	1.490738
150	10.000000
150	1.446189
150	1.470724
150	0.954132
150	10.000000
150	10.000000
150	1.431265
150	1.172037
150	1.483701
150	1.395785
150	1.464348
150	1.481812
150	10.000000
150	10.000000
150	1.364153
150	10.000000
150	1.352637
150	10.000000
150	1.306034
150	10.000000
150	1.446146
150	10.000000
150	1.286055
150	1.478517
150	1.398613
150	1.440023
150	10.000000
150	1.426408
150	1.391061
150	1.453511
150	1.347786
150	1.414896
150	10.000000
150	1.378006
150	10.000000
150	10.000000
150	1.450609
150	10.000000
150	1.460272
150	10.000000
150	10.000000
150	1.320762
150	10.000000
150	10.000000
150	10.000000
150	1.437843
150	10.000000
150	1.472954
150	1.464874
150	1.461424
150	3.130778
150	10.000000
150	10.000000
150	1.489328
150	1.474764
150	1.492987
150	1.326159
150	1.385772
150	1.459600
150	10.000000
150	1.456529
150	1.450603
150	10.000000
150	10.000000
150	1.391165
150	1.488483
150	10.000000
150	10.000000
150	10.000000
150	10.000000
150	10.000000
150	1.460294
150	10.000000
150	1.443367
150	10.000000
150	10.000000
150	10.000000
150	1.482399
150	1.482990
150	1.462731
150	10.000000
150	10.000000
150	10.000000
150	1.486512
150	1.196509
150	1.370327
150	10.000000
150	10.000000
150	10.000000
150	10.000000
150	1.385388
150	1.228355
150	10.000000
150	10.000000
