10	0.154357
10	0.793517
10	0.651467
10	0.489407
10	0.268237
10	0.235947
10	0.264848
10	0.348777
10	0.426611
10	0.276445
10	0.788400
10	1.632741
10	0.507000
10	0.626025
10	0.258854
10	0.332174
10	0.499527
10	0.369041
10	0.545044
10	0.610276
10	0.369939
10	0.642739
10	0.437637
10	0.268420
10	0.165256
10	0.268238
10	0.177192
10	0.790375
10	0.148632
10	1.026668
10	0.530581
10	0.261835
10	0.142474
10	0.230243
10	1.664726
10	0.909503
10	2.100251
10	0.188731
10	0.330951
10	0.413420
10	1.216983
10	0.504589
10	0.382450
10	0.117772
10	1.780970
10	0.546249
10	0.317059
10	0.186762
10	0.288280
10	0.194526
10	0.184107
10	0.585821
10	0.632823
10	0.324318
10	0.370236
10	0.819803
10	0.603887
10	0.476339
10	0.233838
10	0.831453
10	0.295487
10	1.416482
10	0.228745
10	0.325789
10	1.084408
10	0.197309
10	2.722588
10	0.273029
10	0.283879
10	0.350197
10	0.241068
10	0.327472
10	1.099123
10	0.464721
10	0.434159
10	0.451264
10	0.334233
10	0.450584
10	0.727002
10	0.120583
10	0.916946
10	0.194728
10	1.541305
10	1.016080
10	1.042599
10	0.868796
10	0.944655
10	0.410382
10	0.611146
10	0.165711
10	0.350587
10	3.112407
10	0.214423
10	0.310404
10	1.388817
10	0.609490
10	0.906620
10	0.933209
10	0.561828
10	0.628486
20	1.615360
20	1.064653
20	0.473651
20	0.922020
20	0.160629
20	1.290556
20	1.474832
20	2.971595
20	0.935940
20	0.434564
20	0.305964
20	0.630104
20	0.623341
20	0.643642
20	1.484799
20	0.525736
20	0.557920
20	2.127138
20	0.579783
20	1.338373
20	0.610462
20	0.423460
20	0.742430
20	1.287404
20	0.967134
20	0.342079
20	1.394259
20	1.466654
20	0.379827
20	0.638813
20	0.965634
20	2.065835
20	0.681774
20	1.315916
20	1.383007
20	0.471578
20	0.672109
20	0.601256
20	0.398372
20	0.273320
20	0.445576
20	1.516320
20	0.312396
20	0.730418
20	4.006207
20	0.234447
20	0.402070
20	0.264345
20	0.316979
20	0.551474
20	0.457100
20	0.359168
20	1.847978
20	0.355563
20	0.438381
20	0.638295
20	0.629623
20	0.817027
20	0.667073
20	0.424529
20	1.251908
20	0.468772
20	0.735831
20	1.785922
20	1.515310
20	1.798030
20	0.797391
20	1.196735
20	0.705911
20	0.996310
20	1.229342
20	0.291140
20	0.489141
20	1.272840
20	0.999187
20	1.031380
20	0.737608
20	0.256271
20	0.779108
20	0.612076
20	0.540799
20	0.801411
20	0.759602
20	0.194502
20	0.943772
20	1.327529
20	1.401437
20	1.318433
20	0.734039
20	1.111618
20	1.039143
20	1.458840
20	1.040561
20	0.696185
20	0.387634
20	1.397561
20	0.843730
20	0.614883
20	0.225345
20	1.302939
30	5.028478
30	4.073293
30	2.489510
30	3.114862
30	4.363013
30	3.403867
30	3.287533
30	2.739644
30	1.953404
30	4.439029
30	3.333572
30	5.698225
30	3.197806
30	3.425481
30	2.653726
30	1.563848
30	2.832739
30	3.712722
30	3.146269
30	3.443276
30	2.782471
30	2.562921
30	2.381357
30	3.578337
30	4.393387
30	4.351235
30	4.166544
30	3.390257
30	3.322870
30	2.920386
30	3.476703
30	3.457342
30	4.646492
30	3.609831
30	6.059828
30	5.178108
30	3.980990
30	3.140781
30	5.049458
30	3.691879
30	2.662052
30	3.529853
30	4.350916
30	2.912819
30	2.658755
30	3.160690
30	2.975800
30	2.648018
30	3.593588
30	4.675821
30	3.730100
30	1.351265
30	4.597598
30	4.211306
30	3.684569
30	6.075561
30	4.973949
30	3.793291
30	2.084337
30	6.269015
30	5.191081
30	2.956961
30	3.271365
30	3.923740
30	3.010829
30	2.988996
30	2.644642
30	1.495408
30	3.154894
30	3.732822
30	0.985043
30	5.680600
30	3.398065
30	4.119671
30	4.390121
30	3.115803
30	2.162305
30	2.291214
30	3.952267
30	3.248504
30	2.894217
30	2.715297
30	3.686034
30	2.595258
30	3.357319
30	1.581165
30	3.137515
30	3.164307
30	3.387589
30	3.344741
30	4.877296
30	3.886798
30	3.967039
30	0.387889
30	2.924672
30	3.595139
30	4.521026
30	4.612508
30	4.191101
30	3.620639
40	3.723824
40	5.382998
40	5.420477
40	5.265055
40	7.169274
40	4.313262
40	5.921060
40	3.272867
40	6.217926
40	5.607416
40	4.749173
40	5.013298
40	4.975413
40	4.234399
40	3.233140
40	2.091610
40	3.277170
40	4.699612
40	4.994218
40	5.514181
40	4.006579
40	3.653119
40	2.843429
40	4.631057
40	3.825074
40	2.680900
40	5.358719
40	4.867965
40	4.298778
40	5.243319
40	5.082356
40	5.148585
40	5.146729
40	4.429834
40	4.622424
40	4.789760
40	5.389628
40	5.473802
40	3.623246
40	5.759163
40	5.785053
40	4.212064
40	4.840685
40	5.265082
40	2.897768
40	5.142963
40	5.496541
40	3.886834
40	4.608556
40	5.028627
40	5.683328
40	5.221262
40	5.354788
40	5.511301
40	4.043395
40	4.888971
40	7.377828
40	6.235793
40	5.490416
40	5.332400
40	4.407616
40	5.312362
40	4.272416
40	2.775284
40	5.231729
40	5.134262
40	3.451976
40	4.644038
40	4.502501
40	4.584452
40	5.223714
40	3.996376
40	4.979180
40	3.222451
40	5.642118
40	5.846168
40	5.809811
40	4.213482
40	4.688319
40	4.262407
40	4.575585
40	6.376399
40	5.831306
40	4.539871
40	5.410658
40	4.709978
40	5.202848
40	5.103139
40	5.637597
40	5.250276
40	5.201098
40	6.422535
40	4.392969
40	5.612296
40	4.505621
40	2.423243
40	6.336297
40	5.334323
40	5.544695
40	5.034550
50	2.668862
50	4.714487
50	5.255234
50	5.448030
50	5.774399
50	5.437676
50	4.473553
50	3.961666
50	3.688790
50	5.513502
50	4.466150
50	4.984457
50	5.193561
50	6.016034
50	5.481696
50	4.012827
50	6.549227
50	5.185344
50	5.320821
50	5.413776
50	5.343262
50	5.874433
50	4.918917
50	5.439482
50	6.490441
50	6.573323
50	4.924875
50	2.530531
50	5.392811
50	5.946629
50	5.168518
50	5.449691
50	5.662888
50	4.116063
50	3.999918
50	5.817147
50	5.182672
50	5.359892
50	5.558848
50	3.787509
50	4.995116
50	3.798972
50	5.469579
50	5.016109
50	6.739048
50	6.569069
50	3.370995
50	5.445064
50	5.235399
50	5.548322
50	4.182719
50	4.964437
50	2.063432
50	2.833695
50	4.316163
50	6.045377
50	5.073339
50	5.634250
50	2.782214
50	5.264768
50	6.621027
50	5.166380
50	5.442986
50	4.923393
50	5.448988
50	4.431294
50	4.804083
50	2.948957
50	6.940524
50	5.790977
50	4.871950
50	5.398668
50	4.110313
50	5.046767
50	4.518570
50	5.392912
50	5.269362
50	5.748578
50	6.133813
50	6.253559
50	5.574345
50	5.718059
50	5.296579
50	5.769747
50	5.476934
50	5.839908
50	3.344232
50	5.511103
50	4.309258
50	5.175545
50	5.824181
50	5.602442
50	5.355092
50	4.630180
50	5.096516
50	5.069651
50	5.404493
50	5.109192
50	4.930943
50	4.205333
60	1.341236
60	3.139216
60	2.493753
60	4.013657
60	2.491764
60	2.961998
60	3.257120
60	2.767216
60	2.223553
60	2.379397
60	3.434743
60	3.799247
60	2.828766
60	3.160784
60	2.331452
60	2.531172
60	2.852574
60	3.138657
60	3.449525
60	1.927311
60	3.505827
60	2.864952
60	4.550947
60	3.473347
60	2.721063
60	3.095766
60	10.000000
60	2.691660
60	1.556431
60	1.947192
60	2.942832
60	2.322347
60	2.606741
60	3.310380
60	2.904655
60	0.946218
60	1.942191
60	2.927164
60	2.757880
60	3.350994
60	2.675837
60	2.564156
60	2.735122
60	3.360955
60	3.253585
60	4.507719
60	3.530974
60	2.093207
60	2.962924
60	2.854582
60	2.942256
60	2.787371
60	2.744323
60	3.102202
60	3.082067
60	3.764388
60	2.802802
60	2.922601
60	1.951140
60	2.625602
60	4.802971
60	1.001063
60	2.691942
60	2.654856
60	2.740191
60	2.607604
60	2.908485
60	2.786579
60	3.045433
60	2.264788
60	2.446925
60	2.545001
60	1.094403
60	3.385235
60	2.789990
60	3.174576
60	2.255213
60	2.309076
60	2.494281
60	3.220419
60	2.878227
60	3.382953
60	2.321089
60	2.696893
60	3.152005
60	2.724191
60	2.883441
60	3.905492
60	2.585046
60	3.420440
60	2.109733
60	2.802076
60	3.229243
60	2.841113
60	1.669559
60	2.877023
60	3.058934
60	2.965453
60	3.134212
60	3.452175
70	2.772159
70	3.124153
70	2.916811
70	2.718873
70	2.838015
70	2.902214
70	4.686720
70	2.974954
70	2.524643
70	2.991692
70	2.990037
70	3.625156
70	2.943545
70	2.906885
70	3.129847
70	2.928046
70	3.208914
70	2.395474
70	3.057688
70	3.188469
70	3.441566
70	3.136863
70	2.746213
70	3.340178
70	2.984358
70	3.187410
70	3.371442
70	2.951707
70	2.515770
70	3.139193
70	3.189951
70	3.368009
70	3.823342
70	2.805014
70	2.830753
70	3.281020
70	3.039906
70	3.300867
70	3.612686
70	1.829546
70	3.827184
70	2.977438
70	2.911747
70	2.939204
70	4.160879
70	2.555275
70	3.293523
70	1.971019
70	3.128953
70	3.671201
70	3.192467
70	3.362035
70	4.022589
70	3.143632
70	2.688039
70	3.046022
70	3.579043
70	2.827806
70	2.480470
70	3.612063
70	1.810268
70	2.949292
70	3.312791
70	3.492112
70	3.647968
70	2.959391
70	3.106417
70	3.276710
70	3.119952
70	3.354324
70	2.468031
70	3.221485
70	3.055292
70	3.157732
70	4.515678
70	1.653015
70	3.373664
70	2.926992
70	3.967670
70	2.722529
70	3.109415
70	3.583935
70	2.988236
70	3.049096
70	2.991156
70	2.795894
70	3.381388
70	1.873645
70	3.355758
70	3.501820
70	2.775379
70	2.981239
70	3.176493
70	2.939345
70	2.915267
70	2.884556
70	2.751892
70	2.777319
70	0.936170
70	2.201507
80	2.028365
80	1.335288
80	2.940493
80	3.038126
80	2.433652
80	2.824506
80	2.685655
80	3.488103
80	0.507436
80	1.891271
80	3.402422
80	4.177828
80	3.443961
80	2.980241
80	2.905000
80	3.004364
80	2.732089
80	2.847960
80	1.979824
80	3.162461
80	2.958171
80	3.151709
80	2.349729
80	2.924965
80	3.245288
80	3.492007
80	3.202586
80	3.085959
80	2.483213
80	3.627563
80	2.970024
80	3.034757
80	10.000000
80	2.654899
80	3.512031
80	4.112882
80	3.631089
80	3.466432
80	3.413852
80	3.231571
80	2.689123
80	2.767162
80	3.495533
80	3.106116
80	3.600872
80	3.068080
80	3.011559
80	3.132740
80	3.091732
80	3.369334
80	2.905646
80	3.387364
80	3.064120
80	2.999648
80	3.274556
80	2.492769
80	3.176477
80	1.771955
80	4.403332
80	2.313397
80	3.333566
80	3.360123
80	3.100829
80	3.180781
80	3.185252
80	3.692919
80	2.231682
80	2.953180
80	3.235461
80	3.169191
80	1.437774
80	2.897245
80	3.028802
80	3.006520
80	3.000758
80	3.503172
80	2.971959
80	3.009035
80	2.750757
80	2.027099
80	3.305480
80	3.200091
80	2.305055
80	3.670905
80	4.488953
80	3.177420
80	2.309740
80	2.975810
80	3.115732
80	4.062468
80	3.161680
80	1.590288
80	2.121759
80	3.339799
80	2.100907
80	2.490252
80	3.242976
80	3.589244
80	3.357452
80	3.349615
90	2.958323
90	3.247776
90	3.044377
90	3.341155
90	2.433935
90	3.201893
90	2.872349
90	2.732307
90	10.000000
90	3.528982
90	2.773401
90	3.802194
90	3.047449
90	3.033206
90	2.513445
90	3.059182
90	2.764668
90	3.370600
90	3.423350
90	3.295355
90	2.820049
90	3.111789
90	3.178032
90	3.478859
90	3.298339
90	4.059095
90	3.508437
90	3.141565
90	3.148941
90	2.601292
90	2.999075
90	2.962919
90	3.110952
90	3.375497
90	3.386002
90	3.309615
90	3.586072
90	2.524730
90	3.003010
90	2.234400
90	2.913865
90	3.646555
90	3.020659
90	1.626658
90	2.901722
90	4.215777
90	3.257293
90	3.310905
90	2.720756
90	4.596375
90	3.320170
90	5.044144
90	1.066935
90	4.252337
90	5.085601
90	3.167467
90	2.364257
90	3.022742
90	3.537500
90	4.334635
90	3.585279
90	3.027863
90	2.800377
90	3.615319
90	3.678468
90	2.931946
90	2.972473
90	3.590250
90	3.100181
90	3.356861
90	3.347506
90	1.602062
90	3.372268
90	4.179780
90	5.495191
90	3.138984
90	3.285116
90	2.804947
90	3.276988
90	3.485382
90	2.946898
90	3.473832
90	3.542455
90	2.053001
90	3.058464
90	3.593671
90	2.541787
90	3.179602
90	2.850028
90	2.939142
90	2.729719
90	3.756972
90	3.517874
90	3.005710
90	2.395814
90	2.913313
90	2.979468
90	3.489149
90	2.312132
90	3.350303
100	2.692235
100	3.155227
100	4.705580
100	1.569375
100	2.900368
100	3.098109
100	3.567324
100	3.217022
100	3.215658
100	2.870223
100	3.031502
100	2.905554
100	2.991577
100	2.335547
100	3.122104
100	3.263011
100	3.579635
100	3.106114
100	4.218648
100	2.399292
100	3.402865
100	3.191928
100	1.959080
100	3.339644
100	2.249629
100	5.016184
100	3.555003
100	2.804100
100	3.015039
100	3.034007
100	3.380062
100	3.354694
100	3.710826
100	3.242103
100	3.045458
100	3.241875
100	3.123480
100	10.000000
100	3.067271
100	3.499542
100	2.375283
100	3.767347
100	3.280960
100	2.431401
100	3.067107
100	3.261369
100	3.825883
100	3.035497
100	3.225859
100	2.507721
100	2.901421
100	3.754505
100	3.088588
100	2.183469
100	2.444328
100	1.320029
100	2.936958
100	4.579102
100	3.305830
100	2.990854
100	3.049498
100	3.098873
100	3.124976
100	2.177782
100	3.670021
100	3.815856
100	2.632237
100	1.347253
100	2.763070
100	3.106695
100	3.042823
100	3.169886
100	3.189629
100	2.358627
100	3.326018
100	4.076064
100	2.548190
100	1.928620
100	3.596300
100	2.925866
100	1.519233
100	3.035022
100	3.257305
100	3.142107
100	4.017858
100	3.022663
100	3.087973
100	3.456617
100	2.480081
100	4.544892
100	3.335018
100	2.905519
100	3.517886
100	3.062287
100	2.614909
100	3.157302
100	3.668756
100	2.934263
100	2.926738
100	2.469500
110	1.980125
110	2.311130
110	1.791575
110	2.122712
110	1.939308
110	2.215412
110	2.024676
110	1.967606
110	2.139095
110	2.048560
110	10.000000
110	1.782382
110	2.052491
110	1.967657
110	2.046025
110	1.629021
110	2.464186
110	2.610502
110	2.229464
110	1.976706
110	2.007025
110	10.000000
110	10.000000
110	2.048243
110	1.970393
110	10.000000
110	3.722989
110	10.000000
110	10.000000
110	6.040412
110	2.084061
110	2.125258
110	1.779797
110	1.875901
110	10.000000
110	1.230339
110	2.126881
110	1.925116
110	2.045920
110	2.033301
110	1.937432
110	1.991196
110	1.749008
110	1.863910
110	1.887268
110	2.206046
110	1.989755
110	2.016923
110	2.201460
110	2.008813
110	1.782211
110	2.000008
110	1.861817
110	1.655202
110	1.989504
110	2.001174
110	1.722830
110	1.946798
110	1.861983
110	10.000000
110	10.000000
110	2.000865
110	1.997843
110	10.000000
110	10.000000
110	1.966912
110	1.946338
110	1.991853
110	2.523077
110	2.027440
110	2.073656
110	2.023358
110	2.198922
110	1.900561
110	1.440022
110	1.193438
110	10.000000
110	8.722190
110	2.032980
110	10.000000
110	10.000000
110	2.060155
110	2.079866
110	2.041598
110	1.698952
110	10.000000
110	2.251016
110	1.888632
110	2.009836
110	1.911319
110	2.026121
110	1.970028
110	10.000000
110	2.033714
110	1.300186
110	1.970818
110	10.000000
110	2.201283
110	2.063558
110	1.942715
120	1.811143
120	2.007837
120	2.085780
120	2.194121
120	2.936046
120	10.000000
120	1.994279
120	2.035824
120	10.000000
120	2.883741
120	10.000000
120	2.024989
120	2.000632
120	1.984699
120	1.871471
120	2.058024
120	2.537124
120	2.210037
120	2.055763
120	2.023704
120	1.727764
120	2.015860
120	2.015934
120	1.736901
120	2.201571
120	1.394498
120	10.000000
120	2.036540
120	2.205508
120	1.990793
120	2.141860
120	2.090741
120	2.032230
120	2.099577
120	2.253774
120	2.033449
120	2.170669
120	2.017066
120	2.148903
120	2.118607
120	2.384818
120	2.044628
120	2.041703
120	10.000000
120	1.999290
120	2.228899
120	2.116951
120	1.868890
120	2.114538
120	2.054642
120	2.154538
120	2.010981
120	2.086585
120	1.989602
120	2.042840
120	2.372556
120	1.913346
120	1.960331
120	10.000000
120	2.125878
120	1.989526
120	2.278842
120	2.020136
120	2.900374
120	2.059758
120	1.936655
120	1.916040
120	2.069605
120	7.633607
120	2.152005
120	1.965598
120	10.000000
120	2.014244
120	10.000000
120	2.010641
120	1.674929
120	1.985277
120	1.874164
120	2.045073
120	1.667955
120	2.122658
120	10.000000
120	2.014160
120	10.000000
120	2.013298
120	1.299695
120	2.127442
120	1.959070
120	10.000000
120	2.044714
120	2.168622
120	2.010225
120	2.279395
120	10.000000
120	2.011743
120	2.172247
120	2.045696
120	3.517754
120	2.111747
120	10.000000
130	2.025600
130	1.993831
130	2.008321
130	10.000000
130	1.992138
130	2.044932
130	2.005337
130	2.087025
130	2.086549
130	1.995952
130	2.021860
130	1.935011
130	2.050426
130	2.147061
130	2.399008
130	1.949396
130	2.005844
130	2.022902
130	1.980576
130	10.000000
130	10.000000
130	2.026089
130	1.847298
130	1.899668
130	1.776488
130	2.017341
130	2.021195
130	2.065623
130	1.951714
130	1.861189
130	2.015879
130	1.906517
130	2.029436
130	10.000000
130	1.998783
130	2.071800
130	1.898851
130	10.000000
130	2.143932
130	1.967817
130	1.943455
130	2.061348
130	10.000000
130	1.993527
130	10.000000
130	2.182542
130	2.013425
130	1.953396
130	2.248421
130	2.005941
130	2.071958
130	10.000000
130	2.102708
130	4.028842
130	5.126079
130	10.000000
130	10.000000
130	1.994763
130	10.000000
130	10.000000
130	1.630104
130	2.082554
130	2.202579
130	2.285970
130	1.974307
130	2.049230
130	10.000000
130	10.000000
130	1.481440
130	2.119071
130	2.122499
130	1.519549
130	2.338531
130	10.000000
130	2.029157
130	2.161449
130	1.922530
130	10.000000
130	10.000000
130	1.938705
130	2.036444
130	1.881685
130	2.011133
130	10.000000
130	2.007009
130	1.997121
130	2.019528
130	10.000000
130	10.000000
130	2.010458
130	1.971005
130	2.015128
130	2.131144
130	10.000000
130	4.209594
130	1.837250
130	10.000000
130	2.074821
130	1.987369
130	2.014744
140	2.022329
140	1.958140
140	2.108385
140	10.000000
140	1.923593
140	2.179345
140	10.000000
140	2.218075
140	1.938773
140	2.146046
140	2.041474
140	1.972451
140	1.499232
140	2.083783
140	2.031625
140	2.127659
140	2.030269
140	1.925935
140	2.011563
140	2.161760
140	10.000000
140	1.961680
140	1.949121
140	2.077970
140	2.117758
140	1.999676
140	2.016355
140	1.907266
140	2.126725
140	1.775328
140	1.950705
140	1.721055
140	2.136612
140	1.969901
140	13.478056
140	2.015900
140	2.079778
140	2.160512
140	10.000000
140	2.223569
140	2.269686
140	2.187993
140	1.861944
140	2.523098
140	2.040737
140	1.936895
140	2.041624
140	2.395100
140	10.000000
140	1.916307
140	2.251677
140	10.000000
140	2.159246
140	2.022716
140	2.003195
140	2.047655
140	2.055350
140	2.055841
140	1.981222
140	2.218957
140	1.863239
140	1.694225
140	1.986482
140	2.081030
140	1.895595
140	2.306613
140	1.969793
140	1.945424
140	2.128414
140	2.306753
140	1.403660
140	1.977471
140	2.285352
140	1.524617
140	2.059213
140	2.066538
140	2.006840
140	10.000000
140	2.290140
140	1.949685
140	2.208168
140	10.000000
140	10.000000
140	2.014044
140	1.160247
140	2.089219
140	2.031609
140	1.925377
140	2.002359
140	1.971872
140	1.999477
140	2.170525
140	2.084564
140	1.986313
140	2.208426
140	2.047288
140	10.000000
140	1.643897
140	1.980760
140	2.063239
150	2.128626
150	2.023227
150	2.087898
150	1.945331
150	1.511724
150	2.101575
150	2.205645
150	1.291779
150	1.791388
150	2.028455
150	2.014257
150	2.064930
150	1.947033
150	1.977155
150	4.792231
150	2.009413
150	1.973385
150	10.000000
150	10.000000
150	2.148334
150	2.023503
150	1.915629
150	1.979024
150	2.162553
150	10.000000
150	2.060679
150	1.694296
150	2.000249
150	2.031447
150	2.117787
150	2.028650
150	10.000000
150	10.000000
150	10.000000
150	10.000000
150	2.253769
150	2.115545
150	1.978037
150	2.266111
150	1.890721
150	1.471468
150	1.996788
150	2.015164
150	2.054816
150	1.734706
150	1.993391
150	1.939054
150	10.000000
150	1.985941
150	10.000000
150	1.874096
150	1.447791
150	1.891724
150	1.947992
150	10.000000
150	1.988463
150	2.026006
150	1.946131
150	2.074937
150	1.384453
150	2.219844
150	2.128457
150	2.019033
150	1.796524
150	10.000000
150	2.004659
150	2.181713
150	1.917380
150	2.428091
150	10.000000
150	2.015859
150	10.000000
150	2.011711
150	10.000000
150	1.995889
150	10.000000
150	1.801783
150	2.221049
150	10.000000
150	10.000000
150	1.867105
150	10.000000
150	2.021468
150	2.054371
150	1.993566
150	1.906645
150	1.962579
150	2.009890
150	1.879409
150	2.082475
150	2.014311
150	1.980976
150	2.020898
150	1.908530
150	10.000000
150	1.983945
150	2.504612
150	2.073419
150	2.086408
150	2.048354
