10	0.346258
10	0.811989
10	5.093126
10	0.117341
10	0.368277
10	3.150745
10	0.211938
10	0.851715
10	0.104447
10	2.592518
10	0.101397
10	1.020016
10	0.865389
10	0.312543
10	0.512794
10	1.757447
10	0.931154
10	0.773560
10	0.181795
10	0.223949
10	0.171452
10	0.373980
10	0.188954
10	0.493672
10	0.148782
10	2.836955
10	0.314197
10	0.129960
10	0.116796
10	0.463495
10	0.193738
10	0.191906
10	0.961440
10	0.157657
10	1.517647
10	0.193226
10	1.411368
10	1.054034
10	0.403594
10	0.603654
10	1.353160
10	1.271433
10	0.511631
10	0.133673
10	0.740550
10	0.981472
10	0.763388
10	0.087493
10	1.085644
10	0.783143
10	3.909970
10	0.229190
10	2.761923
10	0.122498
10	0.110647
10	0.202774
10	0.093565
10	0.095730
10	1.216887
10	0.646395
10	1.152145
10	2.657519
10	0.140044
10	0.893321
10	2.667917
10	0.111687
10	2.361699
10	1.399450
10	0.145894
10	0.199153
10	1.363971
10	0.504132
10	0.231907
10	0.224199
10	0.166146
10	0.560509
10	2.041363
10	3.240915
10	0.169423
10	1.053683
10	0.165197
10	0.420122
10	0.148637
10	0.159150
10	0.099653
10	0.991743
10	0.639514
10	0.294382
10	0.157172
10	0.128511
10	3.489391
10	0.313470
10	1.444321
10	1.029795
10	2.200101
10	0.107180
10	0.097893
10	0.125601
10	0.370783
10	0.603583
10	0.857502
10	0.243935
10	0.185127
10	1.686406
10	1.731410
10	1.050292
10	0.203299
10	0.432355
10	0.342274
10	0.631071
10	0.122701
10	0.168464
10	1.034255
10	1.847898
10	0.119979
10	0.469807
10	3.534630
10	0.459154
10	0.311903
10	2.495249
10	0.227155
10	0.159879
10	0.107065
10	0.149514
10	0.449858
10	2.437583
10	2.161448
10	0.141300
10	0.521472
10	0.392564
10	0.455521
10	1.342625
10	1.652278
10	1.097820
10	0.287149
10	0.298501
10	0.107915
10	0.920405
10	0.097083
10	1.524077
10	0.972498
10	0.509247
10	0.408522
10	0.687646
10	0.192856
10	1.358746
10	0.390485
10	3.439250
10	0.520320
10	1.675809
10	0.144228
10	0.182946
10	0.713320
10	0.593092
10	0.792359
10	0.129938
10	0.242071
10	0.165214
10	0.168888
10	0.119267
10	0.972205
10	0.748878
10	0.124722
10	0.086217
10	0.772835
10	0.759102
10	0.097096
10	0.187566
10	0.140694
10	0.342996
10	0.108115
10	0.868504
10	0.131888
10	0.153928
10	0.123781
10	0.127558
10	1.216620
10	0.113274
10	0.343407
10	0.799474
10	0.155722
10	6.401944
10	1.037838
10	0.435787
10	0.115984
10	1.417906
10	1.322460
10	0.754185
10	0.582602
10	0.158874
10	0.296020
10	0.158476
10	0.988920
10	0.152106
10	0.131470
10	0.196592
10	0.203851
10	1.815022
10	1.197014
10	2.591410
20	0.194926
20	2.072323
20	0.227268
20	1.010338
20	0.722901
20	0.939553
20	0.316773
20	0.167292
20	0.263602
20	0.406452
20	0.726150
20	3.780487
20	0.113035
20	0.111415
20	0.820602
20	0.723749
20	0.402888
20	1.164641
20	0.278296
20	2.147407
20	0.214670
20	0.483747
20	0.273023
20	0.273212
20	1.201857
20	2.663284
20	0.453823
20	0.215481
20	0.396249
20	0.228532
20	0.503535
20	0.170611
20	1.228419
20	0.787099
20	0.216611
20	1.350534
20	0.768033
20	0.467206
20	0.513026
20	0.724880
20	0.125903
20	0.183566
20	1.231667
20	0.339013
20	0.116003
20	1.195261
20	1.074335
20	0.389785
20	0.189584
20	0.108597
20	1.603156
20	0.218845
20	0.206018
20	0.135680
20	0.425150
20	0.355530
20	1.319332
20	0.229702
20	0.337387
20	0.617852
20	0.762753
20	0.159157
20	0.442914
20	0.132825
20	0.081391
20	0.150742
20	2.945317
20	0.223651
20	0.356474
20	2.973393
20	0.168035
20	6.295110
20	0.322233
20	0.355137
20	0.137672
20	10.000000
20	0.502259
20	0.148179
20	0.872735
20	0.197247
20	1.399847
20	0.292956
20	0.240637
20	0.448386
20	0.452104
20	0.120447
20	0.329211
20	0.763569
20	0.216174
20	0.392612
20	0.589319
20	0.303498
20	0.185309
20	0.250452
20	0.178943
20	0.256315
20	0.345969
20	0.463255
20	0.149230
20	0.600998
20	0.386123
20	0.152408
20	1.508200
20	0.349416
20	0.401937
20	0.380839
20	0.771792
20	0.701052
20	0.246326
20	0.646029
20	0.077160
20	0.164313
20	0.735514
20	0.164507
20	1.003548
20	0.189315
20	2.335709
20	1.819730
20	4.342811
20	0.310021
20	0.106798
20	0.768463
20	6.245788
20	1.296263
20	0.266401
20	0.509721
20	0.132149
20	0.165885
20	0.260496
20	0.303671
20	0.134536
20	1.227880
20	1.046232
20	0.278762
20	0.161910
20	0.265398
20	0.137623
20	0.314723
20	0.318918
20	1.109583
20	1.527242
20	0.164669
20	0.485089
20	0.400438
20	1.134303
20	0.191765
20	0.291922
20	0.467264
20	0.114841
20	0.910608
20	0.723297
20	0.288924
20	0.319970
20	1.550568
20	0.668388
20	0.351411
20	2.099593
20	0.097921
20	0.388301
20	0.098874
20	0.447577
20	0.194816
20	0.222056
20	0.252333
20	0.503160
20	2.537996
20	0.433296
20	0.119168
20	1.120704
20	0.531427
20	0.554514
20	0.724190
20	0.195567
20	0.120207
20	1.664165
20	0.239291
20	0.290114
20	0.196786
20	0.530995
20	0.494839
20	1.176403
20	0.586086
20	0.187968
20	0.140858
20	0.310723
20	0.356619
20	1.238914
20	0.507407
20	0.816310
20	0.346100
20	0.362254
20	0.279975
20	0.436239
20	0.196670
20	0.472818
20	0.110882
20	0.372865
20	0.148312
20	0.354646
20	0.322608
30	0.458640
30	1.227373
30	1.629556
30	3.738519
30	0.261750
30	0.464948
30	2.286065
30	0.552757
30	0.492572
30	0.275374
30	0.312427
30	0.832932
30	0.618906
30	0.454458
30	0.374594
30	0.704472
30	0.834329
30	0.889201
30	0.285786
30	0.274230
30	0.643598
30	1.020682
30	0.608538
30	0.526145
30	1.194453
30	0.256636
30	1.880018
30	2.004874
30	0.291026
30	0.629556
30	2.588773
30	0.787676
30	0.779785
30	1.521557
30	0.496562
30	0.291368
30	0.972174
30	0.406851
30	0.659843
30	0.683477
30	2.028370
30	0.249970
30	1.571483
30	0.877407
30	0.316564
30	0.634150
30	1.032079
30	0.417205
30	0.636361
30	1.415576
30	0.285906
30	0.387882
30	1.278856
30	0.315474
30	0.396089
30	0.815737
30	1.331829
30	0.383669
30	0.501891
30	0.862719
30	0.364297
30	0.307499
30	0.891591
30	0.317574
30	0.897755
30	0.511386
30	0.486583
30	1.761082
30	0.474362
30	0.270027
30	3.155428
30	0.172669
30	0.443836
30	0.601761
30	0.858298
30	0.333693
30	0.818740
30	0.788708
30	0.597904
30	0.188606
30	0.613250
30	0.300090
30	0.345805
30	0.596423
30	0.867769
30	0.397672
30	0.686822
30	0.585747
30	0.221586
30	1.070849
30	0.734327
30	0.503161
30	0.935691
30	0.198273
30	1.530472
30	0.225835
30	1.378113
30	0.331156
30	1.617691
30	0.340028
30	0.265307
30	1.360094
30	0.391360
30	0.816080
30	0.208454
30	0.494516
30	0.281513
30	0.312224
30	1.181698
30	0.725634
30	0.356079
30	0.572038
30	0.218673
30	0.240192
30	1.159565
30	1.363585
30	0.676584
30	2.255782
30	0.360194
30	0.343588
30	0.552043
30	1.418893
30	0.673045
30	0.611969
30	0.326791
30	0.848544
30	0.679253
30	1.018437
30	0.539528
30	0.501164
30	0.663777
30	1.074849
30	0.324522
30	0.518238
30	0.232323
30	0.663088
30	0.876578
30	0.279478
30	0.698237
30	0.518414
30	4.292740
30	0.713650
30	0.202766
30	0.628173
30	1.166305
30	0.691042
30	3.792634
30	0.525934
30	0.378923
30	0.434711
30	0.576780
30	0.394198
30	0.980496
30	0.853401
30	0.274678
30	1.288965
30	0.535991
30	0.445354
30	0.569070
30	0.854909
30	0.225669
30	1.076666
30	1.812815
30	0.989722
30	0.153608
30	0.662322
30	0.545378
30	1.208554
30	2.276781
30	0.523449
30	0.211289
30	0.316797
30	1.660277
30	0.467252
30	0.479726
30	0.342059
30	0.461293
30	0.717839
30	1.914682
30	1.332978
30	0.292447
30	0.943572
30	0.858377
30	0.786832
30	0.232328
30	0.241935
30	0.524673
30	0.566989
30	0.559665
30	0.248451
30	0.332548
30	0.783186
30	0.324071
30	0.390162
30	0.738177
30	0.394964
30	1.655790
30	1.274728
30	0.789538
30	0.896743
40	2.665996
40	3.526576
40	1.674528
40	1.180049
40	3.003694
40	2.472828
40	1.580998
40	2.974832
40	1.788688
40	1.262608
40	1.815455
40	2.881191
40	1.866204
40	1.853406
40	1.331573
40	1.999254
40	3.386768
40	2.935376
40	1.515295
40	3.070946
40	1.558167
40	1.606057
40	1.737892
40	4.029232
40	3.926743
40	2.139490
40	1.699253
40	1.705752
40	3.138401
40	3.065127
40	1.924539
40	2.076292
40	2.013685
40	2.582412
40	1.441958
40	1.732076
40	1.766984
40	1.165482
40	1.957340
40	1.595797
40	2.807588
40	10.000000
40	1.544434
40	1.809223
40	3.313070
40	1.556366
40	2.461516
40	2.744894
40	1.578577
40	1.714889
40	3.042848
40	1.774199
40	3.199888
40	1.735378
40	2.449564
40	1.607431
40	2.296016
40	2.233889
40	1.728739
40	2.091361
40	2.281702
40	2.268562
40	4.129248
40	2.610586
40	2.458347
40	2.466592
40	2.359809
40	1.918788
40	10.055372
40	2.605009
40	2.074761
40	1.970539
40	2.263168
40	2.766011
40	1.842892
40	2.116910
40	2.074838
40	1.699356
40	2.059221
40	1.972562
40	1.575269
40	1.454671
40	3.144815
40	2.636278
40	1.841582
40	2.450341
40	1.304944
40	2.484248
40	2.267643
40	1.869482
40	1.500698
40	3.240113
40	4.669465
40	3.180300
40	2.102727
40	2.844820
40	2.421728
40	2.844670
40	1.831665
40	2.273823
40	2.871740
40	1.712675
40	1.583900
40	2.061697
40	1.524538
40	2.072469
40	1.743179
40	3.205333
40	1.415072
40	2.465943
40	1.537075
40	1.252813
40	4.270410
40	1.355337
40	2.057792
40	2.014040
40	1.238584
40	2.641826
40	2.140205
40	2.933820
40	1.585719
40	2.415345
40	2.410080
40	2.620755
40	2.117082
40	1.358419
40	2.996141
40	4.565198
40	1.456689
40	2.063095
40	1.925104
40	2.408216
40	1.751250
40	2.243653
40	2.507627
40	2.712556
40	1.635082
40	1.550263
40	3.544585
40	2.843924
40	2.235608
40	1.601643
40	1.841833
40	1.360141
40	2.057280
40	3.030855
40	1.532688
40	2.007320
40	2.280346
40	2.162214
40	2.478412
40	2.254889
40	1.687053
40	2.138109
40	1.657480
40	1.676434
40	2.951967
40	1.947047
40	2.134053
40	1.810049
40	2.961519
40	3.713050
40	1.713279
40	2.732869
40	2.083372
40	6.692451
40	2.512012
40	2.415892
40	1.910645
40	2.885260
40	2.307573
40	2.872111
40	1.724061
40	1.174970
40	2.419754
40	3.966756
40	2.577600
40	2.737665
40	2.123993
40	1.466510
40	2.388572
40	2.211062
40	1.834236
40	1.928145
40	2.472289
40	2.767251
40	2.281968
40	1.192172
40	2.558211
40	1.606506
40	3.142493
40	1.721094
40	1.668919
40	3.123651
40	1.710610
40	1.748513
40	2.351369
40	2.237305
40	3.023172
40	1.572209
50	4.167099
50	3.739052
50	4.246489
50	3.939382
50	10.000000
50	3.872003
50	3.661348
50	4.438611
50	4.500406
50	4.316537
50	3.410189
50	3.259587
50	5.314823
50	3.719399
50	2.993053
50	3.599294
50	3.742573
50	3.989672
50	4.470748
50	3.818109
50	3.848198
50	10.000000
50	3.683771
50	4.179025
50	5.053013
50	4.352652
50	3.448825
50	3.947242
50	3.344200
50	1.638716
50	3.213178
50	3.858673
50	4.053771
50	4.167352
50	4.785108
50	3.501054
50	4.273732
50	3.112089
50	3.434967
50	3.149278
50	6.504011
50	3.471974
50	3.748510
50	3.982693
50	3.169031
50	3.087150
50	3.183311
50	4.170283
50	3.184263
50	1.885538
50	3.286442
50	3.307757
50	4.061062
50	3.478452
50	3.810089
50	3.910462
50	3.436653
50	0.497730
50	3.241212
50	3.484311
50	4.007238
50	2.598854
50	3.687151
50	4.047353
50	4.428795
50	2.663623
50	3.520761
50	3.559336
50	3.837004
50	3.523511
50	4.258290
50	3.579362
50	4.208615
50	3.922917
50	3.104215
50	3.914803
50	3.910579
50	4.372021
50	3.551729
50	3.983736
50	3.153468
50	2.815866
50	4.313150
50	3.414894
50	4.129639
50	3.392441
50	3.815091
50	3.514316
50	3.072493
50	4.064569
50	3.959080
50	3.724510
50	3.715167
50	3.975031
50	3.777380
50	3.483042
50	4.587446
50	2.513590
50	4.118742
50	3.561195
50	3.770390
50	3.744706
50	3.824886
50	3.099779
50	3.528215
50	4.580666
50	3.516791
50	4.554998
50	3.720694
50	2.627149
50	3.036041
50	3.810081
50	3.866591
50	3.008429
50	3.611182
50	3.761085
50	3.261920
50	3.784005
50	3.995414
50	4.101191
50	3.823055
50	3.918299
50	2.852116
50	3.892922
50	3.664923
50	3.565254
50	3.434702
50	2.796283
50	2.931326
50	3.843626
50	3.813282
50	2.509419
50	2.960666
50	3.615688
50	4.053089
50	3.682530
50	3.468289
50	3.714042
50	3.540696
50	1.736501
50	2.336819
50	4.037822
50	3.369416
50	3.852107
50	3.287428
50	3.638121
50	3.617852
50	4.005758
50	3.852208
50	4.272724
50	3.805532
50	3.117659
50	3.811847
50	3.130526
50	4.278349
50	3.566753
50	2.640392
50	3.687745
50	4.524159
50	2.561898
50	3.593235
50	3.413762
50	3.641731
50	3.551705
50	3.508798
50	3.505967
50	3.940931
50	3.173987
50	3.678372
50	4.202055
50	3.201169
50	3.685356
50	3.147626
50	4.183110
50	3.597508
50	3.907709
50	3.574470
50	4.351234
50	4.442207
50	3.964394
50	3.500677
50	1.350423
50	3.995496
50	1.723235
50	4.268296
50	4.553103
50	2.858696
50	3.450060
50	4.433958
50	4.173335
50	3.765199
50	2.570478
50	3.920403
50	3.750278
50	3.132163
50	4.354332
50	3.021186
50	3.677047
50	3.747335
50	3.618985
60	3.748113
60	4.204706
60	3.621306
60	3.820229
60	4.575821
60	4.251258
60	3.511831
60	4.055676
60	4.228258
60	3.872061
60	3.759240
60	3.642721
60	4.251831
60	2.556812
60	4.068071
60	10.000000
60	4.179956
60	4.224636
60	3.731615
60	4.812379
60	3.553491
60	3.837516
60	3.729788
60	2.972671
60	4.074760
60	3.634963
60	4.232012
60	4.632637
60	3.539015
60	3.576893
60	3.618313
60	4.242570
60	4.181601
60	2.880878
60	3.728996
60	3.720249
60	3.729819
60	2.827530
60	4.130238
60	3.980547
60	4.029478
60	3.658788
60	4.104194
60	4.341499
60	4.437569
60	3.786161
60	4.189760
60	3.714684
60	3.394989
60	3.795034
60	4.090226
60	3.932918
60	3.687624
60	3.962270
60	3.539559
60	4.020380
60	3.827463
60	4.277480
60	3.916298
60	1.902626
60	3.525121
60	3.731804
60	3.933663
60	3.855175
60	4.015276
60	3.845254
60	3.865338
60	10.000000
60	4.492587
60	3.914069
60	3.845585
60	3.526041
60	4.551405
60	3.965519
60	3.536535
60	3.592859
60	2.954157
60	4.422175
60	4.815162
60	2.860796
60	3.696774
60	3.693157
60	10.000000
60	4.309062
60	4.872052
60	3.894890
60	3.813681
60	3.746020
60	2.994991
60	4.232215
60	4.304007
60	4.156650
60	4.147483
60	4.006848
60	3.090718
60	3.624637
60	4.333453
60	4.083265
60	5.183190
60	3.617043
60	3.539627
60	3.681624
60	3.910280
60	3.834583
60	4.005721
60	3.746464
60	3.948238
60	3.889709
60	2.924781
60	3.373317
60	3.816630
60	4.882296
60	3.760800
60	3.054105
60	3.636347
60	3.840399
60	3.542457
60	4.018920
60	3.941997
60	4.204700
60	3.944037
60	4.490203
60	4.364152
60	3.869580
60	4.552135
60	4.808323
60	3.711794
60	4.387528
60	3.433783
60	4.111233
60	3.873912
60	3.715466
60	4.617967
60	3.522231
60	4.687041
60	3.749644
60	3.830532
60	4.796367
60	3.587187
60	4.721393
60	4.098047
60	3.813853
60	3.896893
60	3.652590
60	1.976650
60	3.660780
60	3.847470
60	3.671835
60	4.285142
60	3.420885
60	4.232408
60	4.171243
60	3.820825
60	3.315125
60	3.827724
60	3.731321
60	4.354875
60	3.966299
60	3.392826
60	3.953721
60	3.989945
60	4.293560
60	3.719682
60	3.820510
60	3.854200
60	3.702652
60	2.883918
60	4.041309
60	3.806626
60	4.754782
60	3.806895
60	4.200764
60	2.622332
60	3.600770
60	3.869084
60	3.752769
60	4.475137
60	4.463533
60	4.800764
60	4.231467
60	4.254469
60	4.069589
60	3.558127
60	4.581155
60	3.878895
60	3.622695
60	4.273493
60	4.229368
60	3.899781
60	3.884803
60	3.883575
60	3.493131
60	4.289989
60	4.324983
60	4.482996
60	4.119758
60	3.825735
60	3.986656
60	3.607294
60	3.788376
70	3.587868
70	4.257474
70	3.865457
70	4.862994
70	3.789777
70	2.926238
70	4.073447
70	3.969351
70	4.246388
70	3.853550
70	4.365578
70	3.642234
70	4.328255
70	5.513035
70	4.300138
70	3.816753
70	3.696445
70	3.602672
70	3.866889
70	4.041708
70	4.378766
70	2.696650
70	5.125808
70	3.619640
70	4.028849
70	3.781618
70	4.531292
70	4.281213
70	3.714561
70	5.648277
70	8.093904
70	3.986810
70	3.918796
70	6.420314
70	3.684743
70	4.067327
70	3.914966
70	4.202574
70	3.760575
70	4.180487
70	3.927282
70	3.086275
70	4.453334
70	3.878718
70	3.805534
70	4.505470
70	3.881401
70	4.199155
70	4.188759
70	3.876751
70	3.893215
70	4.122479
70	3.941395
70	3.663658
70	4.005703
70	4.157556
70	3.946136
70	3.798234
70	1.859083
70	4.663030
70	4.073937
70	4.735804
70	4.604042
70	3.934317
70	3.607336
70	3.707797
70	4.035841
70	3.718822
70	3.936413
70	4.585043
70	3.937660
70	4.049066
70	3.791460
70	3.876867
70	4.920169
70	4.545177
70	3.110903
70	4.269238
70	3.752983
70	4.003954
70	4.156143
70	4.079681
70	4.200514
70	4.542632
70	4.034433
70	3.937714
70	3.855192
70	4.095839
70	3.179041
70	3.867686
70	4.893077
70	4.173208
70	4.377796
70	3.810467
70	3.753376
70	3.954110
70	4.328333
70	5.172786
70	4.202511
70	4.169641
70	4.227412
70	3.965370
70	3.874435
70	4.577232
70	4.101694
70	3.587280
70	4.541823
70	3.865792
70	3.656539
70	2.951470
70	4.093639
70	3.823679
70	4.429537
70	3.895979
70	4.814935
70	4.424929
70	4.038730
70	4.911171
70	4.166532
70	4.027570
70	4.030514
70	3.641942
70	4.692526
70	3.746674
70	4.360514
70	3.951219
70	3.399265
70	3.676597
70	4.051789
70	3.687812
70	3.888185
70	3.837948
70	4.830877
70	4.067621
70	2.829668
70	10.000000
70	10.000000
70	4.148447
70	4.164959
70	3.921546
70	4.238989
70	3.718301
70	3.986430
70	3.990210
70	3.714905
70	4.006736
70	3.947260
70	3.989688
70	3.840964
70	4.099743
70	3.654528
70	4.106934
70	3.613828
70	3.993618
70	3.901478
70	2.261021
70	3.900700
70	3.892970
70	3.839999
70	4.255384
70	4.517561
70	3.956015
70	3.967306
70	4.592722
70	3.897712
70	4.319182
70	3.849020
70	3.138276
70	4.175612
70	3.516247
70	3.232013
70	3.756205
70	4.750360
70	3.834665
70	3.805499
70	4.440970
70	4.089588
70	4.103552
70	3.411171
70	3.800851
70	3.779378
70	3.918073
70	4.500863
70	4.200883
70	3.964701
70	3.915109
70	3.835700
70	4.157955
70	4.522950
70	3.958960
70	4.204171
70	4.149870
70	3.759068
70	3.789959
70	5.559258
70	4.442470
70	3.874895
70	3.938790
70	4.207822
70	3.863872
80	1.555183
80	1.458155
80	1.640076
80	1.509327
80	2.026484
80	1.611348
80	1.937003
80	1.642559
80	10.000000
80	1.479937
80	1.752041
80	10.000000
80	1.422562
80	1.401697
80	1.844062
80	10.000000
80	1.318736
80	1.766780
80	1.931485
80	1.638987
80	1.276928
80	10.000000
80	10.000000
80	1.571368
80	10.000000
80	1.644368
80	1.563470
80	1.779879
80	1.961584
80	1.454303
80	1.352123
80	1.719690
80	1.715982
80	1.348082
80	1.457792
80	1.675342
80	1.548795
80	1.612499
80	1.487191
80	1.432755
80	1.469032
80	1.993577
80	1.521820
80	1.786467
80	1.699849
80	1.815484
80	1.658647
80	4.165415
80	1.270771
80	1.515537
80	1.954341
80	1.926701
80	1.750106
80	10.000000
80	1.660751
80	1.607408
80	10.000000
80	1.743006
80	1.472509
80	1.502797
80	1.844055
80	10.000000
80	1.658932
80	1.865664
80	1.401014
80	1.693705
80	1.837796
80	1.941277
80	1.703977
80	1.649396
80	1.446418
80	1.521788
80	1.782388
80	1.680073
80	1.831674
80	2.031156
80	1.375480
80	1.880047
80	1.713880
80	1.706375
80	1.636025
80	10.000000
80	1.766336
80	1.887834
80	1.704342
80	1.575564
80	1.803774
80	1.630060
80	1.639150
80	10.000000
80	1.505776
80	10.000000
80	1.568766
80	2.147836
80	1.591892
80	1.543131
80	1.503860
80	1.688967
80	1.682580
80	1.645455
80	1.764057
80	10.000000
80	1.817232
80	1.655031
80	1.643678
80	1.819870
80	1.594809
80	1.735047
80	1.366694
80	1.916912
80	1.493490
80	1.636874
80	2.110161
80	1.519649
80	1.640516
80	10.000000
80	1.668711
80	1.683706
80	1.180053
80	1.626978
80	2.021582
80	2.032689
80	1.448304
80	2.445847
80	1.829528
80	10.000000
80	1.349899
80	1.757447
80	1.802957
80	1.919479
80	1.984884
80	1.808820
80	1.777046
80	1.640768
80	1.480052
80	1.749482
80	1.644378
80	1.826534
80	1.412090
80	1.548466
80	1.679882
80	1.562946
80	1.513384
80	1.458648
80	1.627507
80	1.989237
80	1.486085
80	1.616372
80	10.000000
80	1.747466
80	1.534473
80	1.469372
80	1.395302
80	2.034313
80	1.799149
80	1.849746
80	1.599817
80	1.507904
80	1.400196
80	1.695435
80	1.926929
80	10.000000
80	1.857259
80	3.444576
80	1.001892
80	1.175023
80	1.609010
80	1.530038
80	1.349215
80	10.000000
80	1.675918
80	1.526985
80	1.762148
80	10.000000
80	1.363540
80	1.823826
80	1.631923
80	1.723172
80	10.000000
80	1.591579
80	1.779874
80	1.712433
80	1.396863
80	1.561345
80	1.540054
80	1.697432
80	1.871592
80	1.807595
80	1.640280
80	2.182789
80	10.000000
80	10.000000
80	1.610142
80	1.630854
80	1.936334
80	1.461053
80	10.000000
80	1.541978
80	1.873087
80	1.724759
90	1.790519
90	2.283109
90	1.797168
90	1.550151
90	2.057743
90	2.066059
90	2.062713
90	2.161565
90	2.677176
90	2.112565
90	2.150297
90	1.917059
90	1.487199
90	1.959892
90	1.980377
90	2.540278
90	1.952409
90	1.992814
90	1.824683
90	1.656877
90	10.371046
90	2.067378
90	2.006576
90	2.176981
90	1.745085
90	2.031269
90	2.137351
90	1.888155
90	2.234321
90	1.533102
90	2.005338
90	1.876730
90	10.000000
90	1.918304
90	10.000000
90	2.029418
90	1.999757
90	2.034910
90	1.903923
90	1.179612
90	2.145089
90	1.984699
90	1.371357
90	1.573697
90	2.032422
90	1.818600
90	1.831849
90	2.168749
90	2.153528
90	2.035752
90	1.866253
90	2.252694
90	1.940230
90	1.643587
90	2.032885
90	1.915392
90	2.129171
90	1.777356
90	1.882499
90	1.517863
90	10.000000
90	1.885802
90	2.119577
90	1.968041
90	2.147200
90	2.080738
90	2.226632
90	1.980085
90	2.022088
90	1.997916
90	2.046790
90	0.820807
90	1.292762
90	2.961698
90	1.753236
90	1.492177
90	2.000698
90	1.989217
90	1.996870
90	1.422859
90	1.702211
90	1.367199
90	10.000000
90	1.241551
90	10.000000
90	2.025636
90	2.036324
90	2.087019
90	1.969154
90	1.980214
90	2.176221
90	10.000000
90	2.272651
90	2.116642
90	10.000000
90	1.668795
90	2.082887
90	1.843251
90	2.084407
90	1.999228
90	10.000000
90	2.017668
90	1.932472
90	2.125472
90	1.895775
90	1.791384
90	1.992258
90	10.000000
90	1.497824
90	2.046271
90	2.056253
90	2.025701
90	2.020349
90	1.787456
90	2.221752
90	1.725404
90	2.065906
90	2.162220
90	10.000000
90	10.000000
90	1.716478
90	2.026921
90	2.021104
90	2.014297
90	2.172097
90	2.131850
90	2.658270
90	2.173497
90	1.987579
90	1.947197
90	2.154950
90	2.106869
90	2.144278
90	0.538618
90	2.057833
90	1.941436
90	2.128979
90	1.976042
90	2.014705
90	2.059898
90	9.853549
90	1.985082
90	10.000000
90	1.866384
90	2.156942
90	1.205590
90	2.084916
90	10.000000
90	1.983252
90	2.325855
90	2.014542
90	1.995117
90	2.187403
90	1.923832
90	2.275507
90	2.112059
90	1.822468
90	1.281945
90	2.049590
90	2.081768
90	1.552752
90	1.957217
90	9.040931
90	2.053350
90	7.275938
90	1.778849
90	2.075390
90	2.060524
90	1.973190
90	2.049739
90	2.027379
90	2.090086
90	2.043271
90	1.931507
90	2.082656
90	10.000000
90	1.865170
90	2.307152
90	2.082656
90	2.002736
90	2.014050
90	2.033481
90	2.188061
90	1.996896
90	1.919174
90	2.203919
90	2.036930
90	1.450977
90	2.153562
90	2.093187
90	2.045829
90	2.036029
90	2.124614
90	1.968380
90	2.045150
90	1.958964
90	1.477780
90	2.135138
90	1.810966
90	1.994227
100	2.055056
100	2.133177
100	2.098733
100	1.747963
100	1.966246
100	2.032516
100	6.502778
100	2.088083
100	2.253078
100	2.075387
100	2.145900
100	2.278372
100	2.023579
100	1.956508
100	2.237381
100	2.089708
100	1.975986
100	2.030939
100	2.134199
100	1.945338
100	2.102154
100	2.143069
100	2.099668
100	1.822181
100	2.010317
100	2.070533
100	2.366419
100	10.000000
100	1.982977
100	2.069319
100	2.059466
100	2.105922
100	2.054560
100	2.065136
100	2.151292
100	1.975550
100	2.046574
100	1.675764
100	2.063948
100	1.957358
100	2.085564
100	1.995539
100	2.042099
100	2.062460
100	2.100303
100	2.098015
100	2.378341
100	2.041150
100	1.978089
100	1.884250
100	1.989603
100	2.012168
100	1.878155
100	2.105098
100	2.139919
100	2.125759
100	2.090087
100	10.000000
100	1.942955
100	2.281604
100	1.919159
100	2.053401
100	2.349530
100	1.983804
100	1.895007
100	1.774629
100	10.000000
100	1.832833
100	2.178886
100	1.992267
100	2.086608
100	2.092481
100	1.348078
100	2.082279
100	2.223743
100	1.866609
100	2.040210
100	2.325018
100	2.111633
100	10.000000
100	1.991458
100	2.045642
100	1.948148
100	2.040885
100	1.922859
100	2.352046
100	2.034017
100	1.910172
100	2.090712
100	1.997450
100	2.094291
100	1.880985
100	2.410093
100	1.993619
100	2.046837
100	2.108086
100	2.035057
100	1.940216
100	10.000000
100	1.904056
100	2.138678
100	2.217402
100	2.051162
100	10.000000
100	2.253661
100	10.000000
100	2.540280
100	2.075715
100	2.042111
100	1.603974
100	1.616574
100	2.015756
100	2.031798
100	2.113255
100	2.057521
100	2.115320
100	1.909623
100	2.072342
100	2.053743
100	10.000000
100	2.048904
100	10.000000
100	2.099308
100	1.868069
100	1.864069
100	2.097615
100	1.802234
100	1.609912
100	2.047659
100	2.298535
100	1.987301
100	2.014392
100	2.099270
100	2.031144
100	2.121546
100	10.000000
100	2.309402
100	2.025367
100	1.900142
100	2.016422
100	2.393151
100	1.406308
100	10.000000
100	6.330350
100	2.063359
100	1.936882
100	1.677559
100	2.041783
100	2.233152
100	2.051881
100	1.987230
100	2.073000
100	2.266087
100	1.991413
100	10.000000
100	2.062689
100	2.182658
100	1.685142
100	2.087975
100	2.097889
100	1.897897
100	10.000000
100	2.060807
100	2.032680
100	1.773606
100	2.089555
100	2.009587
100	2.192453
100	2.083010
100	2.056280
100	10.000000
100	1.669714
100	2.173062
100	2.149299
100	2.209468
100	2.017300
100	2.025259
100	2.027952
100	2.010385
100	2.354726
100	1.961250
100	2.093888
100	1.732936
100	1.856758
100	10.000000
100	2.156866
100	1.977377
100	10.000000
100	10.000000
100	1.573584
100	2.217788
100	1.938976
100	2.064030
100	2.108557
100	2.103220
100	2.065819
100	1.990682
100	2.082820
100	2.331853
100	1.992667
110	10.000000
110	2.042884
110	2.190698
110	2.051896
110	2.092078
110	2.032393
110	2.096066
110	2.013928
110	2.188268
110	2.069153
110	10.000000
110	2.108473
110	2.037802
110	3.401124
110	2.029845
110	2.091380
110	2.677505
110	10.000000
110	2.057735
110	2.136941
110	2.331511
110	2.150544
110	2.000276
110	2.293949
110	2.135731
110	2.404200
110	2.964342
110	2.108469
110	1.857479
110	2.077315
110	2.079017
110	2.447408
110	2.282106
110	2.138477
110	10.000000
110	2.088330
110	4.954942
110	2.052201
110	1.734838
110	1.790378
110	0.600902
110	1.902769
110	2.067565
110	2.066458
110	10.000000
110	1.453845
110	2.144623
110	2.020265
110	2.127331
110	2.173778
110	10.000000
110	2.016480
110	10.000000
110	2.179726
110	2.048736
110	10.000000
110	1.901159
110	1.994158
110	2.036644
110	2.226224
110	10.000000
110	2.075259
110	2.020137
110	2.106165
110	10.000000
110	2.041264
110	2.046963
110	2.138048
110	1.678811
110	2.131632
110	2.242469
110	10.802014
110	2.392688
110	2.047923
110	10.000000
110	1.896422
110	2.206760
110	2.070283
110	2.115529
110	2.198907
110	2.053957
110	2.064870
110	2.220055
110	2.013796
110	1.877432
110	2.053583
110	10.000000
110	2.130424
110	2.066110
110	2.247435
110	2.228974
110	2.176087
110	2.382222
110	2.116263
110	2.243249
110	2.122291
110	4.211974
110	2.072379
110	1.991010
110	2.039489
110	1.444279
110	2.080691
110	2.065678
110	2.107167
110	2.107588
110	2.378610
110	1.994190
110	2.081153
110	2.050384
110	2.054549
110	2.061637
110	1.958244
110	2.072959
110	2.136673
110	2.136630
110	1.976992
110	2.286269
110	2.012926
110	10.000000
110	2.142312
110	2.071694
110	2.295768
110	1.796893
110	1.929769
110	1.614706
110	2.158628
110	10.000000
110	2.021142
110	2.044178
110	2.171139
110	2.207555
110	1.301947
110	2.018432
110	1.936073
110	1.531968
110	2.023630
110	2.019873
110	2.169212
110	2.081320
110	2.027456
110	2.072449
110	2.037061
110	2.007628
110	10.000000
110	1.343889
110	2.095247
110	10.000000
110	2.012755
110	2.030092
110	2.027383
110	5.518438
110	10.000000
110	2.085823
110	2.096174
110	2.206917
110	2.011465
110	2.167889
110	10.000000
110	2.064921
110	2.001479
110	2.103012
110	1.909681
110	2.120708
110	2.050036
110	2.198288
110	2.060136
110	1.332869
110	2.050709
110	1.912898
110	2.072517
110	2.381745
110	10.000000
110	1.990203
110	2.083402
110	2.021074
110	2.270585
110	11.171297
110	2.244696
110	1.952314
110	2.030397
110	2.030799
110	2.172537
110	2.042188
110	2.107842
110	2.070250
110	10.000000
110	2.411689
110	1.970604
110	2.132584
110	10.000000
110	2.085962
110	1.895055
110	2.199733
110	1.985103
110	2.059881
110	10.000000
110	2.089549
110	2.057051
110	2.108048
110	2.084485
120	2.102460
120	10.000000
120	2.096049
120	2.358642
120	2.074630
120	2.311080
120	2.125266
120	2.194640
120	1.743727
120	2.068499
120	2.055775
120	2.436522
120	2.196700
120	2.004975
120	10.000000
120	10.000000
120	1.890473
120	2.334379
120	2.139512
120	2.336566
120	1.907422
120	2.095240
120	1.978215
120	2.069299
120	1.873708
120	10.000000
120	2.079581
120	2.037593
120	10.000000
120	10.000000
120	2.028529
120	2.064399
120	2.090329
120	1.893043
120	2.157002
120	1.966107
120	2.035264
120	2.154082
120	2.055315
120	2.204757
120	2.073936
120	2.279988
120	1.984419
120	2.111538
120	10.000000
120	1.967313
120	1.777458
120	2.078968
120	2.122995
120	1.971035
120	2.078713
120	10.000000
120	2.097581
120	2.060110
120	2.064088
120	2.119269
120	0.814153
120	2.021737
120	2.326241
120	2.056190
120	2.067907
120	7.727325
120	1.882299
120	10.000000
120	2.017109
120	2.012929
120	10.000000
120	2.423072
120	1.818936
120	2.041394
120	2.014945
120	2.088940
120	10.000000
120	2.161199
120	2.037247
120	2.138115
120	2.112302
120	2.115420
120	10.000000
120	1.988110
120	2.091721
120	10.000000
120	2.099021
120	2.067558
120	2.251980
120	2.101128
120	2.506136
120	2.135496
120	2.245755
120	2.103463
120	2.096864
120	2.117484
120	10.000000
120	2.118308
120	1.886531
120	2.058744
120	2.041372
120	2.146065
120	1.708889
120	2.209045
120	2.043710
120	2.026911
120	1.996239
120	2.082623
120	1.875108
120	2.100134
120	2.077709
120	2.151507
120	2.004215
120	10.000000
120	2.128019
120	2.264344
120	1.648064
120	2.022415
120	2.028009
120	2.016685
120	2.174795
120	2.073191
120	2.326972
120	2.124205
120	2.045838
120	2.243361
120	1.488588
120	1.682014
120	2.285667
120	1.888908
120	2.102020
120	2.153602
120	1.728280
120	2.300044
120	2.491262
120	10.000000
120	2.299659
120	1.955264
120	2.136630
120	10.000000
120	1.741102
120	2.718882
120	2.064938
120	2.051485
120	2.193899
120	2.020883
120	0.782668
120	1.974900
120	2.548574
120	2.082529
120	2.050419
120	2.069240
120	2.355991
120	1.311590
120	10.000000
120	1.967890
120	1.963386
120	2.185160
120	2.040864
120	1.833804
120	2.180607
120	2.067593
120	2.346910
120	2.276554
120	2.100748
120	2.091798
120	2.223126
120	2.063808
120	2.114666
120	2.187726
120	2.152831
120	1.605418
120	2.002448
120	2.033823
120	4.260577
120	2.395782
120	1.837986
120	1.279293
120	2.104138
120	2.057948
120	2.123436
120	2.095674
120	1.827214
120	10.000000
120	1.945694
120	2.081792
120	2.225813
120	1.880124
120	2.138175
120	2.181826
120	1.931304
120	2.172549
120	1.451102
120	2.094406
120	2.171145
120	10.000000
120	2.048823
120	2.050476
120	2.161271
120	2.207595
120	2.158579
120	2.144738
120	2.271746
120	2.068084
130	2.045711
130	2.088389
130	1.943949
130	2.116662
130	2.218177
130	2.113763
130	1.980724
130	2.079822
130	2.021831
130	2.051947
130	2.354730
130	1.485906
130	2.092804
130	2.081179
130	2.036364
130	2.201253
130	2.005191
130	1.808045
130	2.068361
130	2.107574
130	1.940953
130	2.123277
130	10.000000
130	2.057347
130	2.277835
130	2.104138
130	2.316706
130	2.101770
130	2.084910
130	2.306197
130	2.046153
130	2.031563
130	2.052798
130	2.199423
130	2.075914
130	2.101072
130	1.905645
130	1.996604
130	2.075313
130	2.836549
130	2.054137
130	2.048342
130	2.208334
130	2.050795
130	2.147899
130	10.000000
130	2.655223
130	2.399928
130	2.151963
130	2.114676
130	10.000000
130	2.199059
130	2.090824
130	2.098576
130	2.058145
130	2.044793
130	2.042759
130	2.053404
130	2.066779
130	10.000000
130	1.981833
130	10.000000
130	2.060672
130	2.105700
130	2.065489
130	2.239082
130	2.160363
130	2.044196
130	0.564539
130	2.024371
130	1.939851
130	9.746073
130	2.048349
130	2.156553
130	2.100030
130	2.121801
130	2.468070
130	1.632115
130	1.832562
130	1.957663
130	2.058736
130	2.068510
130	1.958589
130	2.035363
130	2.091529
130	2.172158
130	2.328088
130	1.990293
130	2.056641
130	2.124600
130	7.024812
130	2.093818
130	2.144377
130	2.054244
130	10.000000
130	2.217787
130	1.999359
130	2.398918
130	2.015269
130	1.777357
130	2.056927
130	2.912807
130	2.279979
130	2.092540
130	2.253959
130	2.153668
130	1.991537
130	2.095590
130	1.894161
130	2.061724
130	2.042167
130	2.357369
130	2.129837
130	2.083658
130	2.011781
130	2.023577
130	1.363208
130	2.091531
130	10.000000
130	2.094805
130	2.309943
130	10.000000
130	2.018533
130	1.980930
130	2.096264
130	2.232795
130	2.504018
130	2.027952
130	2.059242
130	10.000000
130	1.882289
130	2.181950
130	10.000000
130	10.000000
130	2.041663
130	1.984438
130	2.038144
130	1.711631
130	2.079327
130	10.000000
130	1.886709
130	2.101034
130	2.197773
130	10.000000
130	1.741075
130	1.849849
130	2.076977
130	2.199898
130	2.029470
130	10.000000
130	2.073865
130	10.000000
130	2.069048
130	10.000000
130	2.059471
130	2.081692
130	2.203829
130	10.000000
130	1.951483
130	2.078944
130	1.593267
130	11.859329
130	2.108803
130	2.093177
130	2.162525
130	2.060245
130	2.091797
130	2.336002
130	1.663175
130	2.219679
130	2.097526
130	1.483015
130	2.358629
130	2.173392
130	2.204492
130	1.957252
130	2.130769
130	2.058320
130	2.018347
130	2.052209
130	2.063166
130	2.096825
130	2.075718
130	2.105615
130	2.105200
130	2.286479
130	2.092030
130	2.114461
130	2.068957
130	2.198976
130	2.143801
130	2.144202
130	2.083099
130	1.686768
130	2.051692
130	2.277917
130	2.149659
130	2.140793
130	1.976052
130	2.074218
140	2.063826
140	2.110745
140	2.056189
140	2.070031
140	10.000000
140	1.976045
140	2.183417
140	10.000000
140	2.230573
140	2.065386
140	2.056318
140	2.130150
140	0.559683
140	1.945635
140	2.132041
140	10.000000
140	1.270681
140	2.246272
140	2.041001
140	2.061431
140	1.791544
140	2.073259
140	2.133351
140	10.000000
140	2.234552
140	2.150275
140	2.149546
140	2.200940
140	2.071126
140	1.914903
140	2.049022
140	1.536268
140	2.121573
140	2.850546
140	10.000000
140	2.225468
140	2.037071
140	2.246610
140	2.121906
140	1.952293
140	2.090420
140	10.000000
140	2.098901
140	2.074473
140	2.117700
140	2.056504
140	2.045933
140	1.927488
140	2.219097
140	10.000000
140	2.066881
140	2.156901
140	2.035208
140	1.879491
140	1.983621
140	2.072080
140	2.077015
140	2.137237
140	2.121066
140	2.123017
140	10.000000
140	10.000000
140	10.000000
140	2.133117
140	1.954665
140	2.219442
140	10.000000
140	2.079427
140	2.045873
140	2.068490
140	2.119595
140	1.899719
140	2.017871
140	1.773170
140	2.087679
140	2.059533
140	2.093319
140	2.094854
140	1.405205
140	2.092264
140	2.064838
140	2.056142
140	2.092128
140	2.023191
140	2.171935
140	2.067903
140	2.129738
140	2.049333
140	1.941811
140	2.039938
140	2.087183
140	1.966086
140	2.054321
140	10.000000
140	2.085047
140	2.270447
140	2.188293
140	2.138480
140	2.091400
140	2.078545
140	2.505645
140	2.074089
140	2.045868
140	1.996425
140	2.016250
140	2.084215
140	4.684484
140	2.336433
140	2.202390
140	1.351292
140	2.091808
140	2.126012
140	2.112667
140	2.235365
140	2.133812
140	2.071416
140	2.084137
140	1.694946
140	2.150504
140	2.082333
140	2.142301
140	2.056527
140	2.071640
140	2.041722
140	1.831363
140	2.007888
140	2.198439
140	2.265669
140	2.066388
140	10.000000
140	2.315696
140	2.102654
140	2.047334
140	10.000000
140	2.056373
140	2.050439
140	2.098672
140	10.000000
140	2.043483
140	2.241209
140	2.055317
140	2.072844
140	1.990894
140	2.220146
140	2.045484
140	2.130969
140	1.962564
140	2.172922
140	2.087437
140	2.203293
140	2.056760
140	1.993735
140	10.000000
140	1.961953
140	2.118059
140	1.797387
140	2.232545
140	2.032380
140	2.045010
140	10.000000
140	2.156756
140	2.090104
140	1.925004
140	2.082221
140	2.005092
140	2.057725
140	1.243467
140	2.096619
140	2.001515
140	2.313702
140	2.044758
140	2.088398
140	2.001306
140	2.114915
140	1.421744
140	2.127049
140	2.071525
140	10.000000
140	2.078977
140	10.000000
140	2.672517
140	2.219092
140	2.131660
140	2.091331
140	2.121937
140	10.000000
140	1.921955
140	1.742380
140	7.224360
140	2.282897
140	1.984709
140	2.010310
140	2.014479
140	1.805099
140	2.447858
140	2.061062
140	2.000127
140	1.795159
140	1.941379
140	2.048085
150	1.376610
150	1.375579
150	1.355121
150	1.393001
150	10.000000
150	10.000000
150	1.372456
150	10.000000
150	1.307424
150	10.000000
150	1.380830
150	10.000000
150	1.385395
150	1.390635
150	1.382831
150	10.000000
150	1.327286
150	1.387024
150	10.000000
150	1.397641
150	10.000000
150	1.357554
150	10.000000
150	10.000000
150	1.228412
150	1.358721
150	10.000000
150	10.000000
150	10.000000
150	1.163240
150	10.000000
150	1.321279
150	2.722587
150	10.000000
150	10.000000
150	10.000000
150	1.045902
150	10.000000
150	10.000000
150	1.274048
150	10.000000
150	1.368091
150	0.935856
150	1.397060
150	10.000000
150	1.386999
150	1.383764
150	1.381051
150	10.000000
150	10.000000
150	1.391782
150	10.000000
150	1.336949
150	10.000000
150	1.380975
150	10.000000
150	1.373466
150	10.000000
150	1.386760
150	10.000000
150	0.991359
150	1.376689
150	1.503075
150	1.386650
150	1.347817
150	1.383823
150	10.000000
150	10.000000
150	1.255532
150	1.557980
150	1.380583
150	1.386024
150	1.362281
150	1.374199
150	10.000000
150	1.384043
150	0.973761
150	10.000000
150	1.397152
150	1.366435
150	10.000000
150	1.356280
150	1.387359
150	1.343703
150	10.000000
150	1.299521
150	1.321747
150	1.382913
150	10.000000
150	1.394477
150	10.000000
150	1.398313
150	1.397660
150	1.396759
150	10.000000
150	1.386994
150	1.376984
150	10.000000
150	10.000000
150	10.000000
150	1.335426
150	1.370735
150	10.000000
150	10.000000
150	1.396170
150	1.380224
150	10.000000
150	1.375313
150	1.366673
150	10.000000
150	10.000000
150	1.389013
150	1.371020
150	1.381331
150	1.349621
150	10.000000
150	1.301287
150	1.395656
150	0.823415
150	10.000000
150	1.704642
150	1.251098
150	1.316580
150	10.000000
150	1.384481
150	10.000000
150	1.287955
150	10.000000
150	1.373479
150	1.067812
150	10.000000
150	10.000000
150	1.384890
150	1.377573
150	1.400293
150	1.366853
150	1.242497
150	10.000000
150	1.383988
150	10.000000
150	1.381291
150	1.180082
150	10.000000
150	1.388103
150	10.000000
150	1.373043
150	10.000000
150	1.380901
150	1.381746
150	10.000000
150	10.000000
150	1.386047
150	10.000000
150	1.339622
150	1.395329
150	1.117195
150	10.000000
150	10.000000
150	1.383900
150	1.304087
150	10.000000
150	10.000000
150	10.000000
150	10.000000
150	1.385120
150	10.000000
150	1.270848
150	10.000000
150	1.341902
150	10.000000
150	0.995732
150	1.374182
150	1.489270
150	10.000000
150	10.000000
150	1.363762
150	1.287613
150	1.369970
150	10.000000
150	1.380484
150	10.000000
150	10.000000
150	10.000000
150	10.000000
150	10.000000
150	10.000000
150	0.945954
150	10.000000
150	1.321127
150	1.325550
150	10.000000
150	1.397885
150	1.374547
150	10.000000
150	1.378108
150	1.377115
150	10.000000
150	10.000000
150	1.369561
150	1.387389
