10	0.739325
10	0.531568
10	0.358852
10	0.249622
10	10.000000
10	0.183152
10	1.422749
10	1.723862
10	1.124196
10	0.672906
10	0.790472
10	2.251934
10	0.580151
10	1.091070
10	0.277250
10	5.155053
10	0.418099
10	0.953871
10	0.877543
10	1.257948
10	2.015103
10	0.541357
10	1.358604
10	2.579923
10	0.634037
10	1.377894
10	0.135425
10	10.000000
10	1.063603
10	0.623016
10	0.696916
10	0.542256
10	0.496266
10	0.557524
10	1.110176
10	0.950853
10	0.146793
10	2.968122
10	2.070185
10	1.754154
10	0.559235
10	0.915499
10	1.885310
10	0.378215
10	1.016167
10	0.733812
10	1.583350
10	2.032430
10	0.655926
10	0.784827
10	1.120864
10	1.184995
10	1.972479
10	1.586924
10	1.346118
10	0.250917
10	0.271622
10	2.529684
10	1.627797
10	1.547745
10	1.869880
10	0.255191
10	2.149746
10	5.326301
10	0.948336
10	0.886257
10	0.790479
10	2.090131
10	1.357900
10	0.877030
10	2.246112
10	2.395172
10	0.471544
10	1.208753
10	1.631091
10	1.276328
10	1.014636
10	1.377567
10	0.219420
10	3.040234
10	0.893509
10	1.257724
10	0.134308
10	0.325036
10	1.772429
10	1.182284
10	0.194867
10	0.742469
10	0.385486
10	0.649832
10	1.123583
10	2.291861
10	2.372725
10	1.339643
10	1.212472
10	0.161341
10	1.004190
10	3.188957
10	0.737864
10	0.523954
10	0.692417
10	0.952733
10	3.277899
10	0.598497
10	1.549186
10	0.500638
10	0.427112
10	0.412280
10	0.589364
10	1.119927
10	1.063407
10	0.207329
10	0.768352
10	1.224045
10	0.875928
10	0.427574
10	1.265392
10	1.996175
10	2.275013
10	0.987956
10	1.756276
10	0.264730
10	2.578322
10	0.891995
10	0.249758
10	0.280717
10	1.879495
10	2.225516
10	0.203818
10	0.488586
10	0.460982
10	0.830435
10	0.405989
10	1.346660
10	0.706390
10	0.544187
10	1.624997
10	0.498415
10	1.087510
10	0.573347
10	2.177562
10	0.899320
10	0.225869
10	0.630373
10	0.228919
10	2.559727
10	1.243194
10	1.449429
10	1.372562
10	1.036288
10	0.171846
10	1.599243
10	0.179616
10	1.102820
10	1.042633
10	0.478987
10	0.160601
10	0.480139
10	1.558258
10	0.734838
10	2.037690
10	0.837737
10	0.264129
10	0.875822
10	1.544185
10	2.216948
10	0.412269
10	0.314888
10	1.266110
10	0.696795
10	1.059223
10	0.178494
10	0.380609
10	0.655742
10	0.969142
10	0.798445
10	0.389832
10	0.890790
10	0.416047
10	0.534732
10	0.531851
10	1.342110
10	0.220601
10	1.464977
10	0.365077
10	2.566468
10	2.205962
10	0.193656
10	0.212108
10	2.028246
10	10.000000
10	1.187984
10	1.132996
10	0.697387
10	1.188790
10	0.326270
10	0.788579
10	0.990988
10	0.211348
10	2.680803
20	0.583118
20	1.306064
20	0.762607
20	1.000191
20	2.054580
20	0.810863
20	0.753449
20	0.673049
20	1.111877
20	0.750185
20	0.492366
20	0.421319
20	0.352270
20	0.546335
20	0.514044
20	0.673420
20	0.842104
20	0.736317
20	0.537432
20	0.677561
20	0.651453
20	1.553982
20	1.496217
20	1.094948
20	1.288798
20	1.332802
20	0.850360
20	1.306837
20	1.211819
20	1.080913
20	1.351907
20	2.347917
20	0.919256
20	0.376133
20	2.993487
20	0.749021
20	0.169224
20	0.774746
20	1.752040
20	0.433206
20	1.332028
20	0.556870
20	1.053602
20	1.212172
20	0.433043
20	1.130754
20	1.444869
20	0.742329
20	0.823286
20	1.909649
20	1.076738
20	0.760798
20	0.898194
20	0.603188
20	0.993898
20	0.589852
20	0.688661
20	2.124036
20	0.345469
20	0.379791
20	0.891155
20	3.235767
20	1.178472
20	0.658775
20	0.685567
20	1.436121
20	0.990708
20	0.373348
20	1.417692
20	0.851226
20	0.975794
20	1.443028
20	0.865906
20	0.744696
20	1.350624
20	1.390255
20	1.409785
20	1.582038
20	1.266961
20	0.303336
20	1.901351
20	0.430460
20	0.202787
20	1.186223
20	0.766610
20	0.919229
20	0.642018
20	1.556824
20	1.007769
20	1.077779
20	0.979202
20	1.603065
20	0.889905
20	0.685443
20	1.101967
20	1.237279
20	0.358367
20	1.663289
20	0.620159
20	1.010315
20	4.775736
20	0.738633
20	1.567587
20	1.270295
20	5.521349
20	0.726711
20	0.845276
20	3.022510
20	2.356338
20	0.758794
20	0.526784
20	1.219148
20	2.521980
20	0.575904
20	1.462004
20	0.615784
20	1.377892
20	1.272277
20	0.390783
20	1.357632
20	1.403658
20	1.040015
20	0.422367
20	2.540759
20	1.982169
20	0.643661
20	1.191495
20	0.676875
20	1.486203
20	1.606074
20	0.882824
20	0.931560
20	0.797164
20	0.848416
20	0.415928
20	1.294542
20	1.209701
20	1.269966
20	2.055770
20	0.764669
20	1.420746
20	0.436879
20	2.878128
20	1.589326
20	0.573231
20	0.838109
20	0.599900
20	0.394315
20	3.271072
20	0.576358
20	1.535965
20	0.300885
20	0.690502
20	0.861656
20	1.177552
20	0.898622
20	1.545518
20	10.000000
20	0.641793
20	0.691583
20	0.956509
20	1.413879
20	0.215442
20	0.152358
20	1.135098
20	0.926078
20	1.169378
20	0.902867
20	1.225760
20	0.799232
20	1.064037
20	0.649351
20	0.965664
20	0.734115
20	10.000000
20	1.229547
20	0.746293
20	2.082974
20	2.240862
20	1.067954
20	0.863143
20	1.158986
20	0.514458
20	1.298573
20	0.699680
20	1.316553
20	0.421537
20	4.352476
20	1.228512
20	2.093118
20	1.097602
20	0.969955
20	0.995196
20	1.871595
20	0.630247
20	1.331120
20	0.685740
20	1.121103
20	1.215487
20	1.280165
30	3.122384
30	2.442001
30	2.322041
30	2.878471
30	1.609618
30	2.221246
30	2.234907
30	3.397148
30	1.916679
30	3.352201
30	1.685835
30	1.452739
30	3.048490
30	2.400812
30	3.199492
30	1.374161
30	2.995926
30	10.000000
30	3.830542
30	2.703446
30	2.426743
30	2.691174
30	2.025332
30	4.894451
30	3.870481
30	2.671431
30	5.483588
30	2.915667
30	3.775066
30	2.775660
30	2.734252
30	2.682809
30	3.373504
30	3.785431
30	2.478013
30	2.378102
30	3.056938
30	3.020376
30	2.286242
30	2.593474
30	3.182992
30	3.280569
30	4.309159
30	4.171912
30	3.777161
30	4.967767
30	6.547721
30	4.083925
30	2.608929
30	2.337788
30	3.570409
30	2.459032
30	3.209021
30	3.061249
30	1.705827
30	3.280583
30	4.014114
30	2.710027
30	3.878003
30	1.977595
30	2.947459
30	1.993902
30	3.591398
30	3.924899
30	1.941204
30	3.300624
30	2.111146
30	3.041804
30	4.391388
30	3.830874
30	2.115801
30	2.958725
30	3.230352
30	2.421487
30	3.961897
30	2.900220
30	2.874274
30	3.478326
30	2.338587
30	4.430909
30	3.856615
30	1.914306
30	5.332210
30	2.141697
30	5.049825
30	3.344139
30	3.332461
30	2.378067
30	2.581358
30	2.297632
30	4.582727
30	3.098069
30	2.057147
30	2.664746
30	2.511968
30	2.261633
30	10.000000
30	3.100165
30	2.716258
30	3.064740
30	2.743022
30	3.643060
30	2.985752
30	3.485678
30	3.788784
30	2.154218
30	3.221015
30	1.954701
30	2.725816
30	1.977137
30	2.923880
30	3.808621
30	2.479812
30	3.587339
30	4.828620
30	2.549241
30	2.587758
30	3.262303
30	2.440788
30	4.058292
30	4.837129
30	4.430454
30	2.150334
30	3.918657
30	1.985853
30	3.105137
30	3.722389
30	1.900409
30	4.452335
30	4.539096
30	2.285445
30	1.876859
30	1.977564
30	2.560875
30	3.797683
30	5.994482
30	4.291754
30	2.499081
30	2.379420
30	2.227045
30	3.649888
30	1.985944
30	3.528214
30	2.330992
30	4.385619
30	2.820143
30	1.820286
30	2.875624
30	1.930718
30	3.817652
30	4.022596
30	3.875122
30	2.266711
30	4.123442
30	2.899716
30	1.458532
30	5.103707
30	3.589734
30	1.380606
30	4.140397
30	2.283944
30	2.608169
30	3.714476
30	2.412091
30	2.986667
30	3.169347
30	2.588715
30	3.794936
30	2.952734
30	3.840068
30	2.867020
30	2.839115
30	4.186316
30	1.728147
30	2.576853
30	3.371699
30	2.346654
30	3.245308
30	3.347776
30	1.263916
30	1.891696
30	2.667237
30	2.665495
30	3.362504
30	2.108322
30	3.330245
30	4.100812
30	3.674379
30	2.754614
30	3.105784
30	4.027005
30	2.198446
30	5.151914
30	1.983941
30	3.310287
30	1.523657
30	2.879284
30	3.578992
30	2.652547
30	4.506857
40	4.844861
40	4.695427
40	5.115958
40	6.325523
40	4.399889
40	5.065534
40	3.796797
40	5.695593
40	5.461298
40	4.398389
40	5.536134
40	5.487801
40	5.054325
40	4.216385
40	5.645014
40	5.635107
40	5.110270
40	4.351181
40	4.923451
40	6.905955
40	5.356352
40	4.299679
40	4.196985
40	5.798372
40	4.572747
40	4.221349
40	5.501895
40	3.988894
40	5.187855
40	4.801512
40	4.654757
40	3.973034
40	5.256164
40	4.866229
40	4.876509
40	4.773124
40	5.366357
40	4.914621
40	3.289887
40	5.471528
40	6.498550
40	4.090067
40	4.828372
40	4.541743
40	5.005158
40	5.445257
40	5.553681
40	4.915433
40	5.724990
40	5.028216
40	4.890468
40	5.146309
40	4.749528
40	4.263970
40	5.079349
40	4.198183
40	4.224683
40	4.774613
40	4.256379
40	5.214315
40	5.037312
40	4.286753
40	3.820570
40	4.817563
40	4.541647
40	4.781129
40	5.236210
40	3.515494
40	4.466961
40	5.007763
40	6.603578
40	4.219847
40	4.717224
40	5.156843
40	4.486037
40	5.208320
40	4.870906
40	5.112510
40	5.217738
40	4.877481
40	5.035891
40	6.149964
40	4.314066
40	5.661470
40	4.010699
40	5.666988
40	5.749970
40	4.855640
40	6.063772
40	6.518214
40	4.196282
40	4.114866
40	4.670417
40	4.892479
40	4.474544
40	5.011374
40	4.498239
40	4.149246
40	4.778915
40	5.802767
40	4.635071
40	4.134969
40	5.043051
40	5.120310
40	5.074377
40	4.475609
40	6.754529
40	3.429053
40	4.475482
40	4.971243
40	4.951540
40	5.189954
40	4.688504
40	4.877734
40	4.794140
40	4.680435
40	2.893138
40	4.792457
40	4.977927
40	5.292906
40	3.972208
40	5.070276
40	4.094559
40	4.853349
40	5.242716
40	5.140968
40	4.188273
40	5.641788
40	6.424341
40	4.888417
40	5.694330
40	5.060814
40	5.225618
40	4.712717
40	3.919698
40	4.813328
40	3.690889
40	4.812036
40	5.231489
40	4.901054
40	4.452905
40	4.902902
40	5.116416
40	5.604213
40	4.236988
40	5.022898
40	5.084512
40	4.810741
40	6.020223
40	4.372039
40	4.616935
40	4.095299
40	4.539521
40	4.927492
40	5.140054
40	4.215420
40	4.787820
40	6.110835
40	4.576605
40	4.591526
40	5.286248
40	5.102275
40	4.087279
40	4.895032
40	5.381922
40	5.814327
40	4.659050
40	5.437817
40	5.704937
40	4.819430
40	5.114286
40	5.825145
40	5.154508
40	4.552382
40	4.130616
40	5.643195
40	4.531779
40	4.729641
40	5.549534
40	4.807984
40	3.445054
40	2.283743
40	5.260126
40	5.146145
40	7.121788
40	4.890095
40	4.867290
40	5.905517
40	5.233826
40	4.416988
40	4.155188
40	3.929863
40	4.831519
40	4.747611
40	4.686975
40	4.982975
40	5.512720
40	4.912487
40	3.053890
40	4.102370
50	6.157306
50	6.135068
50	4.734541
50	3.962147
50	5.123458
50	5.248615
50	4.665496
50	5.565939
50	7.376736
50	5.578354
50	5.123066
50	5.318023
50	3.852582
50	5.143105
50	4.052735
50	4.392078
50	5.748517
50	5.728612
50	5.599632
50	4.599043
50	5.105949
50	5.157364
50	5.256454
50	4.434329
50	5.782058
50	5.156132
50	5.197233
50	5.144307
50	6.077485
50	4.773780
50	4.885153
50	4.182085
50	4.543585
50	4.844119
50	5.498206
50	5.298748
50	5.495291
50	4.852672
50	4.861940
50	5.693191
50	5.206590
50	5.856622
50	5.219491
50	4.790480
50	5.735580
50	6.015155
50	4.803694
50	5.552796
50	5.140369
50	4.312684
50	4.460487
50	4.558413
50	4.892759
50	10.000000
50	4.895444
50	6.352575
50	5.563923
50	4.824542
50	5.443070
50	4.499899
50	5.001749
50	5.711741
50	5.656265
50	5.274097
50	5.085610
50	4.766433
50	5.112542
50	5.698245
50	5.177199
50	5.862256
50	4.915585
50	4.408637
50	4.891312
50	6.262073
50	5.466039
50	6.000136
50	4.986461
50	4.913333
50	4.093656
50	5.558182
50	4.937488
50	6.214661
50	5.282412
50	7.072107
50	4.731984
50	5.183825
50	5.120998
50	5.014637
50	5.239868
50	5.061475
50	5.308626
50	3.164851
50	5.027536
50	5.697958
50	4.999936
50	4.297184
50	4.958886
50	4.140293
50	5.314550
50	5.200061
50	5.304662
50	5.144877
50	5.111510
50	5.294638
50	5.260224
50	5.140407
50	4.553219
50	5.704461
50	5.507990
50	3.565832
50	4.370085
50	5.857845
50	5.114165
50	5.955111
50	5.923381
50	4.306599
50	5.269194
50	4.865997
50	5.722828
50	4.465290
50	4.840925
50	7.354479
50	4.874798
50	5.864559
50	4.631844
50	5.232705
50	4.382199
50	5.120350
50	5.698324
50	5.434151
50	6.304973
50	5.302397
50	5.107683
50	6.065989
50	4.736057
50	6.379128
50	5.226104
50	4.159105
50	5.344717
50	4.487412
50	5.699568
50	4.931677
50	3.143804
50	5.072452
50	9.362952
50	5.284385
50	5.066320
50	4.028946
50	5.466025
50	4.827301
50	4.322631
50	10.000000
50	5.789676
50	5.258247
50	4.835754
50	5.051604
50	5.396450
50	5.222649
50	4.483446
50	5.532122
50	5.911157
50	5.382023
50	4.896671
50	4.562812
50	5.327437
50	5.042919
50	4.230009
50	4.798140
50	4.672603
50	4.914566
50	4.482959
50	10.000000
50	4.289522
50	5.018586
50	5.404000
50	4.385565
50	4.778432
50	4.786348
50	6.339332
50	5.158337
50	3.965498
50	5.275642
50	4.605662
50	5.084091
50	5.155334
50	6.084212
50	4.130168
50	5.399319
50	4.764537
50	5.248618
50	3.263069
50	4.844883
50	4.903811
50	5.169597
50	4.789301
50	5.578904
50	5.246103
50	4.674223
50	3.942893
50	4.724411
60	2.527503
60	1.759526
60	2.192611
60	1.732662
60	2.119910
60	2.558159
60	1.593480
60	1.523786
60	2.262439
60	2.451817
60	1.957192
60	2.208661
60	2.595755
60	2.471324
60	2.183552
60	2.689695
60	1.829403
60	3.513543
60	2.654516
60	2.940362
60	2.517605
60	2.208187
60	1.998143
60	1.895046
60	1.384917
60	2.354806
60	2.022992
60	2.357893
60	1.496785
60	1.708658
60	1.716445
60	1.729647
60	2.233775
60	1.536959
60	2.423135
60	2.098570
60	1.869389
60	1.908428
60	2.118230
60	1.819515
60	2.380012
60	1.819237
60	3.151844
60	2.451753
60	2.008023
60	1.494607
60	1.644206
60	2.397693
60	3.255644
60	2.882855
60	1.925443
60	1.904180
60	1.861669
60	0.429974
60	1.662581
60	1.820937
60	1.795927
60	2.254469
60	1.813988
60	2.409074
60	1.942856
60	2.303173
60	2.542139
60	1.911629
60	2.135961
60	2.582519
60	2.813815
60	2.101917
60	1.801589
60	1.890709
60	2.447261
60	2.301270
60	1.735640
60	2.119516
60	1.885205
60	1.901079
60	2.104023
60	2.671372
60	2.228049
60	2.255654
60	3.317543
60	3.294203
60	1.761227
60	10.000000
60	2.934111
60	1.590947
60	1.711744
60	1.527263
60	2.191732
60	2.284521
60	2.319955
60	2.417309
60	2.018441
60	2.220317
60	1.663010
60	1.884098
60	2.154938
60	2.025897
60	2.575635
60	1.974495
60	2.528966
60	1.953497
60	2.230883
60	1.655033
60	2.016820
60	2.376677
60	2.289337
60	2.461598
60	2.140615
60	2.272401
60	2.191228
60	1.772313
60	1.568315
60	4.594609
60	2.029903
60	2.024153
60	1.724185
60	1.857251
60	1.847663
60	2.305621
60	1.661828
60	1.886210
60	1.892727
60	2.447445
60	2.729832
60	2.328402
60	2.559654
60	2.289944
60	2.266876
60	2.448589
60	2.732198
60	1.915604
60	1.728523
60	1.949822
60	1.842052
60	2.127383
60	2.106597
60	1.462645
60	2.806965
60	2.110994
60	2.405085
60	1.793766
60	1.703442
60	2.890548
60	2.793929
60	2.018803
60	1.513847
60	2.301148
60	2.889176
60	2.009961
60	0.939537
60	1.900224
60	1.845911
60	1.666731
60	1.396647
60	2.858282
60	1.492385
60	1.023896
60	2.152212
60	2.153671
60	1.938311
60	2.316957
60	2.009576
60	2.558522
60	1.700179
60	4.724789
60	2.418262
60	1.746585
60	1.567760
60	3.113197
60	1.826222
60	1.772411
60	2.250677
60	1.589593
60	1.961641
60	2.306837
60	1.891558
60	2.791059
60	2.113635
60	1.915058
60	1.800614
60	1.956510
60	1.763714
60	2.122065
60	1.531646
60	2.494063
60	1.179526
60	1.854170
60	2.750011
60	3.883596
60	2.115057
60	2.983126
60	2.006870
60	2.078668
60	2.171073
60	1.677607
60	2.073842
60	2.369277
60	2.151644
60	1.536086
70	2.765317
70	2.711435
70	2.928304
70	3.210419
70	2.971120
70	2.781627
70	2.850632
70	3.032999
70	10.000000
70	1.975321
70	3.058718
70	3.025805
70	2.256012
70	2.786535
70	2.465440
70	3.322371
70	2.827438
70	1.743126
70	2.667304
70	2.693442
70	2.756300
70	2.707655
70	2.710788
70	2.297733
70	2.703421
70	2.993630
70	2.720979
70	2.713647
70	2.877890
70	2.595925
70	2.712814
70	2.670804
70	2.786903
70	2.991156
70	2.723923
70	2.640861
70	2.580076
70	2.489039
70	2.834572
70	10.000000
70	2.866890
70	2.663644
70	2.959704
70	3.240731
70	4.266717
70	2.655449
70	2.645525
70	2.575515
70	2.758897
70	2.744167
70	2.706936
70	2.671629
70	2.582679
70	2.603641
70	3.191421
70	2.800354
70	2.576637
70	2.702099
70	2.785192
70	2.727297
70	2.488627
70	2.425491
70	2.590722
70	2.741901
70	2.491340
70	4.752161
70	4.087032
70	2.327396
70	2.704584
70	2.659133
70	2.488270
70	2.429123
70	2.610142
70	2.840758
70	2.571249
70	3.038646
70	2.797368
70	2.777144
70	2.679741
70	2.985016
70	3.008118
70	2.755696
70	2.712900
70	2.591715
70	2.778019
70	2.400945
70	2.645579
70	2.068421
70	2.602381
70	2.673398
70	2.673169
70	3.143731
70	1.627239
70	2.662238
70	2.602767
70	2.210627
70	2.652070
70	2.757197
70	2.479954
70	2.853427
70	2.653248
70	2.672491
70	3.188109
70	3.968044
70	2.778788
70	2.886146
70	2.631287
70	3.414627
70	2.738043
70	2.840538
70	2.739376
70	2.461812
70	3.283482
70	2.399375
70	3.085349
70	2.623172
70	2.692342
70	2.601804
70	3.719243
70	2.707030
70	2.914454
70	2.461706
70	2.642937
70	2.674478
70	2.729485
70	3.064480
70	2.636199
70	2.165103
70	2.666698
70	2.597155
70	10.000000
70	2.610973
70	2.712759
70	3.580301
70	2.580390
70	2.730551
70	2.457102
70	2.427071
70	2.759477
70	2.590112
70	4.218450
70	2.493243
70	2.546631
70	2.211342
70	2.453309
70	2.404809
70	2.540623
70	4.795289
70	3.119983
70	2.581858
70	3.018966
70	2.891468
70	3.063312
70	2.683847
70	3.524680
70	2.818469
70	2.688876
70	2.684187
70	3.571007
70	2.536873
70	2.585663
70	2.946384
70	2.950129
70	2.767683
70	2.703650
70	2.516196
70	2.562418
70	2.639631
70	3.119558
70	3.219533
70	3.039511
70	2.715968
70	4.141216
70	2.954666
70	2.805780
70	3.060551
70	2.602331
70	2.635700
70	2.713335
70	2.813761
70	2.704969
70	2.828788
70	3.009507
70	3.009658
70	2.501824
70	2.613590
70	2.347501
70	2.482718
70	2.753495
70	3.143572
70	2.555801
70	2.508057
70	2.714339
70	2.592117
70	2.654427
70	2.805551
70	2.790998
70	2.543847
70	3.351894
70	2.996198
80	3.300430
80	2.819082
80	2.469590
80	2.230726
80	2.593634
80	2.780494
80	2.883924
80	2.763928
80	2.871162
80	2.701995
80	2.786735
80	2.744410
80	3.397593
80	2.826871
80	2.926253
80	2.771365
80	1.983262
80	3.142739
80	2.821335
80	3.230993
80	2.679896
80	2.784567
80	4.160320
80	2.842867
80	2.865748
80	3.856573
80	2.834527
80	2.855964
80	2.681130
80	2.719627
80	2.809095
80	3.661629
80	2.824506
80	2.976073
80	2.671514
80	2.726387
80	2.772189
80	2.724451
80	2.228898
80	3.057397
80	2.917540
80	3.456288
80	2.685402
80	2.682860
80	2.631156
80	2.957239
80	2.629476
80	2.751327
80	2.688193
80	3.374456
80	2.700287
80	2.560193
80	2.717948
80	2.901089
80	4.049400
80	2.820691
80	2.761356
80	3.191324
80	2.785572
80	20.431664
80	2.806481
80	2.963883
80	3.156438
80	2.878045
80	3.063096
80	2.707582
80	2.653807
80	2.642887
80	2.787495
80	2.847495
80	2.990191
80	3.493069
80	2.639153
80	2.776589
80	2.503539
80	2.687387
80	2.512623
80	2.724195
80	2.684580
80	2.895752
80	2.882667
80	3.568157
80	2.382659
80	2.699629
80	2.722622
80	2.241973
80	2.797228
80	3.327496
80	2.761811
80	2.609786
80	2.919902
80	3.154293
80	2.509066
80	2.835887
80	3.776762
80	3.012819
80	3.008970
80	3.171477
80	3.040762
80	2.773661
80	2.622664
80	4.776668
80	2.283208
80	2.774049
80	2.509902
80	2.609651
80	2.505244
80	2.980843
80	2.729874
80	3.317538
80	2.748177
80	2.587158
80	2.819526
80	2.648115
80	2.700687
80	2.443424
80	2.742328
80	2.494644
80	2.615326
80	2.713477
80	2.519953
80	2.579308
80	4.108234
80	2.856086
80	3.353467
80	2.572836
80	3.094009
80	2.632048
80	2.724693
80	2.646650
80	2.623320
80	2.683641
80	2.776134
80	2.599357
80	3.747612
80	2.806486
80	2.651204
80	3.245763
80	2.550073
80	3.096161
80	2.879570
80	3.478665
80	3.079016
80	2.658768
80	2.908671
80	2.741234
80	2.697280
80	2.993230
80	2.255083
80	2.946593
80	2.379539
80	2.751885
80	2.496422
80	2.565214
80	1.592492
80	2.899307
80	3.162025
80	2.731603
80	2.703586
80	3.050662
80	2.423412
80	2.583097
80	2.669858
80	2.890296
80	2.981928
80	2.773835
80	2.740960
80	3.061501
80	2.544624
80	3.006426
80	2.449187
80	2.695721
80	3.178083
80	2.954085
80	2.897015
80	2.929629
80	2.654503
80	2.744626
80	2.581626
80	3.072539
80	2.955442
80	1.482038
80	2.660267
80	2.879423
80	3.277217
80	3.087055
80	2.665284
80	2.707146
80	2.446197
80	2.667032
80	2.221541
80	2.779780
80	2.750134
80	2.685447
80	2.385350
80	2.547604
80	2.831436
80	4.351586
80	2.423869
80	2.818568
90	2.797081
90	3.118033
90	2.693775
90	2.240686
90	2.690329
90	3.386534
90	3.542992
90	3.018240
90	3.381568
90	2.671937
90	2.942346
90	2.727781
90	2.974758
90	2.809002
90	2.749411
90	2.810002
90	2.579597
90	2.610353
90	2.705167
90	3.291400
90	2.638199
90	2.852005
90	2.745826
90	2.766016
90	5.402217
90	2.577516
90	2.582835
90	3.420843
90	2.738213
90	2.545906
90	2.645201
90	2.738553
90	3.201244
90	1.906517
90	2.686050
90	2.832152
90	2.944918
90	2.687354
90	2.961005
90	3.388868
90	2.690330
90	2.782674
90	3.234638
90	2.885025
90	4.673492
90	2.596628
90	2.786684
90	2.567366
90	2.997254
90	3.416916
90	2.950917
90	2.819072
90	3.272425
90	2.793307
90	2.850593
90	2.841623
90	2.606553
90	1.831617
90	3.209464
90	2.656684
90	2.805731
90	2.719029
90	2.745284
90	2.874279
90	2.630991
90	2.668580
90	2.714021
90	2.743829
90	3.171823
90	2.553631
90	2.682604
90	2.645557
90	2.718887
90	2.604335
90	2.331589
90	2.378669
90	2.765754
90	2.678746
90	2.661487
90	4.836285
90	2.858513
90	2.898397
90	3.017036
90	2.825389
90	1.081926
90	2.801327
90	2.815759
90	3.091365
90	2.702404
90	2.569561
90	2.758395
90	2.239247
90	2.954812
90	2.747748
90	2.739765
90	2.855769
90	2.486010
90	2.933384
90	2.839274
90	2.624309
90	2.632693
90	2.807274
90	2.755286
90	3.157996
90	2.871088
90	2.526711
90	2.849415
90	2.832774
90	3.074790
90	2.996648
90	2.643351
90	2.567794
90	2.889029
90	3.080095
90	2.704269
90	2.856694
90	2.868377
90	3.203872
90	3.171490
90	2.793521
90	3.177469
90	2.903781
90	2.727549
90	3.172682
90	3.005306
90	2.783144
90	3.064064
90	3.300171
90	2.844592
90	3.134728
90	2.889273
90	2.547118
90	2.704553
90	2.724330
90	2.828021
90	2.561851
90	10.000000
90	2.736018
90	2.772434
90	2.678434
90	2.916254
90	3.024172
90	2.693550
90	2.669584
90	2.635369
90	2.923433
90	3.119291
90	2.841397
90	2.746987
90	2.231295
90	2.742107
90	2.943667
90	2.550023
90	2.858383
90	2.875175
90	2.617586
90	3.224179
90	3.050211
90	2.725555
90	2.787534
90	2.701226
90	2.800299
90	2.119403
90	2.683307
90	2.833246
90	3.075134
90	2.586706
90	2.392606
90	2.639697
90	2.672689
90	2.650502
90	2.686811
90	3.133467
90	3.280475
90	2.757358
90	2.727765
90	2.689467
90	3.209928
90	2.841154
90	2.823007
90	2.800408
90	2.675793
90	2.832706
90	2.800061
90	3.179020
90	2.645361
90	2.725288
90	2.738418
90	3.555011
90	2.630745
90	2.648857
90	3.004778
90	2.802615
90	2.792199
90	2.739731
90	3.008815
90	2.738051
90	2.640413
90	2.706259
90	1.906385
100	2.963468
100	3.253320
100	2.718016
100	2.900286
100	2.600127
100	2.969618
100	2.628417
100	3.033514
100	2.737086
100	2.880448
100	2.750635
100	3.045445
100	2.961631
100	2.674468
100	2.664985
100	2.846833
100	2.934004
100	3.023221
100	2.909648
100	2.713637
100	2.917625
100	2.908031
100	2.147107
100	2.756140
100	2.614392
100	2.681134
100	2.763079
100	3.154779
100	2.596752
100	3.296392
100	2.747701
100	2.593585
100	2.894020
100	2.528174
100	2.981470
100	2.869321
100	2.692001
100	3.007384
100	3.049382
100	2.747391
100	2.821659
100	4.181767
100	3.269692
100	4.115492
100	2.791446
100	2.985771
100	2.835184
100	2.528436
100	2.854946
100	3.081060
100	2.805294
100	2.811587
100	2.767337
100	2.818381
100	3.695381
100	3.120565
100	2.899474
100	2.953781
100	2.802409
100	2.486631
100	2.729726
100	2.939986
100	2.667494
100	2.716638
100	2.966338
100	2.414009
100	2.968511
100	2.869064
100	2.725631
100	2.774386
100	3.043206
100	3.134510
100	3.143373
100	2.842687
100	2.679811
100	3.744833
100	2.559049
100	3.530642
100	2.746593
100	2.682209
100	2.829912
100	2.766831
100	2.527385
100	2.935394
100	2.947840
100	2.775890
100	2.720738
100	2.689749
100	2.710584
100	2.673648
100	3.088077
100	3.001512
100	2.891314
100	3.303699
100	3.075182
100	3.101448
100	2.996053
100	2.770059
100	2.626044
100	2.616262
100	2.861771
100	2.651593
100	3.377794
100	2.967624
100	3.098089
100	2.642864
100	2.647760
100	2.242454
100	2.764302
100	2.924029
100	2.697800
100	3.630100
100	2.779485
100	3.972497
100	2.525827
100	2.904407
100	2.421076
100	2.757802
100	2.673435
100	3.492344
100	2.820915
100	2.627945
100	2.805525
100	2.739798
100	2.712882
100	2.465546
100	2.808145
100	3.247972
100	2.879546
100	2.750083
100	2.563980
100	2.695361
100	2.460876
100	4.010737
100	2.519440
100	2.582861
100	2.989514
100	2.687464
100	2.642467
100	2.676588
100	2.932640
100	2.802760
100	3.235603
100	2.804488
100	2.616624
100	2.835658
100	2.681793
100	5.135950
100	2.671263
100	2.897554
100	3.067105
100	2.714413
100	3.199809
100	3.222140
100	2.621250
100	2.657294
100	2.543471
100	2.611815
100	2.688170
100	3.544457
100	2.642482
100	3.240663
100	2.762603
100	5.991204
100	2.679496
100	2.751573
100	2.719474
100	2.683744
100	2.439784
100	3.852688
100	3.029679
100	2.766902
100	2.717734
100	2.701843
100	2.723589
100	2.796937
100	2.739535
100	2.730958
100	2.737625
100	2.694497
100	2.650311
100	3.500136
100	2.931406
100	2.431219
100	2.843856
100	2.680268
100	3.267327
100	2.644750
100	2.910500
100	2.815598
100	3.279969
100	3.034582
100	2.671239
100	2.727015
100	5.512916
100	3.490896
100	2.854287
100	2.722419
100	2.724684
100	2.984016
110	2.965386
110	2.819492
110	2.830927
110	2.783419
110	3.043890
110	3.902574
110	2.896562
110	2.564892
110	2.796045
110	2.399514
110	2.774113
110	2.819696
110	2.668170
110	4.159317
110	2.707151
110	2.955462
110	2.731590
110	2.751215
110	3.027684
110	2.693593
110	2.841692
110	2.999168
110	2.920117
110	2.893822
110	3.105040
110	4.988243
110	2.762818
110	2.942046
110	3.002036
110	2.869036
110	2.748345
110	2.779290
110	2.776983
110	2.699823
110	3.534383
110	3.194828
110	2.659786
110	2.809993
110	3.479665
110	2.711024
110	2.741243
110	3.019214
110	3.103602
110	2.780215
110	2.860418
110	3.156814
110	2.961762
110	2.691041
110	3.211579
110	3.238330
110	2.892208
110	2.781066
110	2.725827
110	2.532315
110	2.904814
110	2.929949
110	2.930071
110	2.699620
110	2.698964
110	3.965004
110	2.923689
110	3.239707
110	3.218943
110	3.317496
110	2.659018
110	2.624575
110	3.471364
110	2.737938
110	2.729007
110	2.532687
110	2.920545
110	4.268148
110	4.112083
110	2.656613
110	2.766650
110	2.764026
110	2.696791
110	2.612448
110	2.730410
110	2.707894
110	3.566317
110	2.872422
110	2.848190
110	2.856817
110	2.778800
110	2.831475
110	2.746331
110	2.519841
110	3.014329
110	2.979533
110	2.963970
110	2.844844
110	2.755217
110	2.751083
110	2.605117
110	2.695999
110	3.108289
110	2.966184
110	2.969427
110	2.632276
110	2.905118
110	2.697405
110	2.673222
110	3.108712
110	2.881465
110	2.630544
110	2.445513
110	2.796082
110	2.992197
110	10.000000
110	2.667491
110	2.682313
110	2.707908
110	2.711375
110	2.871991
110	2.839334
110	2.750541
110	2.793434
110	2.694081
110	2.688514
110	3.302305
110	3.115193
110	2.738302
110	2.750227
110	2.671148
110	2.837261
110	2.859299
110	3.059057
110	2.625183
110	3.445774
110	2.654049
110	2.759409
110	2.759154
110	2.741299
110	2.934348
110	2.913937
110	2.735551
110	3.149066
110	3.271307
110	2.828685
110	3.215396
110	2.675695
110	2.997699
110	3.314299
110	2.838501
110	2.756697
110	4.628250
110	2.881178
110	2.860065
110	2.789694
110	10.000000
110	2.815331
110	2.880972
110	2.814750
110	2.572452
110	3.285927
110	2.611031
110	2.631510
110	3.308698
110	2.814303
110	2.867257
110	2.589280
110	2.878176
110	2.646104
110	2.757516
110	2.811176
110	2.885507
110	11.386826
110	2.892030
110	2.827237
110	2.873976
110	2.785482
110	2.748472
110	2.821937
110	2.737659
110	2.750769
110	2.661718
110	2.548758
110	2.747743
110	2.875577
110	2.564568
110	2.847965
110	2.764736
110	2.792210
110	2.757418
110	2.644643
110	2.583340
110	3.309295
110	2.895988
110	2.667420
110	2.902169
110	2.775516
110	2.957773
110	6.384263
110	2.744170
110	2.783521
110	2.963480
110	2.832132
110	2.919358
110	2.847476
120	1.873507
120	2.043428
120	1.980592
120	1.869462
120	1.741924
120	1.777647
120	1.773940
120	2.230593
120	2.049259
120	1.710598
120	1.829362
120	1.765852
120	1.806223
120	1.555144
120	1.778557
120	1.853867
120	1.861942
120	1.815123
120	1.747701
120	1.898352
120	1.816372
120	1.870010
120	1.869355
120	1.745543
120	1.776587
120	2.019945
120	1.707632
120	1.848148
120	1.887472
120	1.680443
120	1.775010
120	1.933127
120	2.150301
120	1.875250
120	1.743848
120	1.794487
120	1.843505
120	1.806630
120	1.846087
120	1.821308
120	1.908164
120	1.856168
120	1.880706
120	1.972071
120	1.764011
120	1.234778
120	1.893840
120	1.859602
120	2.060531
120	1.830913
120	1.828820
120	2.634973
120	1.477454
120	1.818283
120	1.849184
120	1.863851
120	1.622604
120	1.315895
120	1.996684
120	1.963267
120	2.101173
120	2.084742
120	1.794424
120	2.010568
120	1.903393
120	1.861564
120	1.593284
120	1.918591
120	1.454897
120	1.850789
120	1.863553
120	2.023001
120	1.661465
120	1.824721
120	1.792213
120	1.788754
120	10.000000
120	2.120339
120	1.909690
120	1.759034
120	1.862293
120	1.837174
120	1.243969
120	1.909978
120	1.836664
120	1.870098
120	1.881223
120	1.821322
120	1.777169
120	1.579236
120	1.856407
120	1.753918
120	1.705699
120	1.767435
120	1.790546
120	1.884919
120	1.813068
120	1.228628
120	1.724055
120	1.829756
120	1.798023
120	1.881298
120	1.855138
120	1.512547
120	1.310670
120	1.815234
120	1.884504
120	2.229593
120	1.960090
120	1.767425
120	1.844159
120	1.726715
120	2.024781
120	1.797699
120	1.909228
120	1.525404
120	1.749917
120	1.849029
120	1.848352
120	1.808733
120	2.016827
120	1.840671
120	1.796179
120	1.773935
120	1.785301
120	1.824194
120	1.887569
120	1.798718
120	1.906959
120	2.180446
120	1.924758
120	1.972696
120	2.116525
120	1.787611
120	1.882813
120	10.000000
120	1.898543
120	1.836832
120	11.895788
120	1.874595
120	2.074588
120	2.170743
120	1.795949
120	1.766168
120	1.731145
120	1.861416
120	1.874230
120	1.853266
120	1.892052
120	1.825893
120	1.898946
120	1.856319
120	1.218725
120	1.900527
120	1.862824
120	10.000000
120	1.872067
120	1.781169
120	10.000000
120	1.794847
120	1.928682
120	1.904281
120	1.861364
120	23.106290
120	10.000000
120	1.751047
120	1.863284
120	2.430894
120	1.579380
120	1.768308
120	1.882213
120	1.841587
120	1.933536
120	1.788607
120	1.721236
120	1.979272
120	1.921109
120	1.873976
120	2.047473
120	1.806512
120	1.834990
120	1.961495
120	1.840046
120	1.820688
120	1.788638
120	1.832478
120	1.836099
120	10.000000
120	1.792726
120	10.000000
120	1.897380
120	1.855545
120	1.875149
120	1.832415
120	1.850500
120	1.788449
120	1.611546
120	2.277707
120	1.712632
120	1.941880
130	1.792078
130	1.817449
130	1.702521
130	1.976026
130	1.849141
130	1.955343
130	1.794923
130	1.857837
130	1.819551
130	1.791659
130	1.724998
130	1.846296
130	1.982686
130	1.920309
130	1.852924
130	1.972020
130	1.832670
130	1.865860
130	1.855123
130	1.749308
130	1.841569
130	1.756244
130	1.676933
130	1.863510
130	1.824982
130	1.935864
130	1.830742
130	1.835858
130	1.730603
130	1.882382
130	1.838630
130	1.794635
130	1.768179
130	1.817949
130	1.776410
130	1.884926
130	1.834219
130	1.975786
130	1.756111
130	1.780720
130	2.134339
130	1.866987
130	1.837086
130	1.821967
130	1.769031
130	1.851682
130	1.836146
130	1.793699
130	1.918957
130	1.909013
130	2.168590
130	1.892088
130	10.000000
130	1.856167
130	1.323590
130	1.883231
130	1.866011
130	1.868025
130	1.851007
130	1.837549
130	1.534969
130	1.915529
130	1.727808
130	1.852130
130	1.882382
130	1.755705
130	1.786104
130	1.910530
130	1.857190
130	1.955858
130	1.873348
130	1.834542
130	3.210270
130	2.003494
130	1.827695
130	1.716217
130	1.821229
130	1.772173
130	1.856960
130	1.951414
130	1.901024
130	1.025721
130	1.903323
130	1.899804
130	1.924294
130	1.778538
130	1.177205
130	1.831133
130	1.810916
130	1.847599
130	1.814735
130	1.834567
130	2.004236
130	1.809842
130	1.713107
130	1.902396
130	10.000000
130	1.874945
130	2.104002
130	1.797080
130	1.813183
130	1.865847
130	1.826192
130	6.179306
130	1.825759
130	1.910064
130	1.875231
130	1.893465
130	1.735534
130	1.885666
130	1.867045
130	1.866086
130	2.001562
130	1.834578
130	1.829678
130	2.017794
130	1.852339
130	1.893999
130	1.441035
130	1.760463
130	1.914926
130	1.934441
130	1.852414
130	1.836267
130	1.817419
130	1.741544
130	1.775445
130	1.822893
130	1.810744
130	4.102398
130	1.896764
130	1.838384
130	1.773758
130	1.855108
130	1.581686
130	1.879938
130	1.807401
130	1.855875
130	1.777281
130	11.728348
130	2.838759
130	10.000000
130	1.872716
130	1.833456
130	1.861112
130	2.246614
130	2.237421
130	1.855761
130	1.889946
130	1.827287
130	1.896575
130	1.853447
130	1.937052
130	1.890678
130	2.013608
130	2.241558
130	2.691028
130	2.140417
130	1.831653
130	1.811972
130	1.881137
130	1.942684
130	2.043443
130	1.824970
130	1.842531
130	1.843874
130	1.888755
130	1.877140
130	1.859555
130	1.838073
130	1.686822
130	1.820787
130	1.922749
130	1.829596
130	1.782902
130	1.822891
130	3.701256
130	2.362487
130	1.838531
130	1.927935
130	1.808748
130	1.815744
130	1.772092
130	1.830896
130	1.816424
130	1.775172
130	1.869614
130	1.856232
130	1.803414
130	1.879335
130	2.381136
130	1.744863
130	1.828579
130	1.904516
130	2.238889
130	1.894632
130	1.743428
130	1.812813
130	1.950975
130	1.816728
140	1.847180
140	1.738217
140	2.230125
140	1.982682
140	1.848422
140	2.327624
140	1.921254
140	1.911327
140	1.860888
140	1.788128
140	1.842139
140	1.832961
140	1.412859
140	1.901010
140	1.990185
140	1.625527
140	1.787469
140	1.829536
140	1.902066
140	1.998910
140	1.881772
140	1.893844
140	1.753040
140	1.915475
140	1.907850
140	10.000000
140	1.690152
140	1.937435
140	2.136700
140	1.749985
140	1.931755
140	1.627729
140	1.743905
140	2.334460
140	1.920816
140	1.904383
140	1.762341
140	1.965915
140	1.853945
140	1.873380
140	1.709745
140	1.838635
140	1.952541
140	1.895642
140	1.845359
140	1.836047
140	1.753446
140	1.916802
140	1.877475
140	1.878114
140	10.000000
140	1.923765
140	1.819947
140	10.000000
140	1.836036
140	10.000000
140	1.216583
140	1.899649
140	2.236392
140	1.809932
140	1.983115
140	1.816885
140	1.738753
140	1.760577
140	1.958701
140	10.125294
140	4.198692
140	2.207607
140	1.845698
140	1.823807
140	1.886055
140	1.829554
140	1.822353
140	0.948804
140	1.692027
140	2.112936
140	1.840092
140	1.807908
140	2.178738
140	1.788480
140	13.644590
140	1.682093
140	1.859536
140	1.766721
140	3.587033
140	1.834767
140	1.920851
140	1.872975
140	1.762894
140	10.000000
140	1.836318
140	1.711671
140	1.796116
140	2.449516
140	1.848852
140	1.940434
140	1.933442
140	1.829313
140	2.262276
140	1.810874
140	1.716941
140	1.858913
140	1.916719
140	1.901420
140	1.638689
140	1.793518
140	0.709035
140	1.670509
140	1.840291
140	1.902145
140	1.890501
140	1.861878
140	1.851880
140	2.021832
140	1.880416
140	1.820620
140	1.857045
140	1.896976
140	1.789078
140	1.828220
140	1.900243
140	1.365694
140	1.794879
140	2.032614
140	1.855111
140	1.808124
140	2.432773
140	1.851193
140	1.772139
140	1.938033
140	12.337181
140	1.826082
140	1.819236
140	1.890001
140	1.840745
140	1.838765
140	1.791076
140	1.548220
140	1.848694
140	1.874046
140	1.795678
140	1.892723
140	1.815443
140	1.811330
140	1.866086
140	2.100812
140	1.891092
140	1.760559
140	1.991783
140	1.892346
140	1.905959
140	1.788963
140	1.856547
140	1.766010
140	1.849564
140	1.811504
140	1.835260
140	10.000000
140	1.863228
140	1.854393
140	1.854763
140	1.880447
140	1.843878
140	1.862954
140	1.903685
140	1.660745
140	2.116788
140	1.749487
140	1.688502
140	1.775382
140	1.871792
140	1.946255
140	1.883488
140	1.815317
140	1.875938
140	1.874932
140	2.088728
140	1.842962
140	1.901880
140	1.758227
140	1.844704
140	1.723060
140	2.000122
140	1.878222
140	1.817385
140	1.854539
140	1.914492
140	2.270670
140	1.818009
140	10.000000
140	1.621044
140	1.965310
140	1.963182
140	1.859670
140	1.853439
140	1.881818
140	1.865117
140	1.766183
140	1.849973
140	2.094817
150	1.900346
150	1.865441
150	1.860743
150	9.180810
150	1.795189
150	1.920741
150	1.717419
150	1.834535
150	1.124895
150	1.806765
150	1.992526
150	1.657232
150	1.881345
150	1.863398
150	1.623503
150	1.888969
150	1.798241
150	1.811749
150	1.930628
150	3.850489
150	1.887743
150	1.833695
150	1.638527
150	1.817513
150	1.870572
150	1.853018
150	1.784184
150	1.814571
150	1.849671
150	1.806251
150	10.000000
150	1.858468
150	1.794562
150	2.117914
150	1.919876
150	1.860243
150	1.876272
150	1.848239
150	1.845896
150	1.839551
150	1.846000
150	2.300374
150	1.932000
150	1.800379
150	1.535559
150	1.796209
150	1.869837
150	1.825867
150	10.000000
150	1.608793
150	2.035089
150	1.827410
150	1.851042
150	1.732253
150	1.816324
150	1.859970
150	2.034195
150	1.884559
150	1.962278
150	1.709399
150	2.395114
150	1.710596
150	1.766188
150	1.862575
150	1.837725
150	1.876053
150	1.880536
150	1.865576
150	1.686975
150	2.091814
150	2.417551
150	1.856771
150	1.873717
150	1.989444
150	1.756725
150	1.817958
150	1.837034
150	1.892795
150	1.840101
150	1.874806
150	1.837918
150	1.887791
150	1.883604
150	1.559396
150	1.919940
150	1.882578
150	1.871707
150	1.848988
150	1.833070
150	1.893137
150	1.886431
150	1.888547
150	1.897325
150	1.856401
150	1.886620
150	2.027402
150	1.840970
150	1.922907
150	1.904904
150	1.718314
150	1.854041
150	1.845007
150	2.121346
150	1.896879
150	1.900512
150	4.382795
150	1.844459
150	2.171772
150	1.842060
150	1.954134
150	1.802663
150	1.811576
150	1.816860
150	1.992423
150	1.874763
150	1.818186
150	1.808376
150	1.827758
150	1.811122
150	10.000000
150	1.863634
150	1.954853
150	2.368148
150	2.114804
150	2.144841
150	1.868248
150	1.937142
150	1.809749
150	10.000000
150	1.852211
150	1.801514
150	1.967389
150	1.888417
150	1.828746
150	1.777479
150	2.056985
150	1.800189
150	2.022806
150	10.000000
150	1.899540
150	1.876091
150	1.770282
150	2.062947
150	1.897224
150	1.637239
150	1.898881
150	1.635655
150	1.846616
150	1.940037
150	1.863041
150	1.754611
150	1.878196
150	1.978551
150	1.770103
150	1.853865
150	1.880442
150	1.847981
150	1.613401
150	1.798445
150	1.718324
150	1.955088
150	1.644709
150	1.874461
150	1.937859
150	1.831225
150	2.154052
150	1.989790
150	1.868621
150	1.889123
150	2.096156
150	1.790730
150	1.820630
150	1.815563
150	1.828573
150	1.787095
150	1.855786
150	1.447307
150	1.830835
150	1.942197
150	1.830074
150	1.808259
150	1.878885
150	1.998690
150	1.820810
150	1.859998
150	2.010057
150	2.085699
150	1.867192
150	1.858305
150	1.767138
150	1.752848
150	1.933023
150	10.000000
150	1.932831
150	1.813683
150	1.796977
150	1.802063
150	1.819726
150	2.072148
150	2.155935
