10	0.063618
10	3.530536
10	0.065148
10	10.000000
10	1.243355
10	0.075780
10	0.585991
10	0.127638
10	0.048279
10	0.930824
10	0.721593
10	10.000000
10	0.080365
10	0.186159
10	0.232077
10	1.129673
10	0.143473
10	1.004336
10	0.879643
10	0.280058
10	3.363603
10	0.268108
10	1.503043
10	0.683416
10	6.895628
10	15.414384
10	0.055376
10	0.045422
10	0.077756
10	1.533535
10	0.311216
10	0.172992
10	0.234747
10	0.050790
10	0.070872
10	2.194883
10	2.642573
10	0.075709
10	0.081594
10	0.069321
10	0.074159
10	1.633428
10	0.135396
10	1.244259
10	0.635123
10	0.084920
10	0.104957
10	0.504695
10	0.132231
10	0.094618
10	1.439065
10	0.819036
10	0.141444
10	0.453909
10	0.675809
10	0.137518
10	0.135782
10	18.948055
10	0.597396
10	1.087550
10	0.096631
10	0.042028
10	2.072566
10	0.194051
10	1.442591
10	0.060083
10	0.507020
10	9.577451
10	2.030957
10	3.728280
10	4.163169
10	0.066454
10	0.065562
10	0.060258
10	0.063070
10	1.320701
10	0.639783
10	0.096008
10	3.755961
10	2.067749
10	0.968508
10	2.752121
10	29.937115
10	4.582025
10	0.055675
10	1.026529
10	0.092280
10	0.102025
10	0.047943
10	10.000000
10	0.460319
10	0.440873
10	0.851437
10	0.065858
10	0.379745
10	1.210654
10	0.854907
10	1.212817
10	0.138477
10	1.006110
10	0.197057
10	0.105500
10	0.150310
10	1.782929
10	2.633314
10	1.276044
10	1.746504
10	0.051157
10	0.509071
10	0.240716
10	1.065657
10	2.506808
10	0.062087
10	0.289410
10	1.555504
10	1.480537
10	0.831257
10	0.766464
10	0.141907
10	0.390719
10	1.214438
10	0.560210
10	0.078703
10	0.088185
10	6.689760
10	0.255230
10	4.329028
10	2.021519
10	0.263604
10	0.836357
10	0.206591
10	0.284994
10	0.903989
10	0.088958
10	0.082272
10	0.079289
10	0.983134
10	0.646903
10	0.412067
10	4.334182
10	1.159193
10	2.972575
10	0.992905
10	0.092043
10	0.151425
10	0.166399
10	10.000000
10	0.122320
10	1.951825
10	0.282399
10	0.063850
10	0.085060
10	0.068096
10	0.677276
10	0.561967
10	0.117898
10	1.544200
10	0.080632
10	4.705535
10	1.389827
10	0.150423
10	0.387325
10	0.796120
10	1.049335
10	0.592297
10	2.518561
10	0.127064
10	2.343755
10	0.073632
10	0.302144
10	0.265781
10	1.235857
10	0.113768
10	0.094539
10	1.255407
10	0.069574
10	0.330330
10	0.095531
10	0.986066
10	0.907615
10	0.908469
10	0.092466
10	0.588685
10	0.281405
10	1.450415
10	0.131370
10	1.110228
10	0.134451
10	0.716825
10	0.065158
10	2.418782
10	0.137258
10	0.074527
10	2.112544
10	2.184671
10	1.991152
10	3.735069
10	0.343103
10	0.186827
10	1.751015
20	0.468695
20	0.596232
20	0.401544
20	0.231748
20	0.051477
20	10.921903
20	0.223117
20	0.145548
20	0.780490
20	0.828225
20	0.564272
20	0.636802
20	0.816643
20	0.174765
20	0.341894
20	0.075949
20	0.083857
20	0.310603
20	0.117712
20	0.105190
20	0.081368
20	0.046346
20	0.388657
20	0.385601
20	0.230689
20	2.511540
20	0.059837
20	4.596274
20	0.093422
20	0.127803
20	3.224720
20	2.413499
20	0.528918
20	0.350803
20	1.140805
20	0.098567
20	1.553716
20	0.100602
20	0.539404
20	0.140880
20	0.303641
20	0.110248
20	6.281716
20	0.646643
20	0.094634
20	0.161443
20	0.102394
20	0.533891
20	0.953535
20	1.068864
20	2.610655
20	0.718315
20	0.255637
20	0.497365
20	1.062686
20	9.175513
20	0.064755
20	0.648473
20	0.299667
20	0.236318
20	0.093844
20	0.072100
20	0.055184
20	2.027520
20	0.071263
20	0.088270
20	0.078631
20	0.202459
20	1.122099
20	0.097839
20	0.242972
20	0.060001
20	0.058621
20	0.282717
20	1.881789
20	0.070235
20	0.185309
20	0.078096
20	0.254644
20	1.496791
20	0.283383
20	0.445499
20	0.079162
20	0.146465
20	0.409801
20	0.047448
20	0.338520
20	10.000000
20	0.679831
20	10.000000
20	1.636685
20	0.251177
20	0.129773
20	0.077745
20	0.063525
20	10.000000
20	0.111940
20	0.151229
20	0.172235
20	0.067790
20	0.291782
20	0.058499
20	0.391010
20	0.138427
20	10.000000
20	1.231404
20	0.109222
20	0.099934
20	0.687106
20	1.313117
20	0.773584
20	0.952556
20	2.310379
20	0.428816
20	0.098953
20	0.258169
20	0.386854
20	0.442440
20	0.064299
20	0.346931
20	0.130814
20	0.102395
20	0.057515
20	0.128426
20	0.172444
20	2.045115
20	0.128986
20	0.097836
20	0.366714
20	0.382302
20	0.100504
20	1.415644
20	0.931201
20	0.507690
20	0.075165
20	0.582282
20	0.236873
20	0.623223
20	0.114210
20	0.120401
20	0.152071
20	0.464352
20	0.200187
20	0.438184
20	0.377063
20	1.030747
20	0.172238
20	0.041851
20	0.950068
20	0.192598
20	1.110151
20	1.423013
20	0.317774
20	0.135894
20	0.147401
20	0.251238
20	10.000000
20	0.178384
20	0.176821
20	0.058610
20	0.075212
20	0.154107
20	0.055551
20	2.205499
20	1.435257
20	0.094318
20	0.103840
20	0.091656
20	1.026912
20	0.305280
20	0.088035
20	0.092444
20	0.202923
20	0.238368
20	0.103613
20	1.229954
20	1.202574
20	1.549150
20	1.517801
20	0.088058
20	0.102720
20	0.354465
20	0.837276
20	0.169884
20	0.139028
20	0.090134
20	0.313262
20	0.537572
20	0.082300
20	0.750167
20	0.079359
20	0.242737
20	0.140032
20	0.064265
20	0.158448
20	0.095992
20	0.104569
20	5.443392
20	0.073096
20	0.414994
30	0.940567
30	0.244253
30	1.418465
30	1.159239
30	0.082253
30	0.099075
30	0.626983
30	1.226204
30	0.094071
30	0.110938
30	0.154369
30	0.088639
30	0.385591
30	0.509869
30	0.079472
30	0.779873
30	0.249487
30	0.308455
30	0.869590
30	4.110059
30	0.326632
30	0.090952
30	0.134632
30	0.267383
30	0.217911
30	2.449763
30	0.085431
30	0.736295
30	0.124106
30	0.572295
30	0.115699
30	0.084552
30	0.101906
30	0.444375
30	0.850349
30	10.000000
30	0.096904
30	0.070353
30	0.305322
30	0.679524
30	0.482349
30	0.187165
30	1.832782
30	0.740087
30	0.155908
30	0.566657
30	0.195629
30	0.112766
30	0.165743
30	0.423928
30	0.144392
30	0.115366
30	0.107216
30	0.081562
30	1.483722
30	0.263584
30	0.184041
30	0.141673
30	0.582468
30	0.733028
30	0.259333
30	0.098197
30	0.667773
30	10.000000
30	0.435392
30	0.084336
30	0.622659
30	0.197700
30	0.462021
30	1.167184
30	0.112377
30	0.907195
30	0.606277
30	0.533275
30	0.652770
30	0.098578
30	0.126753
30	1.227074
30	0.273497
30	0.086738
30	0.165866
30	0.107380
30	1.275293
30	0.064260
30	0.258559
30	0.066314
30	0.746428
30	0.329123
30	0.253995
30	0.624256
30	0.325254
30	0.397285
30	0.114042
30	0.568704
30	0.430547
30	0.260047
30	0.388232
30	0.251540
30	0.109952
30	0.069517
30	2.418766
30	0.167850
30	0.746202
30	0.283611
30	0.543334
30	0.119429
30	28.915951
30	0.107700
30	0.113471
30	0.716344
30	0.107971
30	0.216551
30	0.323313
30	0.290741
30	0.093975
30	0.400944
30	0.086391
30	0.171307
30	0.216753
30	0.231353
30	0.396324
30	1.148457
30	1.278408
30	0.143632
30	0.638100
30	0.256812
30	0.121157
30	0.303332
30	1.598734
30	0.118332
30	0.108531
30	3.190695
30	0.133284
30	2.388614
30	0.603676
30	0.225479
30	0.623241
30	0.087390
30	0.136004
30	0.188485
30	0.211577
30	0.170870
30	0.233258
30	0.572257
30	1.100243
30	1.299199
30	0.101201
30	0.282097
30	0.433466
30	2.041310
30	0.092371
30	0.147911
30	1.079684
30	0.360995
30	0.847221
30	0.148372
30	0.125221
30	0.111377
30	0.826901
30	0.131311
30	0.132517
30	10.000000
30	0.153232
30	0.423776
30	0.268502
30	13.349858
30	0.412800
30	0.056962
30	0.121803
30	0.123723
30	0.396142
30	0.101226
30	0.395034
30	0.680895
30	0.067672
30	0.327984
30	0.082405
30	0.392208
30	0.093474
30	0.185583
30	0.302847
30	0.188465
30	0.731013
30	10.000000
30	0.144864
30	0.191880
30	0.502634
30	0.343828
30	0.807430
30	0.343228
30	0.860039
30	0.627208
30	0.422712
30	0.140239
30	0.127164
30	0.086155
30	0.046411
30	0.123152
30	0.219621
30	1.158960
40	0.202905
40	0.372278
40	0.443007
40	0.215111
40	0.355139
40	0.193343
40	0.265469
40	0.620127
40	0.808109
40	0.337440
40	0.130206
40	0.125294
40	0.290361
40	0.474462
40	0.477118
40	0.434500
40	0.645730
40	0.326472
40	0.276168
40	0.190206
40	0.388020
40	0.143827
40	0.428958
40	1.194142
40	0.318682
40	0.619660
40	0.689988
40	0.378597
40	0.472771
40	0.946813
40	0.435989
40	0.353975
40	0.783757
40	0.328718
40	0.171705
40	1.105142
40	0.638026
40	0.123253
40	0.515535
40	0.591686
40	0.330851
40	0.174949
40	0.489425
40	0.299773
40	0.417803
40	0.142662
40	0.273412
40	0.874667
40	0.193887
40	0.949006
40	0.088385
40	0.206163
40	0.164592
40	0.205132
40	0.204378
40	0.710289
40	0.376741
40	0.141681
40	0.135387
40	0.219129
40	0.157166
40	0.114593
40	0.150547
40	0.140268
40	0.311761
40	0.200503
40	0.348288
40	0.283859
40	0.140132
40	0.754600
40	1.160019
40	0.272528
40	0.234776
40	0.141357
40	0.195351
40	0.354890
40	0.170072
40	0.932664
40	0.088238
40	0.697294
40	0.950638
40	1.140841
40	0.193732
40	2.780121
40	0.611974
40	0.891890
40	1.096886
40	0.133507
40	0.489249
40	0.581329
40	0.098001
40	0.297317
40	0.765455
40	0.640631
40	0.646092
40	0.355894
40	0.257593
40	0.362426
40	0.620754
40	0.674496
40	0.144312
40	0.313132
40	0.275019
40	0.121915
40	0.188617
40	0.549619
40	0.234356
40	0.865889
40	0.386166
40	1.308419
40	1.061651
40	0.096638
40	0.184399
40	0.206565
40	0.436138
40	2.033153
40	0.406734
40	0.632384
40	0.981853
40	0.318447
40	0.235744
40	0.117639
40	0.496654
40	0.358857
40	0.430930
40	0.329392
40	0.250810
40	0.304671
40	0.652887
40	0.330991
40	0.869586
40	0.229132
40	0.142289
40	0.384130
40	0.156257
40	0.143168
40	0.507346
40	0.635987
40	0.101816
40	0.333764
40	0.203184
40	0.143608
40	0.209683
40	0.186476
40	0.773176
40	0.865944
40	0.140527
40	0.095309
40	0.712501
40	0.140165
40	0.476228
40	0.632585
40	0.145366
40	0.272820
40	0.386209
40	0.583676
40	0.687897
40	0.577662
40	0.431202
40	0.335395
40	0.172254
40	1.600371
40	0.138373
40	0.152856
40	0.609781
40	0.114089
40	0.442993
40	0.655288
40	0.454036
40	10.000000
40	1.789297
40	1.281178
40	0.310281
40	0.115427
40	0.111246
40	1.530983
40	0.104795
40	0.161622
40	0.337323
40	0.297951
40	0.332760
40	0.171253
40	0.181677
40	0.414140
40	0.242269
40	0.290454
40	0.078445
40	0.295841
40	0.255362
40	0.427123
40	0.106163
40	0.232628
40	0.185862
40	0.501552
40	0.831229
40	0.152093
40	0.435057
40	0.313125
40	0.580700
40	0.334816
50	0.664633
50	0.393458
50	1.053489
50	0.501368
50	0.484955
50	0.341615
50	0.582816
50	0.276564
50	0.330039
50	0.348279
50	1.094452
50	0.316918
50	0.754639
50	0.314236
50	7.225198
50	0.748634
50	0.244706
50	0.747030
50	0.309295
50	0.984209
50	0.658878
50	1.199906
50	0.956538
50	0.356413
50	0.565096
50	0.368930
50	1.220838
50	1.364695
50	1.403009
50	5.825886
50	0.453056
50	0.560676
50	0.341459
50	0.564431
50	0.915429
50	0.590865
50	0.861417
50	0.281412
50	10.000000
50	0.879652
50	1.885279
50	0.776324
50	0.836897
50	0.564772
50	1.661479
50	0.276924
50	0.321194
50	0.823528
50	0.693608
50	1.627857
50	0.266828
50	0.435326
50	1.507883
50	0.272574
50	0.798372
50	1.022097
50	0.346505
50	0.428229
50	1.028279
50	0.504488
50	0.409527
50	0.621536
50	0.220741
50	3.147225
50	1.724930
50	0.292716
50	0.385646
50	1.041102
50	1.301246
50	1.011659
50	0.383142
50	1.150115
50	3.751661
50	1.001674
50	0.424681
50	0.291073
50	0.381840
50	0.490431
50	0.497119
50	0.513339
50	1.232543
50	0.459471
50	0.370280
50	0.550393
50	0.936822
50	1.070044
50	0.983262
50	0.710897
50	10.000000
50	1.073284
50	0.693368
50	1.304077
50	1.197951
50	1.310276
50	1.036269
50	0.475951
50	2.507639
50	1.157201
50	0.446429
50	0.426635
50	0.343474
50	0.481876
50	1.013363
50	0.621631
50	3.062679
50	0.270421
50	0.270692
50	2.101943
50	1.067737
50	1.407180
50	0.533376
50	0.765063
50	0.462625
50	0.899716
50	0.603847
50	0.756333
50	0.710728
50	0.696430
50	0.713053
50	2.049189
50	0.469984
50	0.282358
50	0.591345
50	0.421363
50	1.318880
50	0.270958
50	0.357400
50	1.091230
50	1.466342
50	0.338203
50	1.792233
50	1.327702
50	0.702110
50	0.776532
50	1.873960
50	1.246336
50	0.471947
50	1.051760
50	0.712300
50	10.000000
50	0.755521
50	0.762682
50	1.178786
50	0.780997
50	0.381309
50	0.378926
50	0.733969
50	2.439396
50	0.517660
50	0.626214
50	0.657355
50	3.847963
50	0.999312
50	1.840404
50	1.226136
50	0.381526
50	10.000000
50	0.262336
50	0.668701
50	0.791045
50	0.899203
50	0.719505
50	0.379083
50	0.437158
50	1.792199
50	1.030759
50	1.151465
50	0.432393
50	1.066069
50	1.058764
50	0.630635
50	0.157164
50	0.314672
50	0.629508
50	0.407801
50	10.000000
50	0.694740
50	0.807394
50	0.536462
50	0.487531
50	0.844747
50	0.471123
50	0.475805
50	0.884793
50	0.330349
50	0.438129
50	0.816459
50	0.859771
50	0.333793
50	0.535458
50	0.664658
50	0.699505
50	0.651902
50	0.503142
50	0.816367
50	0.315921
50	0.186822
50	0.888638
50	1.075609
50	0.299149
60	1.939817
60	2.638790
60	3.082072
60	2.667368
60	2.349402
60	4.171225
60	2.466370
60	1.711140
60	6.347846
60	2.643260
60	2.469642
60	2.695533
60	2.476037
60	2.422244
60	3.066155
60	2.691743
60	2.582308
60	2.484962
60	2.609797
60	2.477085
60	2.589007
60	2.084161
60	2.462982
60	1.903606
60	2.600619
60	1.655244
60	2.648351
60	1.539034
60	2.448363
60	2.533139
60	2.588930
60	2.186941
60	2.017004
60	2.692987
60	2.410950
60	2.223275
60	2.779302
60	2.608655
60	2.130494
60	3.071920
60	1.634995
60	2.837148
60	2.504758
60	2.333788
60	2.477528
60	2.425577
60	2.509925
60	4.058698
60	2.264888
60	2.213427
60	3.017940
60	1.747672
60	2.520229
60	2.582587
60	1.469724
60	2.762082
60	2.143310
60	2.617445
60	2.296079
60	3.314529
60	2.575428
60	2.029712
60	1.865163
60	1.794611
60	1.814336
60	2.487085
60	2.357652
60	3.136741
60	2.736641
60	1.807016
60	2.136654
60	2.559822
60	2.384536
60	2.667000
60	2.995713
60	1.992226
60	2.573274
60	2.378807
60	2.593880
60	1.720393
60	2.000330
60	2.180766
60	2.459427
60	2.335286
60	2.399177
60	2.215916
60	2.593450
60	2.663688
60	10.000000
60	2.634280
60	2.395836
60	2.697567
60	2.835948
60	2.772402
60	2.967979
60	2.551391
60	2.230806
60	2.749071
60	2.565246
60	2.443284
60	2.691932
60	2.438232
60	2.270177
60	2.226546
60	2.265812
60	3.688762
60	0.918857
60	2.395705
60	2.280926
60	0.788520
60	2.357741
60	2.124605
60	2.733249
60	2.608879
60	3.749557
60	2.669779
60	2.386391
60	2.511333
60	1.443186
60	2.716708
60	2.871894
60	2.010941
60	2.366916
60	2.405501
60	2.274958
60	1.951299
60	2.795335
60	2.875081
60	2.150402
60	2.463528
60	2.476856
60	2.849425
60	10.000000
60	2.350061
60	3.049517
60	2.497418
60	1.778293
60	1.637416
60	2.883252
60	2.047991
60	2.586757
60	2.911957
60	1.855421
60	2.378056
60	2.448133
60	2.278289
60	2.471554
60	2.341274
60	2.682531
60	10.000000
60	2.014450
60	2.337613
60	2.710574
60	2.461588
60	7.089627
60	2.738854
60	2.231167
60	2.505889
60	2.357835
60	2.920979
60	2.289799
60	3.065774
60	2.447325
60	2.144939
60	2.521625
60	2.127687
60	1.944966
60	2.472735
60	2.785586
60	3.527328
60	2.917669
60	2.200789
60	3.139014
60	2.417751
60	2.306157
60	2.345076
60	4.627801
60	2.525299
60	2.551789
60	2.448221
60	2.706127
60	2.112599
60	3.454456
60	2.771659
60	2.644389
60	2.630356
60	2.506044
60	2.804803
60	2.654075
60	1.997871
60	2.635177
60	2.688197
60	2.560223
60	2.577040
60	2.608336
60	2.403818
60	2.483500
60	2.143727
60	2.594893
60	2.211211
70	2.937016
70	2.838670
70	2.652579
70	2.515405
70	2.792874
70	2.836003
70	2.625281
70	2.824010
70	2.951847
70	2.927669
70	2.699099
70	3.423607
70	3.036194
70	2.447304
70	2.910285
70	2.550735
70	2.966909
70	2.733793
70	2.882729
70	2.731547
70	2.614686
70	2.218620
70	2.929477
70	2.701275
70	3.272140
70	5.307983
70	2.900630
70	2.743993
70	2.899157
70	2.673074
70	2.585355
70	2.651046
70	2.612386
70	2.877024
70	2.743370
70	2.882589
70	10.000000
70	2.910555
70	2.426552
70	3.039908
70	2.455011
70	2.862963
70	2.731045
70	1.781806
70	9.065660
70	2.968402
70	2.875710
70	2.673247
70	12.334135
70	3.121555
70	2.786723
70	2.710613
70	2.516657
70	3.128365
70	2.540526
70	3.005929
70	3.175057
70	2.885063
70	2.890756
70	2.223280
70	3.083644
70	3.008081
70	2.847312
70	3.238596
70	2.335624
70	2.606165
70	2.900463
70	2.926114
70	2.822670
70	2.653527
70	2.457674
70	2.625817
70	2.670069
70	2.669338
70	2.301004
70	10.000000
70	2.226586
70	1.985296
70	2.749067
70	3.725270
70	2.753941
70	2.701171
70	2.754794
70	3.143311
70	2.267278
70	3.042188
70	2.737246
70	2.892866
70	2.773116
70	2.727926
70	3.765186
70	2.161664
70	2.581492
70	2.828450
70	2.696188
70	2.755899
70	3.712089
70	4.055151
70	3.200669
70	2.634117
70	2.634297
70	2.887987
70	3.012469
70	2.816894
70	2.995313
70	2.735326
70	2.938339
70	2.741890
70	2.780676
70	2.139986
70	2.853050
70	2.862707
70	2.963423
70	2.074910
70	3.072868
70	2.708979
70	2.641749
70	2.831398
70	9.836546
70	1.956894
70	2.588923
70	3.598228
70	3.168482
70	2.828525
70	2.816706
70	2.671402
70	2.761499
70	2.774664
70	2.779407
70	1.983893
70	2.486278
70	2.796361
70	2.817742
70	2.621714
70	10.042599
70	2.002102
70	2.804147
70	2.911611
70	2.724977
70	2.795077
70	2.892963
70	2.712447
70	2.667705
70	2.620940
70	10.000000
70	2.682877
70	2.858385
70	2.705479
70	2.841995
70	2.215338
70	2.194258
70	2.873845
70	3.078823
70	2.669518
70	2.775021
70	2.808823
70	2.717704
70	2.835163
70	2.950434
70	2.911145
70	2.565775
70	2.739781
70	3.413983
70	2.503176
70	2.793306
70	2.898283
70	2.697133
70	2.985193
70	3.036695
70	2.832322
70	2.857957
70	2.682501
70	3.083942
70	3.645594
70	3.182679
70	1.880115
70	2.789717
70	2.016725
70	2.759880
70	2.766016
70	2.773005
70	2.819095
70	3.311441
70	2.861130
70	2.699219
70	2.844310
70	2.854218
70	3.258864
70	3.027563
70	2.653532
70	2.945849
70	2.679119
70	2.845614
70	2.316782
70	2.804918
70	2.733126
70	2.115306
70	2.976369
70	2.765690
70	2.956917
80	2.833872
80	3.901811
80	3.591832
80	2.468597
80	2.493092
80	2.948862
80	3.574325
80	4.422184
80	2.813391
80	3.201907
80	2.548261
80	1.954439
80	3.411083
80	2.843365
80	2.895416
80	2.723233
80	2.663742
80	3.089099
80	3.148326
80	3.247464
80	10.497364
80	3.039194
80	2.816020
80	2.827967
80	2.761433
80	2.812486
80	3.651251
80	3.227474
80	3.223829
80	3.010873
80	3.034638
80	2.840616
80	2.128874
80	2.783828
80	2.937393
80	2.856858
80	2.872251
80	2.724527
80	2.952446
80	2.571256
80	2.990336
80	2.889697
80	2.875308
80	2.892795
80	2.881208
80	2.962953
80	3.994313
80	2.406824
80	3.126640
80	2.806499
80	2.917247
80	2.927299
80	2.805318
80	2.870039
80	2.751871
80	3.074107
80	2.726431
80	2.841303
80	2.835351
80	2.838772
80	2.906293
80	2.945459
80	2.685599
80	2.866776
80	2.991773
80	2.930117
80	10.000000
80	3.077458
80	2.730206
80	4.550600
80	2.853457
80	2.726274
80	2.981241
80	2.833641
80	2.655318
80	2.818697
80	3.009309
80	2.883853
80	2.885391
80	3.104968
80	3.166309
80	2.803267
80	2.707596
80	2.358872
80	2.965231
80	2.934436
80	2.802827
80	2.866654
80	2.765240
80	2.901992
80	2.187190
80	3.092351
80	2.592580
80	2.900609
80	2.891418
80	2.683765
80	16.441610
80	2.725981
80	5.374096
80	3.018163
80	2.924380
80	2.851417
80	3.614573
80	2.809579
80	2.803568
80	3.057993
80	10.000000
80	3.140131
80	2.708136
80	2.868167
80	3.050041
80	2.499029
80	3.081243
80	2.931903
80	2.905113
80	10.000000
80	2.401283
80	1.832395
80	2.921699
80	2.109954
80	5.200557
80	3.000971
80	1.597725
80	2.901712
80	2.726279
80	4.068499
80	2.787348
80	2.800810
80	10.000000
80	2.812869
80	3.136889
80	2.830568
80	2.841549
80	2.973715
80	3.407034
80	2.840481
80	12.052247
80	3.005916
80	3.036753
80	2.859465
80	2.831272
80	2.992533
80	3.464775
80	2.950990
80	2.441387
80	2.758262
80	2.822915
80	2.914021
80	2.940180
80	2.874595
80	2.840390
80	2.893316
80	2.891894
80	3.129730
80	2.791015
80	2.808600
80	2.135359
80	2.795334
80	2.948225
80	3.066805
80	2.961488
80	2.923994
80	2.325587
80	2.801087
80	3.005326
80	2.826845
80	2.849686
80	2.585802
80	2.770387
80	2.671047
80	2.946031
80	2.974910
80	2.816191
80	2.797741
80	2.810923
80	2.961563
80	2.942428
80	1.596835
80	3.050359
80	2.478767
80	2.872102
80	3.021420
80	2.833849
80	2.862886
80	3.310518
80	5.644447
80	2.999901
80	2.852821
80	7.705272
80	2.839005
80	2.816401
80	3.109112
80	2.879583
80	2.233371
80	2.721259
80	2.854537
80	2.777728
80	2.839528
80	2.900909
80	2.903233
90	3.060162
90	2.738675
90	2.818472
90	2.744682
90	3.012584
90	2.948452
90	3.542565
90	5.695936
90	2.666101
90	2.918274
90	3.039002
90	3.752415
90	2.907369
90	2.955352
90	2.880686
90	2.685173
90	2.828538
90	2.892473
90	2.849751
90	2.792342
90	2.923381
90	3.019162
90	2.777874
90	2.816195
90	2.870472
90	2.972412
90	2.812390
90	2.985617
90	3.030933
90	2.869084
90	2.760866
90	2.615454
90	3.438488
90	3.198274
90	2.948864
90	2.808952
90	2.884996
90	2.872376
90	2.912719
90	2.757503
90	2.683919
90	2.955585
90	2.874260
90	2.630598
90	3.173247
90	2.405457
90	2.809719
90	2.862595
90	3.079403
90	2.702849
90	2.967430
90	2.826541
90	2.875435
90	2.987096
90	3.708189
90	2.561786
90	2.866111
90	2.973079
90	2.789410
90	2.890950
90	2.624544
90	2.765685
90	2.907733
90	2.947718
90	2.858212
90	3.700743
90	3.233941
90	2.696061
90	2.965234
90	5.027894
90	2.849521
90	3.170736
90	3.004624
90	2.812995
90	2.454828
90	2.999927
90	2.970244
90	11.370380
90	3.044038
90	2.794999
90	2.889284
90	2.957214
90	2.867685
90	2.611425
90	2.875099
90	2.957120
90	0.551956
90	2.965308
90	5.001779
90	4.498808
90	2.395095
90	3.240635
90	2.522186
90	2.595992
90	2.952277
90	2.953805
90	2.878276
90	2.897514
90	3.037243
90	2.915149
90	2.573654
90	2.740887
90	2.743224
90	2.933777
90	2.914295
90	3.019419
90	2.925010
90	2.859238
90	3.785131
90	2.945452
90	2.614619
90	2.826906
90	2.752880
90	2.868302
90	2.820500
90	3.935441
90	2.856271
90	2.468081
90	3.510215
90	2.939023
90	2.487028
90	2.827600
90	3.270915
90	6.608649
90	2.957283
90	2.868814
90	2.451308
90	3.597911
90	10.000000
90	3.086134
90	2.741591
90	2.566276
90	2.839799
90	2.763533
90	10.000000
90	3.677850
90	2.902079
90	2.758299
90	3.035883
90	2.903617
90	2.875505
90	10.000000
90	3.783925
90	2.800913
90	2.762608
90	2.884461
90	2.682235
90	2.868866
90	3.024337
90	3.336351
90	2.962499
90	3.187682
90	2.551747
90	2.923277
90	2.879917
90	2.994807
90	3.102963
90	2.865831
90	5.348985
90	2.951349
90	3.107288
90	2.874667
90	2.904132
90	2.955352
90	2.904897
90	2.868211
90	2.909223
90	3.023191
90	2.897105
90	2.891457
90	2.745102
90	3.062684
90	2.810680
90	2.856644
90	2.822041
90	2.820294
90	2.676245
90	2.711093
90	2.929472
90	2.883090
90	3.115239
90	2.957209
90	2.876580
90	2.904452
90	10.000000
90	2.824152
90	2.757494
90	3.140916
90	2.851027
90	2.794363
90	2.988314
90	2.911425
90	3.200178
90	3.014184
90	2.956237
90	2.984891
90	3.369310
90	2.697264
90	3.163544
90	2.869844
100	3.016488
100	2.746495
100	3.055780
100	1.891677
100	2.758977
100	10.000000
100	2.881529
100	2.935385
100	2.961772
100	3.149218
100	2.649631
100	2.918239
100	2.945486
100	2.869078
100	2.905715
100	2.870859
100	3.037382
100	1.935504
100	3.418643
100	2.937844
100	2.752390
100	2.669643
100	3.109636
100	3.299523
100	2.906718
100	3.172978
100	3.268190
100	3.880636
100	3.108353
100	2.916974
100	2.897710
100	2.843074
100	2.897459
100	2.864849
100	3.011648
100	2.555881
100	2.810803
100	2.918036
100	3.146779
100	0.896359
100	3.065622
100	1.535357
100	2.986608
100	2.865954
100	2.928972
100	2.794485
100	2.838491
100	2.803455
100	2.904265
100	3.591333
100	2.974682
100	2.999647
100	2.799378
100	3.251576
100	2.599826
100	2.920101
100	2.873810
100	2.962794
100	2.699994
100	7.815609
100	2.828493
100	3.037110
100	2.756997
100	2.948010
100	3.358943
100	3.428290
100	2.809736
100	3.046900
100	2.983958
100	2.981420
100	2.719369
100	2.689743
100	3.021537
100	2.650127
100	3.310250
100	3.004575
100	3.037596
100	2.884902
100	2.900706
100	2.930495
100	2.890452
100	2.906476
100	3.022186
100	2.921897
100	2.624738
100	2.879703
100	2.417294
100	2.271592
100	2.636516
100	3.155376
100	2.925525
100	3.029892
100	3.318077
100	2.930956
100	3.026510
100	3.149085
100	2.934340
100	2.872958
100	3.011366
100	2.867564
100	2.932074
100	2.899055
100	3.251869
100	3.098058
100	3.030528
100	3.082719
100	2.777366
100	3.036327
100	10.000000
100	2.463083
100	2.614405
100	2.770539
100	2.905144
100	2.764331
100	2.849826
100	2.822641
100	2.835926
100	2.878654
100	3.009566
100	2.902154
100	2.867935
100	2.592775
100	2.436761
100	2.872740
100	2.875401
100	2.836109
100	4.139465
100	2.958453
100	2.854438
100	2.929812
100	1.789594
100	2.883496
100	13.280552
100	1.998061
100	2.857853
100	2.585066
100	2.691266
100	2.893841
100	3.256753
100	2.893256
100	3.004266
100	2.637653
100	3.265217
100	2.933871
100	3.017652
100	3.143065
100	2.734076
100	3.014436
100	3.183467
100	2.917560
100	10.000000
100	2.893683
100	2.789760
100	2.963758
100	10.000000
100	2.930574
100	2.775393
100	2.856402
100	10.000000
100	1.104863
100	2.861103
100	2.906832
100	2.869727
100	3.138891
100	2.946335
100	2.041862
100	2.900648
100	3.114873
100	2.835275
100	2.937553
100	2.909490
100	3.682452
100	2.317417
100	2.853244
100	2.751846
100	2.849899
100	2.987670
100	2.637858
100	2.996385
100	2.914324
100	2.636437
100	3.267421
100	3.143683
100	3.270098
100	2.828040
100	2.669604
100	2.581529
100	2.685810
100	2.801535
100	4.214658
100	3.019599
100	2.874148
100	2.722675
100	3.847914
100	3.051220
100	2.659665
100	3.107997
100	3.050469
100	2.887423
100	2.950057
110	1.061366
110	2.786009
110	10.000000
110	10.000000
110	10.000000
110	1.144626
110	10.000000
110	1.326838
110	2.860082
110	1.032863
110	1.045778
110	2.931081
110	10.000000
110	2.456476
110	1.171482
110	0.987413
110	0.994698
110	0.868696
110	0.930789
110	8.072396
110	10.000000
110	10.000000
110	10.000000
110	0.935885
110	1.173926
110	10.000000
110	10.000000
110	1.089457
110	0.919073
110	1.491284
110	1.014077
110	17.760527
110	10.000000
110	2.490408
110	1.465215
110	10.000000
110	10.000000
110	10.000000
110	10.000000
110	0.916305
110	10.000000
110	1.192533
110	1.003505
110	2.548305
110	2.693002
110	5.605476
110	10.000000
110	1.266298
110	2.820672
110	10.000000
110	10.000000
110	10.000000
110	0.954549
110	0.960364
110	10.000000
110	1.450254
110	1.404594
110	10.000000
110	1.364205
110	1.131825
110	1.026520
110	0.904822
110	10.000000
110	2.792927
110	0.960364
110	10.000000
110	1.007491
110	0.977182
110	10.000000
110	10.000000
110	0.880683
110	10.000000
110	1.101350
110	10.000000
110	10.000000
110	1.011532
110	10.000000
110	10.000000
110	10.000000
110	0.940088
110	1.122019
110	2.293263
110	10.000000
110	1.209877
110	0.968238
110	1.179196
110	5.322886
110	10.000000
110	0.817434
110	10.000000
110	10.000000
110	2.536567
110	0.979550
110	1.076644
110	1.082190
110	0.972306
110	2.669580
110	0.987129
110	2.938354
110	10.000000
110	10.000000
110	10.000000
110	0.862699
110	10.000000
110	9.585746
110	10.000000
110	10.000000
110	10.000000
110	1.005839
110	1.223543
110	0.488358
110	10.000000
110	10.000000
110	2.881261
110	10.000000
110	1.012899
110	1.141217
110	10.000000
110	1.018234
110	0.950799
110	10.000000
110	1.876084
110	0.893400
110	10.000000
110	0.994621
110	1.268151
110	10.000000
110	2.891927
110	0.957970
110	0.951495
110	0.988711
110	1.038870
110	1.186701
110	10.000000
110	1.179975
110	10.000000
110	10.000000
110	0.962539
110	11.300862
110	1.626251
110	10.000000
110	0.913829
110	10.000000
110	0.987379
110	0.945929
110	0.969300
110	1.005204
110	10.000000
110	10.000000
110	10.000000
110	10.000000
110	10.000000
110	10.000000
110	1.037246
110	0.937704
110	1.002182
110	0.900828
110	2.922518
110	1.014465
110	1.098230
110	0.790745
110	0.961277
110	1.185153
110	0.975226
110	10.000000
110	2.899456
110	1.127777
110	1.089915
110	0.960582
110	10.000000
110	0.922366
110	1.069925
110	0.934538
110	2.470147
110	0.959503
110	10.000000
110	10.000000
110	10.000000
110	10.000000
110	10.000000
110	10.000000
110	10.000000
110	1.004248
110	0.973411
110	10.000000
110	10.000000
110	10.000000
110	10.000000
110	1.089750
110	1.017055
110	1.034337
110	10.000000
110	10.000000
110	0.993090
110	10.000000
110	10.000000
110	10.000000
110	10.000000
110	10.000000
110	10.000000
120	1.290028
120	1.392369
120	1.403596
120	2.071177
120	1.379460
120	1.834891
120	1.248710
120	10.000000
120	1.366078
120	10.000000
120	13.056986
120	1.413727
120	1.316256
120	10.000000
120	1.168193
120	1.161850
120	1.595044
120	10.000000
120	1.280862
120	1.451130
120	10.000000
120	10.000000
120	1.335818
120	1.377440
120	0.937948
120	1.294561
120	10.000000
120	10.000000
120	10.000000
120	2.383268
120	1.406641
120	2.042340
120	1.629202
120	1.434364
120	10.000000
120	10.000000
120	1.501410
120	10.000000
120	1.414918
120	1.538270
120	10.000000
120	10.000000
120	10.000000
120	10.000000
120	1.964682
120	1.401387
120	1.290180
120	10.000000
120	10.000000
120	1.447541
120	1.278403
120	10.000000
120	1.081391
120	10.000000
120	1.438465
120	1.432749
120	1.346007
120	1.205807
120	10.000000
120	5.820648
120	0.649617
120	1.252248
120	1.336362
120	1.335380
120	1.385812
120	10.000000
120	1.408660
120	10.000000
120	1.977780
120	10.000000
120	10.000000
120	10.000000
120	1.687217
120	2.850426
120	1.453056
120	10.000000
120	1.423321
120	1.480373
120	10.000000
120	10.000000
120	10.000000
120	1.380419
120	10.000000
120	2.875007
120	1.436573
120	1.447542
120	1.001701
120	2.851360
120	1.499718
120	1.356842
120	1.145276
120	1.448074
120	1.108777
120	10.000000
120	1.461770
120	1.462208
120	1.533950
120	1.462405
120	1.411865
120	10.000000
120	10.000000
120	1.421537
120	1.406543
120	10.000000
120	10.000000
120	10.000000
120	10.000000
120	1.674340
120	1.337981
120	1.393558
120	1.424507
120	1.358065
120	1.328694
120	1.449820
120	1.404262
120	1.489526
120	1.115340
120	10.000000
120	10.000000
120	10.000000
120	1.373624
120	1.066682
120	1.377870
120	10.000000
120	10.000000
120	10.000000
120	2.117681
120	1.341349
120	1.432021
120	1.412996
120	1.451559
120	10.000000
120	10.000000
120	1.432003
120	1.374672
120	10.000000
120	1.237260
120	10.000000
120	1.442352
120	1.392457
120	10.000000
120	1.464001
120	10.000000
120	10.000000
120	2.219354
120	10.000000
120	10.000000
120	1.456642
120	1.459097
120	1.450081
120	9.300978
120	10.000000
120	10.000000
120	22.145098
120	1.287271
120	1.658516
120	10.000000
120	10.000000
120	10.000000
120	1.429548
120	1.420947
120	10.000000
120	1.460096
120	10.000000
120	10.000000
120	1.073142
120	10.000000
120	1.453170
120	10.000000
120	1.403922
120	1.385699
120	1.356221
120	10.000000
120	10.000000
120	10.000000
120	10.000000
120	1.404514
120	1.435261
120	10.000000
120	10.000000
120	1.473204
120	10.000000
120	1.495435
120	1.375564
120	10.000000
120	1.102270
120	1.253027
120	10.000000
120	1.442985
120	1.066500
120	0.993524
120	10.000000
120	10.000000
120	10.000000
120	10.000000
120	1.703232
120	10.000000
120	10.000000
120	10.000000
120	10.000000
130	1.473938
130	1.174105
130	10.000000
130	2.257422
130	1.189103
130	6.854531
130	1.444939
130	1.471712
130	1.363467
130	10.000000
130	1.410475
130	1.435735
130	1.433772
130	1.803788
130	1.243511
130	1.466939
130	1.109512
130	10.000000
130	10.000000
130	1.505702
130	10.000000
130	10.000000
130	10.000000
130	10.000000
130	10.000000
130	10.000000
130	10.000000
130	1.314601
130	10.000000
130	1.469511
130	1.657960
130	1.436779
130	10.000000
130	10.000000
130	1.737447
130	10.000000
130	10.000000
130	1.476763
130	1.399529
130	1.493167
130	10.000000
130	10.000000
130	10.000000
130	10.000000
130	10.000000
130	1.481818
130	2.101477
130	1.288347
130	10.000000
130	1.277356
130	2.375120
130	10.000000
130	1.481990
130	10.000000
130	1.162804
130	16.140899
130	1.385052
130	10.000000
130	1.494553
130	2.614584
130	10.000000
130	1.478306
130	10.000000
130	10.000000
130	1.443005
130	10.000000
130	1.418983
130	1.457719
130	1.379398
130	10.000000
130	1.466879
130	1.482317
130	1.447123
130	1.482437
130	0.623360
130	1.414166
130	1.487692
130	1.473307
130	1.306054
130	1.468246
130	2.913985
130	2.889357
130	1.447273
130	1.383762
130	10.000000
130	1.470299
130	1.403194
130	1.453402
130	0.975870
130	10.000000
130	1.942831
130	10.000000
130	10.000000
130	1.396735
130	1.597316
130	10.000000
130	1.249138
130	10.000000
130	10.000000
130	1.139222
130	1.430067
130	10.000000
130	10.000000
130	1.481852
130	1.464353
130	1.466685
130	1.483775
130	1.448086
130	1.470275
130	1.456446
130	10.000000
130	1.625604
130	10.000000
130	10.000000
130	1.353928
130	10.000000
130	1.482872
130	1.471414
130	1.465673
130	10.000000
130	10.000000
130	1.363418
130	1.493376
130	2.898066
130	1.489870
130	7.007779
130	10.000000
130	1.285671
130	1.586977
130	10.000000
130	1.158769
130	10.000000
130	1.398880
130	0.928901
130	1.569564
130	10.000000
130	1.436376
130	0.772718
130	10.000000
130	1.213627
130	1.728038
130	1.160274
130	1.442613
130	1.656718
130	10.000000
130	7.733461
130	10.000000
130	10.000000
130	10.000000
130	1.426535
130	1.436782
130	10.000000
130	10.000000
130	1.492970
130	2.650021
130	10.000000
130	10.000000
130	1.438708
130	1.826994
130	1.458977
130	10.000000
130	2.048766
130	3.164219
130	1.366334
130	1.478948
130	1.793243
130	2.038737
130	1.170651
130	2.723169
130	1.327765
130	1.456528
130	1.575549
130	10.000000
130	1.699250
130	1.441315
130	10.000000
130	1.477326
130	1.476690
130	1.488816
130	1.484286
130	10.000000
130	10.000000
130	1.534779
130	10.000000
130	1.484736
130	2.635898
130	1.480589
130	0.947700
130	1.492706
130	10.000000
130	10.000000
130	10.000000
130	0.903988
130	2.449984
130	1.452809
130	1.317041
130	1.851635
130	1.535489
130	1.241812
130	1.401678
140	1.494324
140	10.000000
140	13.143597
140	1.540007
140	1.237888
140	10.000000
140	1.485276
140	10.000000
140	10.000000
140	1.633139
140	1.611964
140	1.499482
140	1.464482
140	3.436623
140	10.000000
140	10.000000
140	1.436423
140	1.369608
140	10.000000
140	1.579736
140	1.447229
140	1.437721
140	10.000000
140	1.427659
140	1.235704
140	1.473585
140	1.570014
140	10.000000
140	1.483157
140	1.458690
140	10.000000
140	10.000000
140	10.000000
140	1.417763
140	1.448990
140	10.000000
140	2.920063
140	10.000000
140	1.408099
140	1.495585
140	1.475130
140	1.659316
140	1.486191
140	10.000000
140	10.000000
140	3.476792
140	1.488994
140	1.490009
140	10.000000
140	10.000000
140	10.000000
140	10.000000
140	1.545601
140	10.000000
140	10.000000
140	1.485097
140	1.308415
140	10.000000
140	10.466752
140	1.448668
140	10.000000
140	1.464335
140	1.473677
140	1.426557
140	10.000000
140	1.504431
140	10.000000
140	1.993073
140	1.455916
140	10.000000
140	1.497101
140	10.000000
140	10.000000
140	4.304141
140	1.370902
140	0.677666
140	1.085387
140	10.000000
140	10.000000
140	10.000000
140	1.494103
140	1.507226
140	1.477200
140	1.465324
140	1.648214
140	10.000000
140	10.000000
140	1.374264
140	1.434526
140	10.000000
140	1.204149
140	10.000000
140	1.502582
140	10.000000
140	10.000000
140	10.000000
140	1.471316
140	1.601625
140	10.000000
140	10.000000
140	10.000000
140	10.000000
140	1.495664
140	1.400204
140	1.459713
140	1.485565
140	10.000000
140	10.000000
140	1.433785
140	1.478061
140	10.000000
140	1.466215
140	3.215404
140	1.636254
140	1.471516
140	0.944382
140	10.000000
140	10.000000
140	10.000000
140	1.418682
140	1.491401
140	10.000000
140	11.558062
140	1.409781
140	3.370308
140	1.404289
140	10.000000
140	1.499532
140	1.419816
140	10.000000
140	1.452198
140	1.499527
140	1.417337
140	1.453267
140	10.000000
140	10.000000
140	10.000000
140	10.000000
140	1.325219
140	10.000000
140	1.425694
140	1.462344
140	5.427467
140	1.488645
140	10.000000
140	1.424317
140	1.494079
140	1.474894
140	1.566678
140	1.409740
140	1.349816
140	10.000000
140	10.000000
140	1.409728
140	10.000000
140	10.000000
140	10.000000
140	1.477056
140	1.459209
140	10.000000
140	10.000000
140	10.000000
140	10.000000
140	10.000000
140	1.436944
140	1.327146
140	1.312952
140	2.740206
140	1.428238
140	1.425119
140	10.000000
140	10.000000
140	1.428405
140	1.648019
140	1.470677
140	1.436447
140	1.187147
140	10.000000
140	0.469020
140	1.426020
140	7.622526
140	10.000000
140	1.332613
140	10.000000
140	1.475883
140	1.459984
140	1.503966
140	10.000000
140	10.000000
140	1.439319
140	1.482472
140	1.490631
140	1.330989
140	1.466942
140	1.414784
140	2.064964
140	10.000000
140	10.000000
140	1.455679
140	10.000000
150	10.000000
150	1.427357
150	1.466862
150	1.228124
150	1.618535
150	1.111126
150	1.433291
150	10.000000
150	10.000000
150	10.000000
150	10.000000
150	1.905166
150	0.956597
150	1.416176
150	1.704806
150	1.491152
150	1.443167
150	10.000000
150	10.000000
150	1.420781
150	10.000000
150	1.477040
150	1.475018
150	1.467851
150	1.467733
150	1.499132
150	10.000000
150	1.149384
150	1.464156
150	1.120736
150	10.000000
150	1.482973
150	1.448924
150	10.000000
150	1.337783
150	10.000000
150	1.486814
150	1.422129
150	1.454865
150	1.459591
150	1.261746
150	10.000000
150	10.000000
150	1.442862
150	10.000000
150	1.493863
150	1.798809
150	2.819476
150	10.000000
150	10.000000
150	1.443033
150	1.426916
150	1.485694
150	1.477496
150	2.908034
150	10.000000
150	10.000000
150	1.473445
150	10.000000
150	10.000000
150	1.860168
150	10.000000
150	10.000000
150	1.331670
150	1.485641
150	1.487704
150	1.447977
150	1.489552
150	1.640224
150	10.000000
150	1.445122
150	10.000000
150	2.945458
150	1.450863
150	1.483781
150	1.490452
150	1.509422
150	0.929245
150	10.000000
150	5.889277
150	1.408629
150	1.475403
150	1.467907
150	0.887986
150	1.472915
150	1.463625
150	10.000000
150	1.512308
150	10.000000
150	10.000000
150	1.493640
150	10.000000
150	1.299405
150	1.441670
150	4.260191
150	10.000000
150	10.000000
150	1.435115
150	10.000000
150	10.000000
150	10.000000
150	1.446097
150	1.192482
150	1.068062
150	1.292502
150	1.181500
150	10.000000
150	1.481175
150	10.000000
150	10.000000
150	1.479906
150	1.413305
150	10.000000
150	1.453394
150	1.486855
150	1.263367
150	1.486638
150	1.285725
150	1.223261
150	10.000000
150	10.000000
150	1.489190
150	10.000000
150	10.000000
150	1.465757
150	12.304967
150	1.455484
150	1.490540
150	1.308358
150	1.486857
150	1.495710
150	10.000000
150	1.547900
150	1.405038
150	10.000000
150	1.425593
150	1.433256
150	10.000000
150	10.000000
150	10.000000
150	1.673057
150	1.491693
150	1.512703
150	1.414580
150	1.486078
150	1.425777
150	10.000000
150	10.000000
150	1.475143
150	10.000000
150	1.408388
150	10.000000
150	10.000000
150	1.436821
150	10.000000
150	1.351097
150	1.507811
150	1.460159
150	10.000000
150	10.000000
150	1.454587
150	10.000000
150	1.468617
150	10.000000
150	1.479676
150	2.479947
150	10.000000
150	2.779947
150	1.881345
150	10.000000
150	1.496298
150	10.000000
150	0.865080
150	1.461820
150	10.000000
150	1.478537
150	10.000000
150	1.387684
150	1.493725
150	1.504851
150	1.166484
150	1.477822
150	1.470767
150	10.000000
150	2.454648
150	10.000000
150	1.456267
150	10.000000
150	1.463301
150	10.000000
150	10.000000
150	1.482531
150	1.494917
150	10.000000
150	1.481881
150	1.408899
150	1.366906
150	1.442975
150	10.000000
150	1.480971
