10	0.107107
10	10.000000
10	0.146398
10	0.653991
10	0.066228
10	10.000000
10	0.057711
10	10.000000
10	0.158348
10	1.079022
10	0.052561
10	0.075516
10	0.215912
10	10.000000
10	0.155368
10	10.000000
10	0.030953
10	10.000000
10	0.060957
10	10.000000
10	10.000000
10	1.892426
10	0.078680
10	0.146450
10	10.000000
10	0.094210
10	0.081755
10	0.271581
10	10.000000
10	10.000000
10	10.000000
10	10.000000
10	0.100578
10	10.000000
10	0.082195
10	1.751180
10	10.000000
10	0.601058
10	10.000000
10	0.052467
10	0.082484
10	1.638096
10	0.051438
10	0.079309
10	0.093796
10	0.064102
10	10.000000
10	10.000000
10	10.000000
10	0.490523
10	10.000000
10	10.000000
10	0.343082
10	0.144300
10	10.000000
10	0.062797
10	10.000000
10	2.104453
10	0.271202
10	0.095671
10	10.000000
10	0.529427
10	10.000000
10	0.074427
10	0.095054
10	0.096852
10	10.000000
10	10.000000
10	0.331041
10	10.000000
10	0.098601
10	0.084582
10	0.120277
10	10.000000
10	10.000000
10	0.056372
10	0.195841
10	10.000000
10	1.946921
10	0.562844
10	10.000000
10	10.000000
10	0.079555
10	0.076928
10	0.076889
10	0.207299
10	10.000000
10	10.000000
10	0.057365
10	10.000000
10	10.000000
10	0.075578
10	10.000000
10	10.000000
10	10.000000
10	0.193924
10	0.125842
10	0.095377
10	10.000000
10	10.000000
10	10.000000
10	10.000000
10	0.105655
10	5.228951
10	0.953054
10	0.295096
10	10.000000
10	0.134424
10	0.075927
10	2.158144
10	0.057200
10	0.079240
10	10.000000
10	10.000000
10	0.233778
10	0.127734
10	10.000000
10	0.052648
10	10.000000
10	10.000000
10	0.072030
10	0.096224
10	10.000000
10	0.215041
10	0.118322
10	0.153337
10	0.065344
10	0.060500
10	0.432714
10	10.000000
10	10.000000
10	0.555326
10	0.110706
10	0.149874
10	0.152088
10	0.044424
10	0.455391
10	0.638818
10	0.486955
10	10.000000
10	10.000000
10	0.256401
10	10.000000
10	0.369493
10	0.125897
10	10.000000
10	0.055559
10	10.000000
10	0.061111
10	0.124866
10	0.071660
10	0.384149
10	10.000000
10	0.205147
10	2.805130
10	0.100831
10	10.000000
10	0.266012
10	0.535401
10	0.084690
10	0.137216
10	0.328908
10	0.090820
10	10.000000
10	0.085943
10	0.666762
10	0.055160
10	0.102193
10	10.000000
10	0.846338
10	0.161534
10	10.000000
10	0.059946
10	0.057806
10	10.000000
10	10.000000
10	0.079833
10	0.180748
10	0.076156
10	0.063576
10	0.199043
10	10.000000
10	0.079852
10	3.094903
10	10.000000
10	1.417234
10	0.263875
10	0.140005
10	0.442798
10	0.143061
10	10.000000
10	11.977298
10	10.000000
10	0.144382
10	0.230571
10	0.467950
10	10.000000
10	10.000000
10	0.593908
10	10.000000
20	10.000000
20	10.000000
20	10.000000
20	0.309162
20	10.000000
20	10.000000
20	0.125937
20	10.000000
20	0.099550
20	10.000000
20	0.089416
20	0.158072
20	10.000000
20	0.030673
20	0.051914
20	10.000000
20	10.000000
20	10.000000
20	0.086261
20	10.000000
20	0.141557
20	10.000000
20	0.078779
20	10.000000
20	0.230434
20	10.000000
20	0.192958
20	0.103676
20	0.079281
20	0.285708
20	0.119953
20	0.195118
20	0.237703
20	0.080027
20	10.000000
20	10.000000
20	0.102541
20	0.114666
20	0.244945
20	0.252535
20	0.798462
20	10.000000
20	0.779206
20	10.000000
20	0.131722
20	0.153438
20	0.117136
20	9.682660
20	0.416148
20	0.126078
20	0.107318
20	0.614670
20	10.000000
20	3.295496
20	0.089440
20	0.210518
20	2.812775
20	0.309221
20	0.200630
20	10.000000
20	10.000000
20	0.106538
20	3.618321
20	0.224262
20	10.000000
20	0.079703
20	0.198387
20	0.157992
20	0.177938
20	0.085146
20	0.071693
20	0.131186
20	0.256910
20	0.168455
20	1.344256
20	10.000000
20	0.142288
20	0.101634
20	0.613764
20	0.805248
20	1.837908
20	0.417871
20	0.223073
20	0.085457
20	10.000000
20	4.095437
20	0.062696
20	0.269850
20	0.126172
20	0.342274
20	10.000000
20	0.085365
20	0.124909
20	0.035080
20	10.000000
20	10.000000
20	10.000000
20	0.144463
20	10.000000
20	0.177265
20	0.260999
20	0.198850
20	0.602054
20	0.098127
20	0.174115
20	1.076251
20	10.000000
20	10.000000
20	0.164351
20	2.110942
20	1.009932
20	10.000000
20	0.166601
20	0.177454
20	1.371285
20	0.205302
20	0.557175
20	10.000000
20	0.147007
20	0.110300
20	10.000000
20	0.767749
20	0.098547
20	10.000000
20	1.129923
20	10.000000
20	0.146250
20	0.228405
20	0.122048
20	0.086784
20	10.000000
20	0.085338
20	0.164450
20	1.362284
20	10.000000
20	0.086264
20	0.158211
20	10.000000
20	1.177639
20	0.094747
20	0.200969
20	0.112323
20	0.732707
20	10.000000
20	10.000000
20	0.099689
20	0.155783
20	0.166883
20	10.000000
20	10.000000
20	0.307924
20	10.000000
20	0.149787
20	1.907524
20	0.228726
20	10.000000
20	0.066234
20	0.109874
20	0.125384
20	0.120381
20	0.084087
20	0.464352
20	10.000000
20	0.273273
20	0.098736
20	4.139685
20	10.000000
20	0.110348
20	0.008939
20	10.000000
20	0.138694
20	1.193741
20	0.243686
20	0.120270
20	10.000000
20	0.119353
20	0.061061
20	10.000000
20	0.143058
20	0.180293
20	0.158293
20	0.098883
20	10.000000
20	0.216160
20	0.137076
20	0.486986
20	0.547882
20	0.047155
20	3.461768
20	10.000000
20	0.096265
20	2.436033
20	10.000000
20	0.420464
20	0.206325
20	6.159595
20	10.000000
20	0.216400
20	0.248622
20	0.285127
30	0.395703
30	1.378075
30	10.000000
30	0.131343
30	0.619503
30	0.132078
30	0.379482
30	10.000000
30	0.180844
30	10.000000
30	0.890595
30	10.000000
30	10.000000
30	0.640293
30	0.461778
30	0.229455
30	0.355699
30	1.574288
30	0.122823
30	0.104979
30	0.435986
30	0.076254
30	0.111549
30	0.397345
30	0.306780
30	0.330110
30	0.576862
30	10.000000
30	0.085942
30	0.435954
30	0.644866
30	0.988266
30	0.450978
30	0.784019
30	0.239674
30	0.229084
30	0.397418
30	10.000000
30	3.747577
30	0.174168
30	2.115195
30	0.720644
30	0.329270
30	0.607480
30	10.000000
30	10.000000
30	0.599240
30	0.357383
30	0.789263
30	0.314632
30	10.000000
30	0.490797
30	0.830668
30	0.862529
30	10.000000
30	0.201591
30	0.208810
30	0.226340
30	1.008045
30	10.000000
30	10.000000
30	0.215503
30	1.002333
30	0.303075
30	0.152909
30	0.920795
30	0.204834
30	10.000000
30	0.315483
30	0.187045
30	10.000000
30	10.000000
30	0.122792
30	0.606429
30	10.000000
30	0.448303
30	1.353108
30	0.412299
30	10.000000
30	10.000000
30	0.241061
30	2.005962
30	0.111881
30	0.893347
30	0.642360
30	10.000000
30	0.344486
30	7.301108
30	10.000000
30	0.097440
30	0.877453
30	10.000000
30	0.142063
30	0.105356
30	0.146476
30	0.177834
30	0.340715
30	0.461877
30	0.125779
30	1.181817
30	0.344727
30	0.138241
30	10.000000
30	0.199541
30	10.000000
30	1.414882
30	10.000000
30	0.583097
30	10.000000
30	10.000000
30	0.324181
30	10.000000
30	0.203555
30	10.000000
30	0.362192
30	0.638646
30	0.366612
30	10.000000
30	0.150651
30	10.000000
30	0.314588
30	10.000000
30	0.203553
30	0.756305
30	10.000000
30	0.435507
30	10.000000
30	0.104352
30	0.545796
30	0.992166
30	10.000000
30	0.139259
30	0.195559
30	0.168897
30	0.387983
30	0.227012
30	0.247417
30	0.296248
30	0.830704
30	0.880019
30	0.212724
30	0.154214
30	0.477783
30	0.160879
30	0.756291
30	0.346026
30	0.341231
30	0.162922
30	0.163208
30	10.000000
30	0.158186
30	0.206202
30	0.201349
30	10.000000
30	0.220406
30	10.000000
30	0.103473
30	10.000000
30	10.000000
30	0.190504
30	10.000000
30	10.000000
30	0.522558
30	2.399905
30	10.000000
30	0.129838
30	0.227944
30	10.000000
30	0.872563
30	0.209051
30	0.183084
30	10.000000
30	0.575854
30	0.214640
30	0.195948
30	0.368617
30	0.103031
30	0.317720
30	0.273771
30	10.000000
30	0.167411
30	0.166506
30	10.000000
30	10.000000
30	1.441875
30	0.526091
30	0.304125
30	0.247282
30	0.316198
30	0.922495
30	0.105509
30	10.000000
30	0.527850
30	0.118407
30	0.560047
30	10.000000
30	10.000000
30	10.000000
30	0.166875
30	0.888555
40	10.000000
40	10.000000
40	10.000000
40	1.381497
40	10.000000
40	1.699723
40	1.740923
40	1.575068
40	1.357104
40	1.266972
40	1.151400
40	1.910501
40	1.366467
40	1.359585
40	2.435724
40	2.748331
40	1.288581
40	2.854320
40	1.162122
40	10.000000
40	3.350531
40	1.803394
40	1.243215
40	1.192801
40	2.078790
40	10.000000
40	1.903791
40	1.632260
40	1.861451
40	1.724841
40	2.035081
40	1.470000
40	1.658645
40	1.458279
40	2.089045
40	1.644506
40	2.365979
40	3.146288
40	1.305581
40	1.239695
40	1.351040
40	10.000000
40	4.211014
40	1.319170
40	1.676733
40	1.642129
40	2.954818
40	2.666242
40	1.281402
40	1.343270
40	1.555372
40	5.557088
40	1.443923
40	10.000000
40	10.000000
40	3.197126
40	1.844682
40	3.061211
40	10.000000
40	10.000000
40	1.986037
40	1.861173
40	10.000000
40	2.141222
40	1.493254
40	10.000000
40	1.443030
40	2.686850
40	10.000000
40	10.000000
40	2.471241
40	10.000000
40	1.392580
40	10.000000
40	1.626445
40	10.000000
40	10.000000
40	1.490600
40	3.627018
40	10.000000
40	1.441839
40	2.969662
40	2.235863
40	10.000000
40	1.556786
40	10.000000
40	1.399582
40	10.000000
40	10.000000
40	1.236001
40	1.194686
40	10.000000
40	1.270322
40	2.321283
40	1.443160
40	1.180635
40	10.000000
40	2.052295
40	1.523392
40	1.772179
40	1.752080
40	2.163015
40	10.000000
40	2.017787
40	2.258270
40	10.000000
40	10.000000
40	2.334125
40	10.000000
40	1.652925
40	1.231658
40	0.441093
40	1.281532
40	10.000000
40	1.250275
40	10.000000
40	1.389706
40	1.309939
40	1.516596
40	1.864016
40	1.519451
40	10.000000
40	1.379920
40	1.440636
40	10.000000
40	2.560983
40	1.199056
40	1.559494
40	10.000000
40	0.598453
40	1.360680
40	10.000000
40	2.572436
40	1.325693
40	3.309520
40	10.000000
40	1.182630
40	2.518673
40	10.000000
40	2.534923
40	1.489242
40	1.823078
40	10.000000
40	10.000000
40	2.749275
40	1.230204
40	1.235407
40	1.263513
40	1.936031
40	1.486775
40	1.210050
40	3.536436
40	10.000000
40	1.907951
40	1.655871
40	10.000000
40	2.493159
40	2.684751
40	1.129507
40	1.265870
40	1.745304
40	1.658763
40	1.165678
40	2.625371
40	3.073677
40	1.650364
40	1.256901
40	2.764023
40	2.306450
40	2.845500
40	1.241979
40	10.000000
40	2.149079
40	1.604021
40	10.000000
40	3.529131
40	2.247050
40	2.217719
40	10.000000
40	1.938464
40	3.151317
40	10.000000
40	1.867582
40	1.502752
40	1.686864
40	1.110381
40	1.509381
40	1.197485
40	2.361340
40	2.660858
40	2.290736
40	1.624276
40	2.537952
40	2.039301
40	2.684577
40	10.000000
40	2.065239
40	1.616154
40	0.589000
40	1.519314
50	10.000000
50	10.000000
50	4.017143
50	10.000000
50	3.056207
50	3.475291
50	3.932244
50	2.366072
50	3.850840
50	3.894246
50	3.301694
50	3.363485
50	3.615917
50	3.374933
50	10.000000
50	3.513831
50	10.000000
50	10.000000
50	10.000000
50	2.851689
50	3.564470
50	2.406359
50	10.000000
50	1.941939
50	3.808563
50	10.000000
50	3.487038
50	3.401389
50	2.939155
50	10.000000
50	2.007122
50	10.000000
50	10.000000
50	2.919356
50	1.769550
50	1.879880
50	3.196258
50	2.947071
50	3.732148
50	2.119798
50	10.000000
50	3.708887
50	3.591802
50	1.662783
50	2.080441
50	10.000000
50	10.000000
50	10.000000
50	4.110073
50	2.538862
50	4.068859
50	10.000000
50	3.771214
50	2.842888
50	3.145318
50	3.218169
50	10.000000
50	10.000000
50	10.000000
50	4.008674
50	10.000000
50	10.000000
50	3.503069
50	4.237850
50	3.558673
50	3.788976
50	3.214773
50	3.438550
50	3.472261
50	3.071481
50	3.588102
50	3.464434
50	3.856923
50	10.000000
50	3.812659
50	10.000000
50	10.000000
50	3.835119
50	3.632985
50	1.866670
50	3.535644
50	1.239026
50	3.551463
50	3.882597
50	3.501658
50	3.663374
50	0.130185
50	3.583237
50	3.917987
50	10.000000
50	10.000000
50	3.410937
50	3.345262
50	10.000000
50	10.000000
50	2.182781
50	3.729164
50	10.000000
50	2.159446
50	3.765734
50	3.149342
50	4.092799
50	10.000000
50	2.941444
50	3.701342
50	3.166459
50	3.668867
50	10.000000
50	3.455984
50	10.000000
50	3.339025
50	3.618958
50	6.133963
50	3.561155
50	10.000000
50	3.100183
50	3.283164
50	2.964592
50	10.000000
50	10.000000
50	3.811602
50	10.000000
50	10.000000
50	10.000000
50	3.588242
50	3.598309
50	3.489621
50	3.774137
50	3.864349
50	3.476158
50	10.000000
50	3.509019
50	0.445702
50	3.090486
50	10.000000
50	2.916014
50	3.687706
50	3.678013
50	3.478961
50	3.707175
50	3.730299
50	3.315428
50	3.877090
50	1.218800
50	3.895265
50	1.757486
50	4.208476
50	4.285101
50	2.637499
50	10.000000
50	1.699073
50	2.663369
50	3.411674
50	10.000000
50	3.840081
50	5.800005
50	3.764922
50	3.571870
50	4.586928
50	2.535247
50	3.697049
50	3.968899
50	10.000000
50	6.173657
50	3.774764
50	10.000000
50	3.691878
50	3.564711
50	10.000000
50	3.654024
50	3.381395
50	2.531893
50	1.672664
50	1.861408
50	3.949211
50	2.143282
50	2.738149
50	3.404925
50	2.636544
50	10.000000
50	3.029205
50	2.780966
50	3.214342
50	10.000000
50	10.000000
50	3.172510
50	3.762541
50	3.778555
50	1.876213
50	3.558957
50	3.528390
50	3.954125
50	3.399404
50	4.091493
50	3.526086
50	2.662310
50	19.344991
50	2.980015
50	3.734599
50	3.769962
60	3.971346
60	4.892059
60	3.539082
60	3.195529
60	4.044809
60	3.758583
60	4.071633
60	5.382658
60	10.000000
60	3.352695
60	3.320197
60	2.780730
60	3.665109
60	3.220734
60	10.000000
60	10.000000
60	4.079488
60	10.000000
60	4.217715
60	10.000000
60	3.942638
60	10.000000
60	4.090304
60	3.627130
60	3.325443
60	10.000000
60	10.000000
60	3.556587
60	3.920641
60	3.719042
60	3.691441
60	3.771529
60	10.000000
60	10.000000
60	3.214693
60	3.876361
60	3.647916
60	3.869131
60	4.243245
60	3.755625
60	3.909513
60	0.657481
60	4.067420
60	3.822094
60	4.142447
60	10.000000
60	3.686790
60	10.000000
60	10.000000
60	3.332066
60	3.834910
60	3.748550
60	3.297895
60	1.494391
60	3.561118
60	2.914054
60	3.937121
60	3.422968
60	3.913689
60	4.037047
60	3.363338
60	10.000000
60	10.000000
60	4.042814
60	4.063129
60	3.648358
60	10.000000
60	10.000000
60	3.802168
60	3.743007
60	3.893315
60	5.493755
60	3.942468
60	10.000000
60	10.000000
60	3.162955
60	10.000000
60	3.654392
60	4.084043
60	3.707258
60	3.920239
60	2.752020
60	3.621013
60	3.747129
60	3.450408
60	11.516613
60	10.000000
60	4.161266
60	4.158336
60	1.252548
60	3.782411
60	3.386024
60	10.000000
60	3.885967
60	10.000000
60	2.993162
60	3.847441
60	10.000000
60	9.626179
60	10.000000
60	10.000000
60	3.954592
60	1.501970
60	3.893044
60	3.748963
60	3.998699
60	4.113022
60	3.703257
60	3.815804
60	3.863794
60	2.172976
60	0.815762
60	10.000000
60	1.417953
60	2.730608
60	3.731387
60	3.921520
60	10.000000
60	3.541435
60	10.000000
60	3.813817
60	3.769176
60	3.754650
60	3.898114
60	4.099035
60	10.000000
60	10.000000
60	5.010788
60	3.946839
60	1.861124
60	5.622181
60	3.627057
60	5.402604
60	3.772457
60	3.679859
60	3.839949
60	2.692749
60	3.880385
60	10.000000
60	10.000000
60	3.439118
60	4.092099
60	2.403737
60	3.611129
60	3.798795
60	4.089524
60	4.363139
60	3.549086
60	3.523244
60	3.928068
60	3.917138
60	4.380267
60	2.380059
60	3.179232
60	3.832621
60	10.000000
60	3.847232
60	10.000000
60	10.000000
60	10.000000
60	3.378841
60	3.849363
60	0.325618
60	10.000000
60	2.897850
60	10.000000
60	3.798013
60	10.000000
60	4.133308
60	3.928313
60	1.970513
60	4.107068
60	3.662105
60	3.901982
60	2.920421
60	4.038490
60	1.961001
60	3.827795
60	3.999985
60	5.241934
60	10.000000
60	3.811088
60	4.025830
60	10.000000
60	10.000000
60	2.687644
60	10.000000
60	10.000000
60	3.582729
60	4.206955
60	3.794285
60	3.541155
60	10.000000
60	1.402038
60	3.678917
60	10.000000
60	10.000000
60	4.377504
60	4.020194
60	3.957331
70	3.986863
70	10.000000
70	4.633769
70	3.211111
70	3.712660
70	3.778924
70	3.994608
70	10.000000
70	1.650086
70	2.201326
70	10.000000
70	3.947684
70	3.953994
70	3.366615
70	3.950582
70	4.277527
70	3.997398
70	4.089976
70	4.181082
70	4.010813
70	10.000000
70	3.888042
70	3.769732
70	3.537258
70	3.977417
70	3.871314
70	10.000000
70	3.550155
70	3.741163
70	3.428670
70	4.231763
70	5.102266
70	4.012896
70	3.980421
70	4.183361
70	0.636381
70	10.000000
70	3.537884
70	3.809043
70	10.000000
70	3.425197
70	3.507426
70	10.000000
70	0.752236
70	3.828235
70	3.787480
70	1.074175
70	3.598136
70	1.559925
70	3.284815
70	3.209181
70	3.747445
70	3.908156
70	4.185089
70	3.418272
70	10.000000
70	4.023658
70	2.167327
70	10.000000
70	4.074650
70	3.673192
70	3.705799
70	3.697958
70	4.176732
70	4.093492
70	3.830336
70	3.876817
70	3.898217
70	4.315784
70	3.584983
70	3.212885
70	4.133940
70	3.881849
70	3.804161
70	10.000000
70	3.770491
70	3.704300
70	3.725598
70	1.347273
70	10.000000
70	4.021937
70	5.255023
70	10.000000
70	3.958294
70	3.697627
70	10.000000
70	3.344542
70	4.141296
70	4.180248
70	3.993786
70	0.735163
70	10.000000
70	3.775629
70	10.000000
70	4.090938
70	10.000000
70	2.682296
70	3.581428
70	3.631076
70	3.717492
70	4.048749
70	4.268534
70	4.032444
70	10.000000
70	3.791921
70	5.448871
70	3.821893
70	4.381167
70	2.152160
70	3.894820
70	3.859099
70	3.965268
70	1.875999
70	3.970467
70	4.640677
70	10.000000
70	10.000000
70	4.023604
70	13.866856
70	4.468182
70	2.967062
70	3.414735
70	3.722977
70	10.000000
70	3.937896
70	4.029691
70	3.961776
70	3.926501
70	4.119776
70	10.000000
70	4.057866
70	3.972884
70	3.958381
70	4.024489
70	4.279727
70	10.000000
70	2.943177
70	2.045464
70	10.000000
70	3.315059
70	3.798347
70	6.224722
70	3.831317
70	10.000000
70	3.954597
70	3.546446
70	10.000000
70	3.581808
70	3.964042
70	4.155435
70	4.143092
70	3.299924
70	2.652422
70	3.531855
70	3.993624
70	4.021078
70	4.033976
70	3.766104
70	4.979937
70	3.784357
70	10.000000
70	10.000000
70	3.936209
70	3.900460
70	4.123101
70	4.278812
70	10.000000
70	3.757918
70	3.286323
70	10.000000
70	3.707385
70	10.000000
70	10.000000
70	3.890451
70	10.000000
70	10.000000
70	10.000000
70	10.000000
70	10.000000
70	1.977410
70	10.000000
70	3.985878
70	3.710933
70	4.192534
70	3.813317
70	4.228965
70	3.963320
70	4.196056
70	3.399043
70	2.379897
70	10.000000
70	10.000000
70	3.014653
70	3.963131
70	2.264618
70	1.152401
70	4.006893
70	3.649770
70	4.167121
70	3.902591
80	2.496903
80	1.600680
80	3.389522
80	2.020291
80	3.711842
80	3.688176
80	3.049502
80	2.030203
80	4.445785
80	4.115287
80	3.410088
80	1.727282
80	3.723548
80	4.013829
80	2.292104
80	10.000000
80	1.777063
80	5.013025
80	5.085502
80	2.137222
80	1.774878
80	2.419318
80	1.696868
80	4.550207
80	1.855454
80	2.955871
80	4.122307
80	2.626482
80	1.482822
80	1.937349
80	3.146138
80	3.723031
80	3.087083
80	2.155207
80	2.791197
80	2.650634
80	2.656978
80	2.689581
80	4.419185
80	3.977849
80	1.806160
80	1.763719
80	1.871168
80	2.198190
80	7.663551
80	4.484811
80	10.000000
80	2.251622
80	10.000000
80	5.690332
80	1.513022
80	1.698689
80	2.155982
80	2.258883
80	2.380328
80	1.981532
80	1.768186
80	4.536413
80	1.487880
80	1.698713
80	2.685758
80	2.462703
80	3.206181
80	1.561540
80	1.757115
80	1.580046
80	1.834960
80	1.701317
80	2.346895
80	1.724995
80	1.841893
80	3.729738
80	1.857725
80	1.758975
80	10.000000
80	2.678272
80	2.278827
80	3.881815
80	2.339834
80	2.767825
80	2.415181
80	4.094838
80	4.261494
80	1.896931
80	2.551816
80	1.737102
80	1.989237
80	5.006716
80	3.043413
80	2.115123
80	2.207682
80	10.000000
80	1.839415
80	2.073596
80	10.000000
80	3.130087
80	4.072709
80	4.963587
80	1.248612
80	2.018493
80	2.958337
80	4.863972
80	4.153604
80	2.255616
80	2.788905
80	3.347133
80	4.856370
80	1.581498
80	2.302289
80	10.000000
80	4.822102
80	1.664422
80	10.000000
80	2.370379
80	1.792259
80	4.447801
80	5.690750
80	4.089705
80	2.013267
80	2.865838
80	2.897018
80	2.807316
80	2.632557
80	2.567050
80	1.956970
80	10.000000
80	1.144359
80	4.197249
80	3.897224
80	1.816807
80	2.286475
80	2.098990
80	3.332562
80	10.000000
80	10.000000
80	1.776996
80	1.674137
80	2.454875
80	3.855629
80	1.728660
80	1.518003
80	1.933739
80	2.002296
80	1.863881
80	1.905172
80	4.727242
80	3.617807
80	4.068878
80	4.751657
80	2.048413
80	3.082885
80	2.343285
80	3.879087
80	10.000000
80	3.763503
80	2.756836
80	5.573535
80	5.022516
80	5.443231
80	4.579554
80	2.763922
80	3.168234
80	1.325912
80	1.877881
80	4.094163
80	2.097219
80	10.000000
80	3.288108
80	3.700470
80	1.714032
80	10.000000
80	3.824370
80	1.439767
80	4.670685
80	2.276493
80	14.791914
80	3.756007
80	3.995288
80	3.405050
80	2.050402
80	10.000000
80	2.829327
80	2.934428
80	11.619532
80	3.097079
80	5.635755
80	3.323748
80	10.000000
80	2.102384
80	1.999899
80	2.180167
80	1.981843
80	2.828799
80	1.590915
80	2.952676
80	1.593208
80	2.733435
80	1.549726
80	3.242386
80	2.693266
90	2.050874
90	2.768770
90	3.984690
90	2.336854
90	3.719225
90	5.330904
90	2.321668
90	1.442462
90	2.046449
90	1.935363
90	2.054313
90	10.000000
90	10.000000
90	2.236585
90	4.074711
90	2.420050
90	2.447288
90	4.516263
90	5.837098
90	5.530894
90	2.018023
90	3.788509
90	2.436878
90	1.838433
90	3.104954
90	2.733616
90	2.932599
90	10.000000
90	3.841722
90	3.092298
90	3.812420
90	1.928721
90	4.446670
90	3.801370
90	3.901437
90	2.108308
90	4.102067
90	4.335605
90	2.361578
90	10.000000
90	1.868998
90	4.697831
90	2.190264
90	2.813945
90	7.530598
90	2.081272
90	2.078799
90	5.768867
90	2.040902
90	2.051147
90	3.783206
90	2.130673
90	1.984214
90	2.974488
90	2.703844
90	2.846031
90	1.889586
90	4.144599
90	2.133050
90	10.000000
90	4.643747
90	10.000000
90	1.451750
90	4.257486
90	2.859847
90	4.097654
90	2.378795
90	10.000000
90	2.155950
90	1.991287
90	2.826743
90	1.914490
90	1.940852
90	2.066886
90	4.912829
90	2.936797
90	4.147062
90	2.128111
90	2.729942
90	2.316625
90	8.075855
90	4.219635
90	2.931021
90	1.972983
90	2.505906
90	1.982225
90	2.364699
90	4.273377
90	2.381041
90	2.055113
90	2.118154
90	2.520638
90	2.569718
90	1.309542
90	1.908327
90	1.858381
90	1.995537
90	2.130129
90	3.929611
90	10.000000
90	3.526906
90	2.355863
90	2.102743
90	1.695858
90	2.498049
90	1.915736
90	4.298895
90	2.765492
90	2.672195
90	4.867654
90	2.888247
90	5.183888
90	2.011047
90	2.621005
90	4.004179
90	2.789509
90	3.873715
90	10.000000
90	3.287792
90	1.520343
90	2.041376
90	3.979140
90	1.878262
90	2.194300
90	1.387230
90	2.156945
90	2.381726
90	3.645354
90	1.982343
90	2.258145
90	3.097462
90	2.794206
90	10.000000
90	2.340703
90	2.607207
90	2.261427
90	3.926965
90	2.807155
90	1.650078
90	10.000000
90	2.099904
90	6.654451
90	3.406569
90	3.305150
90	4.005695
90	1.935316
90	5.814434
90	2.042144
90	10.000000
90	2.180881
90	2.561691
90	2.095379
90	3.825021
90	7.454560
90	10.000000
90	3.139735
90	2.267880
90	2.099364
90	1.990383
90	3.304184
90	2.729825
90	1.985089
90	4.225305
90	3.953511
90	3.880018
90	10.000000
90	2.222717
90	1.338736
90	3.772738
90	5.176377
90	3.261646
90	2.979952
90	2.217457
90	7.661484
90	2.361577
90	3.224243
90	1.784845
90	4.042688
90	3.356078
90	2.142897
90	2.184285
90	10.495631
90	1.994801
90	2.419397
90	2.639015
90	10.000000
90	1.867874
90	2.537508
90	3.524461
90	4.335457
90	2.856909
90	2.141064
90	2.953954
90	2.672851
90	3.192443
90	2.642940
90	10.000000
90	3.934965
90	2.815577
90	3.759527
100	4.015595
100	2.736616
100	2.070150
100	2.714076
100	2.018136
100	3.405953
100	5.272113
100	3.901973
100	1.294819
100	2.400245
100	3.314070
100	2.078886
100	2.132003
100	2.883552
100	2.106831
100	2.202972
100	2.725673
100	5.019855
100	3.548425
100	2.855772
100	4.007774
100	2.110023
100	1.967384
100	2.014773
100	1.989008
100	2.042613
100	2.151651
100	3.103008
100	2.542090
100	2.240591
100	2.141591
100	2.077391
100	3.416739
100	3.632654
100	2.117451
100	1.978553
100	2.490780
100	5.401713
100	2.061685
100	2.904800
100	3.521363
100	2.745266
100	10.000000
100	1.893654
100	2.184827
100	6.350735
100	4.083084
100	2.135422
100	2.191921
100	2.449489
100	2.100067
100	4.032366
100	2.226383
100	3.351376
100	2.331374
100	11.830244
100	5.937527
100	2.910700
100	2.359280
100	3.653376
100	2.040474
100	3.005938
100	2.869864
100	2.412438
100	3.346742
100	2.767741
100	2.982217
100	4.251397
100	4.033737
100	2.167204
100	2.745330
100	2.490634
100	1.973223
100	2.280442
100	2.122136
100	4.092811
100	2.124694
100	4.117237
100	2.409119
100	2.718727
100	2.093276
100	2.769424
100	3.349084
100	1.895679
100	14.414883
100	5.465150
100	10.000000
100	3.768104
100	2.125217
100	3.613187
100	3.855316
100	2.981602
100	2.358656
100	2.172840
100	1.964218
100	2.134813
100	10.000000
100	4.213631
100	2.284317
100	4.207967
100	2.267755
100	3.177897
100	10.000000
100	2.049875
100	1.933342
100	4.297988
100	1.799796
100	1.879738
100	2.069114
100	3.912284
100	3.354402
100	2.440514
100	3.279233
100	4.412029
100	2.312470
100	3.979901
100	2.890498
100	1.993116
100	2.136808
100	2.243163
100	2.384131
100	3.001450
100	3.551545
100	1.783743
100	2.952435
100	2.188042
100	4.555131
100	9.160466
100	1.868720
100	2.099525
100	1.353615
100	2.578024
100	2.856245
100	2.353057
100	5.830115
100	2.558387
100	4.202821
100	4.187491
100	2.237750
100	2.979648
100	2.292648
100	2.582814
100	2.083329
100	10.000000
100	2.090051
100	2.108673
100	4.425359
100	10.000000
100	5.679647
100	10.000000
100	2.096263
100	2.522177
100	4.477700
100	2.076300
100	2.754006
100	1.980793
100	3.436657
100	2.667462
100	3.179696
100	2.167986
100	3.099627
100	10.000000
100	2.243705
100	5.354967
100	2.070304
100	3.999785
100	3.627971
100	2.124973
100	4.280817
100	3.092528
100	4.474974
100	3.449466
100	5.894849
100	3.915376
100	2.528675
100	3.132495
100	3.279517
100	5.815483
100	2.554650
100	3.733312
100	2.223543
100	2.973110
100	2.338525
100	2.566873
100	1.973250
100	2.383797
100	2.614274
100	2.546392
100	2.076577
100	4.061419
100	2.359709
100	2.204542
100	10.000000
100	2.326176
100	2.749397
100	3.001637
100	2.003758
100	2.537125
100	1.651329
100	2.090765
110	2.103469
110	2.118655
110	6.516405
110	1.610479
110	2.141031
110	3.688219
110	7.125647
110	2.075525
110	10.000000
110	2.035378
110	1.940705
110	4.048386
110	4.148137
110	2.444535
110	2.081486
110	1.094901
110	2.031799
110	2.808188
110	2.210012
110	2.840665
110	2.162390
110	13.959605
110	4.844504
110	2.944510
110	3.272686
110	1.908359
110	3.015252
110	3.080398
110	3.912631
110	3.827758
110	2.055931
110	2.177908
110	2.048204
110	2.311344
110	3.100244
110	2.700184
110	1.845960
110	3.142745
110	2.418751
110	2.077982
110	2.122908
110	5.651416
110	2.760670
110	3.113528
110	2.701413
110	3.822285
110	2.107679
110	2.010580
110	2.494732
110	2.399148
110	2.170830
110	4.005850
110	3.085951
110	2.808664
110	2.089100
110	2.216402
110	5.112477
110	3.567778
110	3.141525
110	2.026086
110	2.546072
110	3.771019
110	2.068380
110	10.000000
110	3.685809
110	2.965708
110	10.000000
110	4.120405
110	3.853498
110	3.397055
110	3.177182
110	2.174520
110	3.862868
110	4.693639
110	2.245887
110	4.000462
110	3.854744
110	2.826937
110	10.000000
110	2.442382
110	2.898574
110	4.098971
110	10.000000
110	4.078463
110	4.831787
110	3.027096
110	2.183143
110	2.099499
110	2.013486
110	10.000000
110	10.000000
110	4.289114
110	4.021880
110	2.002168
110	2.871366
110	2.267145
110	2.093863
110	3.956233
110	5.150791
110	10.000000
110	2.184338
110	3.866340
110	3.679201
110	1.948156
110	5.723837
110	4.066269
110	2.647694
110	2.135322
110	2.122167
110	2.126253
110	2.022555
110	1.882622
110	2.281519
110	2.074746
110	2.024126
110	2.413534
110	2.102238
110	2.645300
110	2.551521
110	2.105221
110	4.015425
110	10.000000
110	3.956544
110	11.977230
110	2.314966
110	1.867099
110	1.765892
110	2.761191
110	10.000000
110	2.123210
110	2.235565
110	2.069135
110	2.714568
110	4.373471
110	5.881257
110	2.690134
110	2.610394
110	6.648240
110	2.313822
110	2.303209
110	3.594118
110	3.142173
110	3.198217
110	6.970334
110	2.026905
110	2.160116
110	3.540392
110	5.975233
110	2.634417
110	2.592162
110	10.000000
110	2.603921
110	2.096739
110	3.020328
110	2.268072
110	2.057773
110	1.961538
110	2.587128
110	12.792592
110	3.096816
110	2.454446
110	10.000000
110	3.375752
110	3.742354
110	2.800909
110	1.997474
110	2.454411
110	3.204561
110	3.580211
110	2.626583
110	3.606552
110	10.000000
110	2.615489
110	1.758351
110	3.283096
110	2.991348
110	2.434690
110	3.470698
110	4.108037
110	3.703674
110	7.921440
110	10.000000
110	3.579411
110	3.138704
110	3.876644
110	10.000000
110	2.475373
110	1.621636
110	1.848336
110	2.837003
110	2.243156
110	2.455171
110	4.192041
110	2.153219
110	1.967183
110	3.220356
110	2.042542
110	1.954988
110	10.000000
110	2.110942
120	2.781172
120	2.090272
120	6.303011
120	2.103673
120	2.511285
120	3.636129
120	2.098011
120	3.909138
120	3.313929
120	2.270117
120	10.000000
120	2.490116
120	2.051655
120	10.000000
120	2.121428
120	2.195060
120	4.391142
120	7.196476
120	2.079291
120	2.149981
120	13.562104
120	4.176501
120	2.186180
120	2.457376
120	2.124159
120	3.056258
120	2.786613
120	4.280638
120	4.008803
120	5.565454
120	2.249844
120	2.172226
120	2.230390
120	3.916311
120	3.802202
120	2.603427
120	4.018477
120	3.626575
120	1.944979
120	4.566963
120	2.436683
120	1.919401
120	2.107532
120	10.000000
120	10.000000
120	2.085913
120	2.133743
120	2.040652
120	5.736273
120	2.065233
120	2.277226
120	3.970313
120	2.497068
120	2.511156
120	10.000000
120	8.739220
120	2.043563
120	10.000000
120	4.378397
120	2.179181
120	3.254772
120	1.750960
120	2.870005
120	2.076387
120	1.952665
120	2.308290
120	10.000000
120	2.107653
120	1.964971
120	2.085362
120	5.049035
120	2.630074
120	2.519292
120	2.058024
120	2.380524
120	3.112470
120	2.050617
120	4.013166
120	3.206042
120	3.935091
120	5.950874
120	2.936697
120	2.013992
120	2.243326
120	4.064868
120	3.520736
120	2.050237
120	2.929886
120	2.412901
120	2.054092
120	2.781046
120	2.026867
120	10.000000
120	2.375890
120	2.387270
120	2.066746
120	2.275363
120	2.071718
120	2.445857
120	2.920741
120	3.566067
120	2.774321
120	3.447018
120	2.119735
120	2.061151
120	2.169035
120	10.000000
120	2.249015
120	2.354657
120	4.200914
120	1.709827
120	3.849145
120	2.060330
120	3.876201
120	2.237566
120	2.121286
120	1.927920
120	2.073615
120	3.553909
120	4.859983
120	2.265976
120	3.254094
120	10.000000
120	2.063287
120	2.043543
120	4.054278
120	2.363704
120	2.655193
120	10.000000
120	2.182202
120	2.945661
120	10.000000
120	2.321972
120	2.130446
120	2.070651
120	3.888452
120	2.039434
120	2.785719
120	2.079363
120	6.714985
120	2.208622
120	2.359903
120	2.486618
120	2.581085
120	4.569179
120	2.409847
120	10.000000
120	2.116827
120	2.227664
120	4.434426
120	4.710966
120	4.065368
120	2.622350
120	3.692588
120	4.332393
120	2.769923
120	2.058277
120	3.183562
120	2.159263
120	2.477713
120	2.055427
120	5.690336
120	1.883015
120	3.409198
120	1.914788
120	1.882502
120	10.000000
120	4.139034
120	2.844304
120	2.360249
120	2.664875
120	2.307500
120	2.623060
120	3.856781
120	2.101663
120	2.292876
120	2.055964
120	1.458151
120	4.011145
120	1.964088
120	2.053475
120	3.872608
120	2.171237
120	24.264825
120	4.369524
120	10.000000
120	3.311802
120	2.546135
120	3.183871
120	2.396437
120	2.388361
120	2.932352
120	4.015527
120	2.207516
120	2.204502
120	2.240576
120	2.214775
120	2.188994
120	2.125300
120	2.673739
130	4.693983
130	2.019322
130	1.966802
130	2.044121
130	2.976818
130	2.974420
130	2.078038
130	4.392053
130	2.041438
130	2.906253
130	2.169134
130	2.106569
130	4.797508
130	2.800361
130	2.575231
130	3.854045
130	3.160762
130	2.375880
130	4.919197
130	2.562630
130	2.047944
130	10.000000
130	4.104541
130	4.182294
130	2.248525
130	8.801128
130	10.000000
130	2.646810
130	3.641542
130	2.077600
130	14.549753
130	2.038975
130	3.722515
130	2.614327
130	2.731160
130	2.150978
130	2.035961
130	2.574573
130	2.558536
130	2.487709
130	3.649243
130	2.110244
130	3.924493
130	2.078420
130	2.863837
130	2.201974
130	10.038256
130	3.447572
130	4.829343
130	3.807256
130	1.914125
130	4.169097
130	2.136918
130	2.820101
130	5.070911
130	4.190623
130	10.000000
130	2.342732
130	3.457123
130	2.066671
130	2.139121
130	6.599284
130	2.009394
130	2.215593
130	2.892591
130	2.313444
130	1.800409
130	2.150907
130	2.186577
130	2.159493
130	2.917719
130	2.088135
130	2.108888
130	2.022332
130	2.111575
130	2.170576
130	2.076930
130	2.111939
130	2.759919
130	10.000000
130	2.163411
130	2.810688
130	2.137540
130	3.118243
130	4.004381
130	10.000000
130	2.318957
130	5.911477
130	2.496583
130	10.000000
130	10.000000
130	3.764084
130	4.813385
130	2.697320
130	3.163071
130	2.187609
130	2.035711
130	2.791910
130	2.310661
130	5.672945
130	3.250891
130	2.721082
130	2.105524
130	2.896233
130	3.001130
130	2.184871
130	3.188160
130	3.694717
130	4.598310
130	2.428170
130	2.139199
130	2.842807
130	3.846757
130	10.000000
130	2.313472
130	2.815551
130	2.054725
130	2.229037
130	10.000000
130	3.941915
130	2.003439
130	5.544707
130	2.135567
130	3.119981
130	1.879500
130	2.449662
130	3.803887
130	2.032424
130	3.983100
130	2.626820
130	4.271706
130	2.698902
130	3.887712
130	4.146296
130	3.894340
130	19.085054
130	4.553959
130	1.777982
130	10.000000
130	2.567931
130	3.775461
130	2.004421
130	4.219738
130	3.506007
130	4.026885
130	3.901464
130	2.109209
130	4.225522
130	4.171738
130	1.986428
130	3.581832
130	2.069748
130	10.000000
130	4.349730
130	2.083744
130	2.125248
130	5.881460
130	10.000000
130	3.003925
130	2.652684
130	4.198777
130	2.078127
130	3.985125
130	3.981533
130	4.192310
130	2.750387
130	2.085292
130	2.428019
130	2.720417
130	2.927489
130	2.221970
130	4.689604
130	10.000000
130	2.911560
130	10.000000
130	2.105700
130	10.000000
130	2.907449
130	2.996802
130	3.913781
130	2.360298
130	2.045002
130	3.212837
130	2.318964
130	2.282250
130	3.747085
130	3.106134
130	2.570350
130	10.000000
130	3.501018
130	2.462632
130	3.888194
130	14.709694
130	2.074050
130	3.604489
130	2.564184
130	2.133460
130	2.324222
130	3.012640
130	2.981689
140	4.111266
140	2.761092
140	2.575889
140	4.121720
140	2.568341
140	2.061071
140	2.557727
140	2.712802
140	4.210378
140	2.078107
140	2.716781
140	4.320942
140	3.234529
140	2.796042
140	3.608642
140	3.453073
140	5.517693
140	2.225891
140	2.680522
140	2.454179
140	2.042261
140	2.086904
140	3.881858
140	3.096402
140	2.116978
140	2.584837
140	2.690502
140	4.253237
140	2.790196
140	10.000000
140	3.713652
140	6.756913
140	4.255516
140	2.677744
140	2.063496
140	3.515764
140	2.716227
140	1.857221
140	4.418304
140	5.007208
140	3.137624
140	2.469181
140	2.032603
140	2.418439
140	2.380968
140	2.291783
140	2.940076
140	2.207557
140	2.143565
140	4.129193
140	5.470342
140	2.085190
140	2.064064
140	3.241307
140	3.239327
140	2.226303
140	2.350062
140	3.817709
140	10.000000
140	1.995098
140	4.646951
140	2.446124
140	3.765517
140	3.404181
140	5.925184
140	2.542133
140	2.345699
140	3.771126
140	4.197721
140	10.000000
140	2.608704
140	18.257182
140	2.063843
140	2.942750
140	2.909007
140	2.099026
140	3.934945
140	2.154132
140	4.154061
140	2.907745
140	1.426928
140	10.000000
140	3.934649
140	2.569041
140	2.355618
140	10.000000
140	2.076450
140	3.978674
140	4.312784
140	5.526266
140	1.888585
140	4.077076
140	2.328296
140	3.727869
140	1.964217
140	2.260724
140	2.234038
140	2.084527
140	2.142463
140	2.132489
140	2.756876
140	4.028534
140	3.658779
140	1.908351
140	2.158809
140	3.732432
140	2.172195
140	2.418941
140	2.028224
140	2.683672
140	2.056303
140	2.847347
140	4.611520
140	4.042072
140	2.305255
140	4.194863
140	3.192905
140	2.939199
140	2.655152
140	5.846096
140	10.000000
140	2.138885
140	2.027151
140	2.354634
140	2.179726
140	2.210111
140	2.065559
140	2.094431
140	5.393770
140	2.142353
140	5.057715
140	2.249749
140	3.837467
140	3.082975
140	3.639145
140	2.929259
140	7.136420
140	3.170104
140	2.084437
140	2.962895
140	2.444393
140	2.127014
140	2.325655
140	2.991254
140	3.277945
140	2.046004
140	2.377161
140	1.873424
140	2.771158
140	2.389445
140	2.912466
140	3.054697
140	4.887393
140	10.000000
140	10.000000
140	2.557962
140	2.765003
140	2.096528
140	2.433380
140	4.082604
140	2.593447
140	1.949909
140	4.423182
140	4.727114
140	2.149926
140	3.167559
140	10.000000
140	2.444166
140	2.729165
140	2.095459
140	4.267497
140	2.101049
140	2.119868
140	2.202058
140	2.105141
140	3.614028
140	7.108547
140	10.000000
140	2.018905
140	2.070353
140	2.280275
140	10.788656
140	2.148579
140	2.041337
140	4.036054
140	5.058637
140	2.575651
140	2.333682
140	3.385161
140	2.503345
140	2.171822
140	2.894426
140	2.117604
140	3.442669
140	4.242588
140	3.623454
140	2.704340
140	2.379435
140	2.062603
140	5.494311
150	2.141946
150	2.172686
150	10.000000
150	2.307188
150	2.055500
150	1.525283
150	1.412797
150	1.869099
150	1.347347
150	1.342656
150	2.089643
150	2.099599
150	1.354607
150	1.384058
150	10.000000
150	2.025213
150	2.536817
150	10.000000
150	1.988909
150	1.735870
150	1.413245
150	1.421675
150	1.351380
150	1.413898
150	1.520057
150	1.543593
150	1.486087
150	1.377476
150	1.611952
150	1.255944
150	2.044967
150	1.602955
150	2.089930
150	10.000000
150	2.353101
150	1.394265
150	1.451035
150	0.994417
150	17.346438
150	1.426014
150	1.255727
150	2.189396
150	1.369955
150	1.253124
150	1.395310
150	1.757326
150	3.046029
150	1.627624
150	10.000000
150	1.099372
150	1.905827
150	1.482196
150	2.081580
150	1.377327
150	1.398903
150	2.568248
150	1.387568
150	10.000000
150	10.000000
150	1.733231
150	5.685183
150	2.074781
150	1.636787
150	10.000000
150	1.373422
150	1.813756
150	1.362950
150	10.000000
150	1.527508
150	10.000000
150	1.536456
150	1.641680
150	2.094340
150	2.044694
150	1.372428
150	2.115925
150	1.404536
150	10.000000
150	1.364854
150	2.110555
150	1.229795
150	2.087435
150	10.000000
150	1.694899
150	10.000000
150	2.095384
150	1.348399
150	1.380710
150	1.387799
150	1.682882
150	1.454150
150	1.350855
150	1.402467
150	1.399904
150	10.000000
150	1.384268
150	1.398696
150	1.834876
150	2.024928
150	10.000000
150	1.420993
150	1.381454
150	2.128659
150	10.000000
150	10.000000
150	1.368115
150	10.000000
150	1.400980
150	2.100658
150	2.531323
150	10.000000
150	1.969250
150	7.049670
150	7.326793
150	1.411998
150	2.126549
150	1.383230
150	1.412814
150	1.396821
150	1.383358
150	2.323641
150	2.309329
150	1.403825
150	2.728937
150	1.722124
150	1.627709
150	10.000000
150	1.570550
150	1.393973
150	1.306857
150	2.121952
150	3.827820
150	1.240203
150	2.127106
150	10.000000
150	2.106135
150	1.718829
150	1.394954
150	10.000000
150	2.025572
150	1.256625
150	1.398344
150	10.000000
150	1.416505
150	1.347336
150	1.382837
150	10.000000
150	1.318385
150	1.768795
150	1.395187
150	10.000000
150	1.426999
150	2.059219
150	1.402068
150	10.000000
150	2.073562
150	1.670002
150	1.205564
150	1.425531
150	10.000000
150	1.661886
150	10.000000
150	2.039509
150	1.401768
150	2.090403
150	1.309746
150	1.672169
150	1.643584
150	2.029371
150	2.662136
150	1.819721
150	1.419780
150	1.397493
150	1.118240
150	10.000000
150	1.362261
150	1.378815
150	1.547353
150	2.050871
150	7.403937
150	1.319272
150	1.375272
150	1.855705
150	2.171564
150	2.423184
150	2.022061
150	1.605941
150	1.717461
150	1.395972
150	1.403031
150	10.000000
150	1.780848
150	1.385836
150	1.396275
150	23.318865
150	2.093312
150	1.339984
150	1.851977
150	1.551136
150	1.540320
