10	0.002
10	0.449
10	0.280
10	0.001
10	0.166
10	0.173
10	0.078
10	0.154
10	0.390
10	0.600
10	0.012
10	0.016
10	0.333
10	0.339
10	0.062
10	0.647
10	0.007
10	0.229
10	0.435
10	0.009
10	0.022
10	0.153
10	0.286
10	0.000
10	0.000
10	0.211
10	0.321
10	0.146
10	0.164
10	0.608
10	0.084
10	0.303
10	0.125
10	0.291
10	0.010
10	0.023
10	0.123
10	0.002
10	0.031
10	0.004
10	0.335
10	0.113
10	0.010
10	0.002
10	0.014
10	0.133
10	0.000
10	0.014
10	0.333
10	0.251
10	0.449
10	0.000
10	0.316
10	0.002
10	0.164
10	0.000
10	0.001
10	0.001
10	0.036
10	0.013
10	0.379
10	0.212
10	0.002
10	0.042
10	0.476
10	0.012
10	0.168
10	0.523
10	0.001
10	0.003
10	0.510
10	0.010
10	0.004
10	0.337
10	0.319
10	0.261
10	0.592
10	0.580
10	0.002
10	0.022
10	0.092
10	0.016
10	0.346
10	0.003
10	0.006
10	0.045
10	0.002
10	0.000
10	0.002
10	0.214
10	0.355
10	0.035
10	0.447
10	0.275
10	0.360
10	0.142
10	0.000
10	0.012
10	0.002
10	0.017
10	0.186
10	0.174
10	0.200
10	0.486
10	0.266
10	0.399
10	0.051
10	0.010
10	0.486
10	0.442
10	0.031
10	0.019
10	0.175
10	0.430
10	0.003
10	0.009
10	0.305
10	0.188
10	0.010
10	0.413
10	0.002
10	0.073
10	0.352
10	0.002
10	0.002
10	0.352
10	0.406
10	0.234
10	0.288
10	0.252
10	0.000
10	0.430
10	0.083
10	0.002
10	0.254
10	0.599
10	0.012
10	0.286
10	0.363
10	0.492
10	0.181
10	0.217
10	0.078
10	0.004
10	0.153
10	0.334
10	0.338
10	0.393
10	0.003
10	0.211
10	0.013
10	0.001
10	0.408
10	0.031
10	0.133
10	0.001
10	0.203
10	0.003
10	0.392
10	0.327
10	0.017
10	0.050
10	0.048
10	0.041
10	0.168
10	0.026
10	0.012
10	0.074
10	0.012
10	0.054
10	0.032
10	0.099
10	0.167
10	0.209
10	0.000
10	0.183
10	0.026
10	0.093
10	0.002
10	0.072
10	0.096
10	0.504
10	0.022
10	0.392
10	0.095
10	0.053
10	0.389
10	0.014
10	0.002
10	0.120
10	0.234
10	0.154
10	0.028
10	0.417
10	0.019
10	0.047
10	0.002
10	0.162
10	0.021
10	0.298
20	0.246
20	0.547
20	0.011
20	0.394
20	0.298
20	0.229
20	0.067
20	0.001
20	0.013
20	0.392
20	0.278
20	0.706
20	0.018
20	0.008
20	0.104
20	0.284
20	0.003
20	0.804
20	0.014
20	0.902
20	0.000
20	0.034
20	0.000
20	0.003
20	0.023
20	0.531
20	0.189
20	0.001
20	0.007
20	0.001
20	0.058
20	0.092
20	0.426
20	0.549
20	0.000
20	0.295
20	0.443
20	0.000
20	0.145
20	0.063
20	0.001
20	0.384
20	0.808
20	0.017
20	0.001
20	0.356
20	0.188
20	0.080
20	0.001
20	0.003
20	0.350
20	0.188
20	0.141
20	0.414
20	0.326
20	0.131
20	0.518
20	0.016
20	0.383
20	0.239
20	0.213
20	0.513
20	0.038
20	0.001
20	0.812
20	0.002
20	0.766
20	0.007
20	0.023
20	0.433
20	0.024
20	0.877
20	0.020
20	0.050
20	0.460
20	0.999
20	0.026
20	0.000
20	0.095
20	0.086
20	0.629
20	0.002
20	0.315
20	0.033
20	0.002
20	0.401
20	0.212
20	0.297
20	0.067
20	0.021
20	0.454
20	0.406
20	0.034
20	0.017
20	0.010
20	0.001
20	0.259
20	0.056
20	0.002
20	0.032
20	0.117
20	0.001
20	0.353
20	0.301
20	0.558
20	0.536
20	0.027
20	0.020
20	0.155
20	0.240
20	0.168
20	0.009
20	0.300
20	0.257
20	0.051
20	0.000
20	0.482
20	0.387
20	0.360
20	0.501
20	0.000
20	0.238
20	0.695
20	0.177
20	0.698
20	0.043
20	0.070
20	0.227
20	0.081
20	0.000
20	0.001
20	0.339
20	0.522
20	0.001
20	0.000
20	0.001
20	0.371
20	0.075
20	0.007
20	0.319
20	0.323
20	0.005
20	0.180
20	0.679
20	0.534
20	0.002
20	0.652
20	0.001
20	0.377
20	0.050
20	0.018
20	0.487
20	0.315
20	0.181
20	0.241
20	0.506
20	0.058
20	0.264
20	0.209
20	0.005
20	0.372
20	0.165
20	0.159
20	0.006
20	0.216
20	0.270
20	0.016
20	0.008
20	0.338
20	0.029
20	0.286
20	0.113
20	0.000
20	0.382
20	0.406
20	0.013
20	0.022
20	0.107
20	0.121
20	0.004
20	0.198
20	0.098
20	0.076
20	0.009
20	0.018
20	0.018
20	0.405
20	0.148
20	0.074
20	0.180
20	0.234
20	0.259
20	0.015
20	0.001
20	0.026
20	0.434
20	0.235
20	0.470
20	0.000
20	0.566
30	0.468
30	0.205
30	0.419
30	0.679
30	0.000
30	0.196
30	0.611
30	0.385
30	0.191
30	0.001
30	0.000
30	0.147
30	0.369
30	0.045
30	0.246
30	0.450
30	0.131
30	0.271
30	0.645
30	0.004
30	0.174
30	0.228
30	0.192
30	0.000
30	0.582
30	0.008
30	0.687
30	0.168
30	0.004
30	0.496
30	0.589
30	0.080
30	0.469
30	0.415
30	0.004
30	0.001
30	0.431
30	0.001
30	0.381
30	0.092
30	0.501
30	0.000
30	0.185
30	0.574
30	0.002
30	0.029
30	0.746
30	0.001
30	0.280
30	0.159
30	0.000
30	0.058
30	0.113
30	0.203
30	0.001
30	0.207
30	0.605
30	0.405
30	0.184
30	0.199
30	0.005
30	0.000
30	0.056
30	0.384
30	0.225
30	0.038
30	0.198
30	0.323
30	0.191
30	0.000
30	0.525
30	0.427
30	0.066
30	0.226
30	0.065
30	0.000
30	0.130
30	0.304
30	0.035
30	0.130
30	0.492
30	0.070
30	0.001
30	0.049
30	0.161
30	0.005
30	0.150
30	0.058
30	0.000
30	0.315
30	0.054
30	0.054
30	0.179
30	0.000
30	0.640
30	0.000
30	0.042
30	0.118
30	0.182
30	0.340
30	0.000
30	0.249
30	0.246
30	0.280
30	0.004
30	0.298
30	0.001
30	0.422
30	0.716
30	0.346
30	0.315
30	0.111
30	0.540
30	0.167
30	0.546
30	0.105
30	0.089
30	0.239
30	0.076
30	0.000
30	0.344
30	0.782
30	0.117
30	0.344
30	0.001
30	0.261
30	0.250
30	0.461
30	0.049
30	0.015
30	0.179
30	0.573
30	0.031
30	0.004
30	0.476
30	0.323
30	0.616
30	0.000
30	0.076
30	0.009
30	0.426
30	0.246
30	0.001
30	0.316
30	0.016
30	0.217
30	0.638
30	0.024
30	0.030
30	0.108
30	0.007
30	0.416
30	0.301
30	0.058
30	0.009
30	0.847
30	0.111
30	0.167
30	0.393
30	0.297
30	0.315
30	0.145
30	0.088
30	0.288
30	0.000
30	0.475
30	0.038
30	0.338
30	0.486
30	0.005
30	0.047
30	0.150
30	0.426
30	0.074
30	0.095
30	0.031
30	0.011
30	0.227
30	0.253
30	0.298
30	0.001
30	0.161
30	0.232
30	0.121
30	0.175
30	0.013
30	0.046
30	0.004
30	0.000
30	0.001
30	0.001
30	0.209
30	0.009
30	0.001
30	0.008
30	0.054
30	0.330
30	0.250
30	0.010
30	0.123
40	0.236
40	0.115
40	0.120
40	0.305
40	0.157
40	0.133
40	0.582
40	0.124
40	0.224
40	0.821
40	0.195
40	0.311
40	0.000
40	0.166
40	0.000
40	0.039
40	0.537
40	0.235
40	0.318
40	0.092
40	0.017
40	0.006
40	0.014
40	0.659
40	0.312
40	0.016
40	0.599
40	0.070
40	0.375
40	0.567
40	0.048
40	0.170
40	0.071
40	0.142
40	0.003
40	0.193
40	0.407
40	0.538
40	0.265
40	0.379
40	0.176
40	0.000
40	0.000
40	0.364
40	0.346
40	0.358
40	0.005
40	0.158
40	0.308
40	0.076
40	0.204
40	0.042
40	0.334
40	0.000
40	0.103
40	0.000
40	0.188
40	0.260
40	0.129
40	0.422
40	0.111
40	0.331
40	0.194
40	0.480
40	0.126
40	0.261
40	0.141
40	0.254
40	0.910
40	0.341
40	0.001
40	0.009
40	0.006
40	0.420
40	0.216
40	0.135
40	0.027
40	0.828
40	0.123
40	0.118
40	0.061
40	0.000
40	0.864
40	0.056
40	0.097
40	0.838
40	0.021
40	0.370
40	0.429
40	0.028
40	0.300
40	0.436
40	0.501
40	0.247
40	0.115
40	0.705
40	0.267
40	0.657
40	0.086
40	0.292
40	0.386
40	0.347
40	0.000
40	0.162
40	0.003
40	0.084
40	0.181
40	0.218
40	0.003
40	0.206
40	0.514
40	0.000
40	0.694
40	0.000
40	0.087
40	0.284
40	0.053
40	0.192
40	0.486
40	0.506
40	0.001
40	0.425
40	0.006
40	0.308
40	0.000
40	0.032
40	0.219
40	0.116
40	0.000
40	0.108
40	0.389
40	0.241
40	0.001
40	0.002
40	0.174
40	0.004
40	0.234
40	0.000
40	0.320
40	0.256
40	0.027
40	0.506
40	0.204
40	0.000
40	0.062
40	0.095
40	0.093
40	0.075
40	0.366
40	0.257
40	0.316
40	0.386
40	0.000
40	0.341
40	0.515
40	0.579
40	0.223
40	0.211
40	0.132
40	0.350
40	0.370
40	0.403
40	0.047
40	0.264
40	0.188
40	0.819
40	0.021
40	0.247
40	0.086
40	0.793
40	0.010
40	0.612
40	0.213
40	0.256
40	0.011
40	0.171
40	0.143
40	0.908
40	0.238
40	0.001
40	0.757
40	0.070
40	0.278
40	0.051
40	0.249
40	0.197
40	0.295
40	0.138
40	0.109
40	0.142
40	0.335
40	0.251
40	0.103
40	0.234
40	0.023
40	0.487
40	0.001
40	0.235
40	0.028
40	0.241
50	0.767
50	0.237
50	0.548
50	0.533
50	0.000
50	0.573
50	0.209
50	0.599
50	0.336
50	0.619
50	0.244
50	0.323
50	0.431
50	0.365
50	0.536
50	0.443
50	0.325
50	0.360
50	0.599
50	0.230
50	0.221
50	0.000
50	0.319
50	0.274
50	0.274
50	0.476
50	0.109
50	0.327
50	0.168
50	0.128
50	0.425
50	0.573
50	0.262
50	0.522
50	0.508
50	0.244
50	0.467
50	0.625
50	0.446
50	0.302
50	0.584
50	0.209
50	0.189
50	0.531
50	0.252
50	0.595
50	0.523
50	0.573
50	0.366
50	0.493
50	0.106
50	0.132
50	0.378
50	0.390
50	0.399
50	0.210
50	0.210
50	0.575
50	0.274
50	0.521
50	0.660
50	0.000
50	0.397
50	0.538
50	0.203
50	0.600
50	0.190
50	0.071
50	0.432
50	0.245
50	0.581
50	0.234
50	0.429
50	0.275
50	0.166
50	0.231
50	0.292
50	0.396
50	0.500
50	0.383
50	0.144
50	0.593
50	0.142
50	0.107
50	0.236
50	0.084
50	0.629
50	0.152
50	0.657
50	0.675
50	0.521
50	0.196
50	0.186
50	0.295
50	0.356
50	0.125
50	0.305
50	0.866
50	0.324
50	0.280
50	0.189
50	0.314
50	0.575
50	0.726
50	0.402
50	0.281
50	0.572
50	0.115
50	0.357
50	0.159
50	0.665
50	0.499
50	0.654
50	0.325
50	0.227
50	0.131
50	0.141
50	0.441
50	0.229
50	0.337
50	0.352
50	0.768
50	0.976
50	0.612
50	0.242
50	0.501
50	0.395
50	0.586
50	0.866
50	0.259
50	0.318
50	0.247
50	0.284
50	0.155
50	0.405
50	0.607
50	0.121
50	0.489
50	0.192
50	0.000
50	0.752
50	0.429
50	0.821
50	0.492
50	0.109
50	0.126
50	0.379
50	0.206
50	0.430
50	0.247
50	0.222
50	0.381
50	0.191
50	0.176
50	0.233
50	0.602
50	0.331
50	0.312
50	0.553
50	0.018
50	0.431
50	0.380
50	0.370
50	0.281
50	0.602
50	0.358
50	0.339
50	0.070
50	0.302
50	0.371
50	0.058
50	0.227
50	0.427
50	0.383
50	0.565
50	0.235
50	0.678
50	0.507
50	0.345
50	0.583
50	0.229
50	0.000
50	0.261
50	0.289
50	0.317
50	0.384
50	0.114
50	0.078
50	0.403
50	0.337
50	0.543
50	0.028
50	0.364
50	0.451
50	0.147
50	0.294
50	0.043
50	0.163
50	0.454
50	0.173
60	0.248
60	0.552
60	0.584
60	0.455
60	0.453
60	0.430
60	0.474
60	0.393
60	0.503
60	0.296
60	0.653
60	0.480
60	0.501
60	0.365
60	0.467
60	0.000
60	0.368
60	0.662
60	0.265
60	0.677
60	0.739
60	0.265
60	0.437
60	0.242
60	0.620
60	0.629
60	0.629
60	0.531
60	0.409
60	0.529
60	0.685
60	0.504
60	0.307
60	0.450
60	0.324
60	0.775
60	0.559
60	0.378
60	0.758
60	0.623
60	0.535
60	0.475
60	0.373
60	0.383
60	0.657
60	0.400
60	0.414
60	0.344
60	0.720
60	0.294
60	0.585
60	0.301
60	0.481
60	0.501
60	0.765
60	0.470
60	0.694
60	0.498
60	0.393
60	0.000
60	0.487
60	0.618
60	0.340
60	0.258
60	0.415
60	0.313
60	0.674
60	0.000
60	0.850
60	0.292
60	0.499
60	0.817
60	0.445
60	0.514
60	0.843
60	0.487
60	0.166
60	0.370
60	0.453
60	0.655
60	0.665
60	0.703
60	0.677
60	0.804
60	0.623
60	0.551
60	0.431
60	0.749
60	0.167
60	0.628
60	0.352
60	0.250
60	0.598
60	0.314
60	0.252
60	0.497
60	0.444
60	0.580
60	0.634
60	0.766
60	0.206
60	0.614
60	0.442
60	0.634
60	0.520
60	0.668
60	0.309
60	0.625
60	0.435
60	0.292
60	0.634
60	0.714
60	0.628
60	0.860
60	0.508
60	0.304
60	0.506
60	0.270
60	0.551
60	0.742
60	0.372
60	0.458
60	0.368
60	0.242
60	0.485
60	0.764
60	0.457
60	0.316
60	0.570
60	0.505
60	0.449
60	0.550
60	0.556
60	0.330
60	0.592
60	0.264
60	0.633
60	0.422
60	0.744
60	0.460
60	0.415
60	0.568
60	0.486
60	0.514
60	0.437
60	0.360
60	0.380
60	0.550
60	0.427
60	0.629
60	0.793
60	0.679
60	0.294
60	0.738
60	0.382
60	0.253
60	0.541
60	0.423
60	0.431
60	0.389
60	0.413
60	0.617
60	0.453
60	0.398
60	0.278
60	0.347
60	0.407
60	0.471
60	0.619
60	0.506
60	0.404
60	0.458
60	0.503
60	0.246
60	0.457
60	0.235
60	0.529
60	0.451
60	0.512
60	0.620
60	0.724
60	0.349
60	0.255
60	0.346
60	0.347
60	0.387
60	0.565
60	0.640
60	0.351
60	0.519
60	0.504
60	0.462
60	0.402
60	0.464
60	0.583
60	0.430
60	0.495
60	0.395
60	0.280
60	0.401
70	0.678
70	0.607
70	0.441
70	0.873
70	0.482
70	0.810
70	0.732
70	0.698
70	0.578
70	0.366
70	0.477
70	0.401
70	0.653
70	0.635
70	0.530
70	0.529
70	0.324
70	0.300
70	0.580
70	0.571
70	0.453
70	0.378
70	0.829
70	0.689
70	0.679
70	0.552
70	0.566
70	0.503
70	0.669
70	0.807
70	0.817
70	0.594
70	0.379
70	0.835
70	0.345
70	0.417
70	0.500
70	0.434
70	0.482
70	0.563
70	0.418
70	0.498
70	0.640
70	0.397
70	0.686
70	0.509
70	0.526
70	0.677
70	0.379
70	0.542
70	0.590
70	0.549
70	0.608
70	0.440
70	0.411
70	0.342
70	0.376
70	0.437
70	0.340
70	0.528
70	0.564
70	0.467
70	0.543
70	0.472
70	0.586
70	0.486
70	0.570
70	0.820
70	0.496
70	0.647
70	0.378
70	0.588
70	0.570
70	0.408
70	0.761
70	0.607
70	0.798
70	0.416
70	0.563
70	0.501
70	0.520
70	0.817
70	0.542
70	0.793
70	0.472
70	0.601
70	0.698
70	0.545
70	0.619
70	0.593
70	0.620
70	0.659
70	0.481
70	0.746
70	0.603
70	0.410
70	0.492
70	0.600
70	0.752
70	0.611
70	0.554
70	0.380
70	0.641
70	0.717
70	0.477
70	0.622
70	0.587
70	0.380
70	0.439
70	0.631
70	0.536
70	0.605
70	0.387
70	0.428
70	0.465
70	0.625
70	0.515
70	0.742
70	0.510
70	0.410
70	0.373
70	0.515
70	0.663
70	0.513
70	0.467
70	0.408
70	0.283
70	0.519
70	0.717
70	0.456
70	0.693
70	0.403
70	0.624
70	0.570
70	0.236
70	0.000
70	0.000
70	0.420
70	0.373
70	0.438
70	0.587
70	0.627
70	0.427
70	0.608
70	0.582
70	0.459
70	0.757
70	0.404
70	0.379
70	0.717
70	0.612
70	0.391
70	0.336
70	0.648
70	0.378
70	0.496
70	0.487
70	0.604
70	0.570
70	0.437
70	0.458
70	0.422
70	0.379
70	0.501
70	0.597
70	0.811
70	0.479
70	0.525
70	0.384
70	0.585
70	0.336
70	0.511
70	0.594
70	0.503
70	0.383
70	0.644
70	0.412
70	0.524
70	0.386
70	0.451
70	0.558
70	0.371
70	0.477
70	0.718
70	0.628
70	0.443
70	0.540
70	0.448
70	0.546
70	0.557
70	0.464
70	0.454
70	0.427
70	0.331
70	0.581
70	0.470
70	0.639
70	0.533
70	0.523
70	0.601
80	0.646
80	0.570
80	0.640
80	0.883
80	0.362
80	0.740
80	0.596
80	0.601
80	0.999
80	0.591
80	0.398
80	0.984
80	0.965
80	0.797
80	0.662
80	0.991
80	0.841
80	0.752
80	0.705
80	0.783
80	0.987
80	0.988
80	1.000
80	0.647
80	0.993
80	0.464
80	0.624
80	0.533
80	0.583
80	0.810
80	0.488
80	0.688
80	0.451
80	0.839
80	0.968
80	0.604
80	0.303
80	0.504
80	0.370
80	0.756
80	0.646
80	0.834
80	0.637
80	0.608
80	0.566
80	0.564
80	0.333
80	0.987
80	0.959
80	0.843
80	0.658
80	0.710
80	0.433
80	0.976
80	0.464
80	0.659
80	0.990
80	0.696
80	0.922
80	0.680
80	0.652
80	1.000
80	0.688
80	0.738
80	0.881
80	0.125
80	0.282
80	0.465
80	0.268
80	0.558
80	0.873
80	0.740
80	0.403
80	0.723
80	0.592
80	0.637
80	0.475
80	0.519
80	0.509
80	0.632
80	0.723
80	1.000
80	0.505
80	0.278
80	0.535
80	0.529
80	0.604
80	0.633
80	0.600
80	0.991
80	0.627
80	0.988
80	0.567
80	0.454
80	0.607
80	0.903
80	0.556
80	0.647
80	0.361
80	0.601
80	0.550
80	0.987
80	0.786
80	0.808
80	0.324
80	0.478
80	0.817
80	0.583
80	0.935
80	0.548
80	0.919
80	0.256
80	0.488
80	0.621
80	0.460
80	0.984
80	0.594
80	0.529
80	0.813
80	0.717
80	0.702
80	0.698
80	0.826
80	0.698
80	0.168
80	1.000
80	0.864
80	0.810
80	0.466
80	0.447
80	0.593
80	0.447
80	0.407
80	0.495
80	0.675
80	0.299
80	0.765
80	0.799
80	0.987
80	0.897
80	0.561
80	0.339
80	0.758
80	0.652
80	0.607
80	0.189
80	0.940
80	0.502
80	0.969
80	0.593
80	0.572
80	0.595
80	0.966
80	0.741
80	0.397
80	0.786
80	0.752
80	0.219
80	0.850
80	0.741
80	0.647
80	0.998
80	0.521
80	0.875
80	0.663
80	0.937
80	0.877
80	0.913
80	0.941
80	1.000
80	0.659
80	0.576
80	0.492
80	0.991
80	0.492
80	0.356
80	0.645
80	0.669
80	0.989
80	0.210
80	0.291
80	0.831
80	0.660
80	0.696
80	0.824
80	0.288
80	0.409
80	0.578
80	0.744
80	0.874
80	0.988
80	1.000
80	0.766
80	0.668
80	0.762
80	0.932
80	0.987
80	0.740
80	0.064
80	0.536
90	0.880
90	0.789
90	0.923
90	0.773
90	0.494
90	0.584
90	0.738
90	0.530
90	0.899
90	0.395
90	0.413
90	0.612
90	0.927
90	0.684
90	0.789
90	0.812
90	0.761
90	0.714
90	0.895
90	0.896
90	0.987
90	0.695
90	0.614
90	0.528
90	0.682
90	0.644
90	0.512
90	0.822
90	0.773
90	0.961
90	0.316
90	0.694
90	0.973
90	0.655
90	0.984
90	0.589
90	0.564
90	0.117
90	0.641
90	0.644
90	0.677
90	0.711
90	0.866
90	0.881
90	0.739
90	0.877
90	0.737
90	0.756
90	0.617
90	0.238
90	0.897
90	0.464
90	0.541
90	0.931
90	0.539
90	0.650
90	0.615
90	0.914
90	0.901
90	0.954
90	0.984
90	0.786
90	0.688
90	0.784
90	0.560
90	0.308
90	0.637
90	0.748
90	0.571
90	0.804
90	0.433
90	0.907
90	0.958
90	0.913
90	0.486
90	0.978
90	0.595
90	0.269
90	0.857
90	0.437
90	0.908
90	0.941
90	0.975
90	0.975
90	0.990
90	0.438
90	0.662
90	0.454
90	0.877
90	0.662
90	0.609
90	0.988
90	0.782
90	0.496
90	0.990
90	0.834
90	0.698
90	0.731
90	0.506
90	0.240
90	0.984
90	0.747
90	0.257
90	0.696
90	0.790
90	0.797
90	0.564
90	0.992
90	0.938
90	0.454
90	0.179
90	0.612
90	0.385
90	0.643
90	0.672
90	0.941
90	0.584
90	0.531
90	0.967
90	1.000
90	0.864
90	0.874
90	0.834
90	0.560
90	0.492
90	0.490
90	0.791
90	0.305
90	0.665
90	0.851
90	0.534
90	0.805
90	0.705
90	0.791
90	0.550
90	0.830
90	0.729
90	0.607
90	0.697
90	0.717
90	0.984
90	0.721
90	1.000
90	0.838
90	0.418
90	0.948
90	0.780
90	1.000
90	0.961
90	0.737
90	0.640
90	0.807
90	0.563
90	0.796
90	0.662
90	0.579
90	0.909
90	0.960
90	0.260
90	0.561
90	0.845
90	0.843
90	0.975
90	0.572
90	0.976
90	0.787
90	0.740
90	0.427
90	0.328
90	0.650
90	0.428
90	0.685
90	0.583
90	0.279
90	0.474
90	0.982
90	0.383
90	0.698
90	0.412
90	0.317
90	0.330
90	0.804
90	0.760
90	0.568
90	0.771
90	0.593
90	0.311
90	0.905
90	0.474
90	0.487
90	0.762
90	0.742
90	0.655
90	0.574
90	0.870
90	0.802
90	0.983
90	0.615
90	0.806
90	0.831
100	0.880
100	0.640
100	0.892
100	0.905
100	0.812
100	0.622
100	0.978
100	0.731
100	0.545
100	0.696
100	0.738
100	0.448
100	0.378
100	0.741
100	0.587
100	0.513
100	0.868
100	0.771
100	0.449
100	0.803
100	0.340
100	0.836
100	0.811
100	0.924
100	0.873
100	0.433
100	0.473
100	0.983
100	0.920
100	0.808
100	0.683
100	0.538
100	0.745
100	0.604
100	0.593
100	0.779
100	0.651
100	0.844
100	0.746
100	0.830
100	0.672
100	0.716
100	0.751
100	0.584
100	0.385
100	0.744
100	0.876
100	0.434
100	0.738
100	0.796
100	0.644
100	0.756
100	0.744
100	0.487
100	0.808
100	0.936
100	0.680
100	1.000
100	0.865
100	0.813
100	0.658
100	0.728
100	0.665
100	0.387
100	0.820
100	0.957
100	0.993
100	0.900
100	0.783
100	0.703
100	0.873
100	0.659
100	0.976
100	0.613
100	0.904
100	0.717
100	0.720
100	0.800
100	0.676
100	0.989
100	0.880
100	0.223
100	0.896
100	0.785
100	0.579
100	0.589
100	0.972
100	0.878
100	0.591
100	0.383
100	0.424
100	0.934
100	0.732
100	0.766
100	0.785
100	0.911
100	0.646
100	0.889
100	0.979
100	0.731
100	0.871
100	0.769
100	0.356
100	0.978
100	0.424
100	0.981
100	0.505
100	0.648
100	0.777
100	0.930
100	0.874
100	0.793
100	0.815
100	0.494
100	0.530
100	0.862
100	0.941
100	0.850
100	0.602
100	1.000
100	0.581
100	0.994
100	0.784
100	0.908
100	0.883
100	0.587
100	0.941
100	0.924
100	0.589
100	0.798
100	0.724
100	0.713
100	0.480
100	0.668
100	0.761
100	0.989
100	0.623
100	0.930
100	0.624
100	0.769
100	0.626
100	0.964
100	0.973
100	0.967
100	0.609
100	0.588
100	0.953
100	0.650
100	0.627
100	0.686
100	0.752
100	0.627
100	0.546
100	0.793
100	1.000
100	0.400
100	0.507
100	0.919
100	0.811
100	0.611
100	0.793
100	0.992
100	0.656
100	0.524
100	0.951
100	0.600
100	0.682
100	0.338
100	0.655
100	0.488
100	0.989
100	0.931
100	0.493
100	0.501
100	0.703
100	0.615
100	0.728
100	0.642
100	0.880
100	0.704
100	0.219
100	0.654
100	0.826
100	0.862
100	0.992
100	0.526
100	0.726
100	1.000
100	0.980
100	0.969
100	0.856
100	0.852
100	0.457
100	0.368
100	0.766
100	0.373
100	0.466
100	0.791
100	0.855
100	0.623
110	0.992
110	0.719
110	0.816
110	0.749
110	0.281
110	0.639
110	0.469
110	0.440
110	0.847
110	0.565
110	1.000
110	0.828
110	0.703
110	0.986
110	0.865
110	0.874
110	0.686
110	0.998
110	0.378
110	0.330
110	0.662
110	0.839
110	0.879
110	0.636
110	0.663
110	0.767
110	0.989
110	0.359
110	0.519
110	0.569
110	0.475
110	0.871
110	0.550
110	0.623
110	1.000
110	0.678
110	0.984
110	0.689
110	0.953
110	0.928
110	0.995
110	0.800
110	0.599
110	0.504
110	1.000
110	0.947
110	0.705
110	0.782
110	0.800
110	0.485
110	0.979
110	0.795
110	1.000
110	0.725
110	0.698
110	0.986
110	0.913
110	0.835
110	0.451
110	0.792
110	1.000
110	0.587
110	0.735
110	0.576
110	0.983
110	0.880
110	0.680
110	0.817
110	0.944
110	0.521
110	0.692
110	0.975
110	0.703
110	0.742
110	0.990
110	0.813
110	0.721
110	0.775
110	0.349
110	0.854
110	0.721
110	0.690
110	0.667
110	0.895
110	0.908
110	0.660
110	1.000
110	0.619
110	0.619
110	0.712
110	0.804
110	0.692
110	0.767
110	0.893
110	0.670
110	0.552
110	0.951
110	0.741
110	0.494
110	0.550
110	0.986
110	0.791
110	0.778
110	0.867
110	0.514
110	0.752
110	0.835
110	0.792
110	0.517
110	0.272
110	0.516
110	0.979
110	0.682
110	0.824
110	0.900
110	0.949
110	0.811
110	0.771
110	0.986
110	0.622
110	0.608
110	0.738
110	0.944
110	0.728
110	0.891
110	0.708
110	0.985
110	0.720
110	0.668
110	0.652
110	0.685
110	0.948
110	0.759
110	0.720
110	0.997
110	0.807
110	0.522
110	0.764
110	0.782
110	0.813
110	0.904
110	0.723
110	0.819
110	0.992
110	0.968
110	0.851
110	1.000
110	0.679
110	0.705
110	0.794
110	0.988
110	1.000
110	0.538
110	0.748
110	0.785
110	0.909
110	0.612
110	0.989
110	0.776
110	0.690
110	0.613
110	0.757
110	0.451
110	0.515
110	0.789
110	0.749
110	0.966
110	0.620
110	0.882
110	0.745
110	0.811
110	1.000
110	0.816
110	0.758
110	0.926
110	0.803
110	0.915
110	0.705
110	0.598
110	0.671
110	0.565
110	0.564
110	0.859
110	0.894
110	0.831
110	0.993
110	0.777
110	0.807
110	0.747
110	0.990
110	0.683
110	0.865
110	0.710
110	0.556
110	0.772
110	1.000
110	0.633
110	0.617
110	0.531
110	0.880
120	0.846
120	0.994
120	0.625
120	0.769
120	0.710
120	0.775
120	0.668
120	0.876
120	0.940
120	0.842
120	0.785
120	0.905
120	0.709
120	0.913
120	0.990
120	1.000
120	0.882
120	0.732
120	0.632
120	0.634
120	0.888
120	0.672
120	0.851
120	0.621
120	0.951
120	0.994
120	0.792
120	0.334
120	0.999
120	1.000
120	0.780
120	0.782
120	0.669
120	0.930
120	0.426
120	0.677
120	0.529
120	0.584
120	0.796
120	0.824
120	0.724
120	0.740
120	0.939
120	0.622
120	0.995
120	0.815
120	0.973
120	0.748
120	0.755
120	0.845
120	0.682
120	0.988
120	0.735
120	0.848
120	0.617
120	0.944
120	0.557
120	0.815
120	0.825
120	0.730
120	0.632
120	0.977
120	0.805
120	0.978
120	0.831
120	0.688
120	1.000
120	0.604
120	0.954
120	0.924
120	0.715
120	0.818
120	0.979
120	0.820
120	0.870
120	0.547
120	0.667
120	0.862
120	0.990
120	0.485
120	0.846
120	0.991
120	0.482
120	0.591
120	0.796
120	0.778
120	0.868
120	0.552
120	0.737
120	0.654
120	0.750
120	0.657
120	0.980
120	0.772
120	0.909
120	0.779
120	0.639
120	0.731
120	0.880
120	0.575
120	0.670
120	0.718
120	0.852
120	0.800
120	0.847
120	0.793
120	0.577
120	0.908
120	0.714
120	0.987
120	0.864
120	0.765
120	0.890
120	0.679
120	0.773
120	0.734
120	0.733
120	0.548
120	0.846
120	0.807
120	0.699
120	0.637
120	0.935
120	0.970
120	0.766
120	0.957
120	0.619
120	0.608
120	0.971
120	0.876
120	0.488
120	0.988
120	0.698
120	0.857
120	0.828
120	0.998
120	0.951
120	0.864
120	0.807
120	0.331
120	0.792
120	0.939
120	0.832
120	0.825
120	0.690
120	0.617
120	0.750
120	0.597
120	0.785
120	0.971
120	0.994
120	0.844
120	0.741
120	0.739
120	0.894
120	0.908
120	0.807
120	0.654
120	0.838
120	0.685
120	0.859
120	0.743
120	0.698
120	0.624
120	0.634
120	0.399
120	0.629
120	0.674
120	0.659
120	0.918
120	0.983
120	0.793
120	0.749
120	0.975
120	0.769
120	0.607
120	0.808
120	0.620
120	0.440
120	0.991
120	0.578
120	0.597
120	0.802
120	0.938
120	0.580
120	0.643
120	0.933
120	0.740
120	0.968
120	0.811
120	0.496
120	1.000
120	0.396
120	0.788
120	0.465
120	0.867
120	0.485
120	0.449
120	0.783
120	0.402
130	0.739
130	0.720
130	0.834
130	0.645
130	0.863
130	0.682
130	0.784
130	0.785
130	0.694
130	0.727
130	0.790
130	0.987
130	0.754
130	0.660
130	0.792
130	0.580
130	0.909
130	0.923
130	0.515
130	0.802
130	0.888
130	0.822
130	1.000
130	0.625
130	0.868
130	0.605
130	0.732
130	0.553
130	0.784
130	0.676
130	0.722
130	0.758
130	0.869
130	0.796
130	0.839
130	0.883
130	0.941
130	0.802
130	0.709
130	0.853
130	0.747
130	0.936
130	0.560
130	0.451
130	0.766
130	1.000
130	0.869
130	0.751
130	0.727
130	0.906
130	1.000
130	0.626
130	0.854
130	0.839
130	0.529
130	0.673
130	0.907
130	0.742
130	0.803
130	1.000
130	0.786
130	1.000
130	0.897
130	0.754
130	0.653
130	0.509
130	0.725
130	0.696
130	0.983
130	0.931
130	0.935
130	0.980
130	0.606
130	0.828
130	0.709
130	0.810
130	0.810
130	0.973
130	0.937
130	0.929
130	0.836
130	0.735
130	0.880
130	0.673
130	0.613
130	0.525
130	0.797
130	0.846
130	0.875
130	0.794
130	0.986
130	0.712
130	0.422
130	0.654
130	1.000
130	0.912
130	0.853
130	0.828
130	0.835
130	0.947
130	0.879
130	0.886
130	0.778
130	0.863
130	0.750
130	0.780
130	0.714
130	0.750
130	0.764
130	0.753
130	0.739
130	0.840
130	0.671
130	0.893
130	0.797
130	0.605
130	0.977
130	0.558
130	0.988
130	0.800
130	0.778
130	1.000
130	0.466
130	0.809
130	0.822
130	0.731
130	0.835
130	0.842
130	0.650
130	0.965
130	0.959
130	0.755
130	1.000
130	1.000
130	0.736
130	0.852
130	0.573
130	0.913
130	0.875
130	0.973
130	0.913
130	0.679
130	0.789
130	0.991
130	0.944
130	0.897
130	0.753
130	0.796
130	0.842
130	1.000
130	0.793
130	1.000
130	0.673
130	0.994
130	0.746
130	0.857
130	0.780
130	0.984
130	0.938
130	0.785
130	0.973
130	0.982
130	0.763
130	0.856
130	0.581
130	0.766
130	0.739
130	0.826
130	0.627
130	0.830
130	0.606
130	0.394
130	0.702
130	0.841
130	0.856
130	0.838
130	0.639
130	0.806
130	0.680
130	0.713
130	0.480
130	0.823
130	0.931
130	0.533
130	0.740
130	0.630
130	0.745
130	0.753
130	0.730
130	0.632
130	0.544
130	0.661
130	0.747
130	0.875
130	0.672
130	0.845
130	0.700
130	0.840
130	0.794
130	0.933
140	0.823
140	0.902
140	0.930
140	0.930
140	0.994
140	0.820
140	0.801
140	1.000
140	0.841
140	0.843
140	0.921
140	0.820
140	0.894
140	0.898
140	0.740
140	0.995
140	0.969
140	0.842
140	0.888
140	0.752
140	0.486
140	0.936
140	0.701
140	0.992
140	0.770
140	0.720
140	0.623
140	0.740
140	0.836
140	0.935
140	0.764
140	0.935
140	0.734
140	0.933
140	0.992
140	0.824
140	0.759
140	0.697
140	0.638
140	0.906
140	0.719
140	0.983
140	0.927
140	0.781
140	0.564
140	0.659
140	0.867
140	0.952
140	0.818
140	0.989
140	0.742
140	0.862
140	0.865
140	0.967
140	0.823
140	0.696
140	0.705
140	0.797
140	0.790
140	0.605
140	1.000
140	0.989
140	0.984
140	0.790
140	0.763
140	0.815
140	0.994
140	0.773
140	0.891
140	0.463
140	0.581
140	0.935
140	0.722
140	0.934
140	0.648
140	0.742
140	0.677
140	0.753
140	0.499
140	0.541
140	0.860
140	0.759
140	0.832
140	0.493
140	0.675
140	0.641
140	0.894
140	0.758
140	0.924
140	0.894
140	0.755
140	0.891
140	0.893
140	0.991
140	0.756
140	0.715
140	0.605
140	0.862
140	0.790
140	0.801
140	0.730
140	0.753
140	0.703
140	0.734
140	0.807
140	0.840
140	0.987
140	0.679
140	0.720
140	0.965
140	0.548
140	0.559
140	0.520
140	0.602
140	0.803
140	0.653
140	0.523
140	0.970
140	0.830
140	0.810
140	0.755
140	0.894
140	0.530
140	0.723
140	0.965
140	0.921
140	0.702
140	0.781
140	0.636
140	1.000
140	0.818
140	0.749
140	0.631
140	1.000
140	0.503
140	0.698
140	0.881
140	0.989
140	0.959
140	0.869
140	0.654
140	0.693
140	0.804
140	0.695
140	0.799
140	0.838
140	0.798
140	0.623
140	0.893
140	0.869
140	0.808
140	0.929
140	0.996
140	0.838
140	0.712
140	0.842
140	0.905
140	0.918
140	0.748
140	1.000
140	0.847
140	0.781
140	0.611
140	0.457
140	0.907
140	0.772
140	0.991
140	0.905
140	0.884
140	0.802
140	0.746
140	0.861
140	0.822
140	0.880
140	0.730
140	0.767
140	0.832
140	0.996
140	0.868
140	0.987
140	0.803
140	0.920
140	0.738
140	0.699
140	0.849
140	0.978
140	0.864
140	0.959
140	0.982
140	0.684
140	0.829
140	0.789
140	0.805
140	0.904
140	0.783
140	0.884
140	0.650
140	0.958
140	0.940
140	0.568
150	0.678
150	0.806
150	0.654
150	0.808
150	1.000
150	0.989
150	0.641
150	0.995
150	0.884
150	0.993
150	0.793
150	0.995
150	0.840
150	0.479
150	0.762
150	0.994
150	0.904
150	0.626
150	0.994
150	0.515
150	0.995
150	0.920
150	1.000
150	0.987
150	0.916
150	0.749
150	1.000
150	1.000
150	0.994
150	0.948
150	1.000
150	0.907
150	0.943
150	1.000
150	0.997
150	1.000
150	0.888
150	1.000
150	0.986
150	0.935
150	0.989
150	0.627
150	0.982
150	0.402
150	0.992
150	0.698
150	0.508
150	0.815
150	0.988
150	0.993
150	0.789
150	0.996
150	0.889
150	1.000
150	0.994
150	0.994
150	0.828
150	0.983
150	0.690
150	1.000
150	0.985
150	0.850
150	0.729
150	0.605
150	0.714
150	0.641
150	1.000
150	0.992
150	0.935
150	0.762
150	0.717
150	0.530
150	0.731
150	0.736
150	1.000
150	0.775
150	0.954
150	0.995
150	0.777
150	0.538
150	0.989
150	0.838
150	0.719
150	0.905
150	1.000
150	0.854
150	0.924
150	0.525
150	1.000
150	0.818
150	0.996
150	0.729
150	0.806
150	0.756
150	0.992
150	0.478
150	0.769
150	0.993
150	1.000
150	1.000
150	0.784
150	0.601
150	1.000
150	1.000
150	0.794
150	0.833
150	0.993
150	0.540
150	0.891
150	0.984
150	0.993
150	0.774
150	0.883
150	0.777
150	0.697
150	0.990
150	0.979
150	0.764
150	0.962
150	1.000
150	0.831
150	0.930
150	0.895
150	1.000
150	0.560
150	1.000
150	0.919
150	0.990
150	0.330
150	0.985
150	0.994
150	0.995
150	0.800
150	0.318
150	0.564
150	0.860
150	0.952
150	1.000
150	0.812
150	1.000
150	0.712
150	0.913
150	0.995
150	0.339
150	1.000
150	0.867
150	0.996
150	0.707
150	0.832
150	0.994
150	0.973
150	0.771
150	1.000
150	0.900
150	0.791
150	0.972
150	0.996
150	0.988
150	0.784
150	0.726
150	0.996
150	1.000
150	0.991
150	1.000
150	0.548
150	0.996
150	0.827
150	1.000
150	0.903
150	1.000
150	0.951
150	0.783
150	0.703
150	0.995
150	0.991
150	0.665
150	0.930
150	0.600
150	0.990
150	0.478
150	0.985
150	1.000
150	0.993
150	1.000
150	1.000
150	0.992
150	0.968
150	0.994
150	0.868
150	0.874
150	1.000
150	0.650
150	0.660
150	1.000
150	0.787
150	0.690
150	0.987
150	0.993
150	0.843
150	0.702
