10	0.611
10	0.976
10	0.427
10	0.852
10	0.048
10	0.000
10	0.546
10	0.825
10	0.332
10	0.909
10	0.654
10	0.684
10	0.851
10	0.999
10	0.330
10	0.887
10	0.826
10	0.994
10	0.647
10	0.829
10	0.998
10	0.653
10	0.645
10	0.827
10	0.873
10	0.480
10	0.721
10	0.629
10	0.974
10	0.788
10	0.875
10	0.996
10	0.817
10	0.995
10	0.580
10	0.837
10	0.845
10	0.824
10	0.739
10	0.615
10	0.365
10	0.645
10	0.317
10	0.760
10	0.774
10	0.069
10	0.966
10	0.972
10	0.811
10	0.826
10	0.921
10	0.973
10	0.876
10	0.845
10	0.546
10	0.390
10	0.977
10	0.383
10	0.794
10	0.625
10	0.000
10	0.601
10	0.993
10	0.576
10	0.837
10	0.839
10	0.940
10	0.912
10	0.839
10	0.901
10	0.445
10	0.440
10	0.647
10	0.914
10	0.756
10	0.443
10	0.819
10	0.762
10	0.985
10	0.958
10	0.775
10	0.818
10	0.598
10	0.635
10	0.606
10	0.836
10	0.981
10	0.813
10	0.558
10	0.975
10	0.989
10	0.087
10	0.994
10	0.738
10	0.798
10	0.926
10	0.611
10	0.414
10	0.691
10	0.995
10	0.000
10	0.869
10	0.579
10	0.577
10	0.869
10	0.844
10	0.977
10	0.551
10	0.651
10	0.295
10	0.548
10	0.655
10	0.967
10	0.840
10	0.809
10	0.725
10	0.991
10	0.648
10	0.895
10	0.995
10	0.680
10	0.684
10	0.000
10	0.644
10	0.513
10	0.692
10	0.053
10	0.584
10	0.955
10	0.722
10	0.919
10	0.534
10	0.515
10	0.587
10	0.752
10	0.465
10	0.589
10	0.975
10	0.892
10	0.000
10	0.946
10	0.796
10	0.884
10	0.769
10	0.630
10	0.860
10	0.690
10	0.997
10	0.825
10	0.821
10	0.616
10	0.393
10	0.616
10	0.519
10	0.693
10	0.801
10	0.877
10	0.668
10	0.866
10	0.371
10	0.531
10	0.877
10	0.560
10	0.882
10	0.626
10	0.889
10	0.235
10	0.870
10	0.921
10	0.800
10	0.633
10	0.912
10	0.686
10	0.860
10	0.993
10	0.883
10	0.736
10	0.755
10	0.446
10	0.621
10	0.808
10	0.991
10	0.629
10	0.837
10	0.996
10	0.761
10	0.595
10	0.683
10	0.656
10	0.575
10	0.943
10	0.738
10	0.899
10	0.806
10	0.814
10	0.794
10	0.997
10	0.766
10	0.504
10	0.746
20	0.917
20	0.999
20	0.000
20	0.419
20	0.997
20	0.922
20	0.606
20	0.966
20	0.702
20	0.999
20	0.600
20	0.843
20	0.916
20	0.482
20	0.668
20	0.349
20	0.956
20	0.789
20	0.489
20	0.823
20	0.688
20	0.953
20	0.632
20	0.860
20	0.515
20	0.932
20	0.766
20	0.670
20	0.510
20	0.655
20	0.663
20	0.813
20	0.944
20	0.575
20	0.918
20	0.941
20	0.773
20	0.500
20	0.796
20	0.579
20	0.931
20	0.984
20	0.880
20	0.999
20	0.607
20	0.772
20	0.000
20	0.892
20	0.616
20	0.339
20	0.859
20	0.212
20	0.912
20	0.843
20	0.817
20	0.497
20	0.852
20	0.799
20	0.893
20	0.911
20	0.997
20	0.842
20	0.540
20	0.901
20	0.892
20	0.594
20	0.817
20	0.935
20	0.632
20	0.834
20	0.596
20	0.000
20	0.728
20	0.683
20	0.771
20	0.895
20	0.283
20	0.195
20	0.578
20	0.629
20	0.814
20	0.890
20	0.468
20	0.659
20	0.924
20	0.896
20	0.315
20	0.404
20	0.579
20	0.604
20	0.954
20	0.740
20	0.349
20	0.550
20	0.057
20	0.898
20	0.707
20	0.556
20	0.872
20	0.795
20	0.745
20	0.551
20	0.596
20	0.641
20	0.109
20	0.949
20	0.903
20	0.991
20	0.936
20	0.508
20	0.637
20	0.999
20	0.635
20	0.453
20	0.973
20	0.881
20	0.924
20	0.997
20	0.433
20	0.623
20	0.904
20	0.885
20	0.760
20	0.843
20	0.678
20	1.000
20	0.864
20	0.595
20	0.401
20	0.766
20	0.949
20	0.440
20	0.878
20	0.694
20	0.950
20	0.336
20	0.719
20	0.931
20	0.577
20	0.322
20	0.825
20	0.792
20	0.711
20	0.978
20	0.958
20	0.725
20	0.664
20	0.598
20	0.847
20	0.924
20	0.662
20	0.929
20	0.577
20	0.887
20	0.832
20	0.884
20	0.590
20	0.512
20	0.594
20	0.690
20	0.172
20	0.640
20	0.954
20	0.921
20	0.694
20	0.877
20	0.799
20	0.644
20	0.730
20	0.957
20	0.429
20	0.765
20	0.562
20	0.827
20	0.999
20	0.523
20	0.611
20	0.944
20	0.187
20	0.799
20	0.340
20	0.547
20	0.999
20	0.706
20	0.767
20	0.321
20	0.735
20	0.690
20	0.909
20	0.996
20	0.537
20	0.882
20	0.928
20	0.376
20	0.788
20	0.882
20	0.863
20	0.577
20	0.531
20	0.666
30	0.855
30	0.806
30	0.980
30	0.736
30	0.653
30	0.688
30	0.488
30	0.999
30	0.594
30	0.794
30	0.931
30	0.981
30	0.979
30	0.406
30	0.809
30	0.865
30	0.699
30	0.933
30	0.810
30	0.522
30	0.462
30	0.739
30	0.415
30	0.853
30	0.907
30	0.892
30	0.763
30	0.995
30	0.567
30	0.523
30	0.044
30	0.724
30	0.696
30	0.772
30	0.502
30	0.809
30	0.493
30	0.999
30	0.656
30	0.675
30	0.752
30	0.906
30	0.570
30	0.500
30	0.943
30	0.897
30	0.512
30	0.801
30	0.627
30	0.641
30	0.988
30	0.743
30	0.882
30	0.893
30	0.934
30	0.857
30	0.422
30	0.638
30	0.732
30	0.861
30	0.967
30	0.010
30	0.970
30	0.569
30	0.797
30	0.738
30	0.279
30	0.897
30	0.603
30	0.478
30	0.992
30	0.895
30	0.510
30	0.357
30	0.998
30	0.603
30	0.759
30	0.411
30	0.968
30	0.987
30	0.817
30	0.833
30	0.269
30	0.193
30	0.824
30	0.997
30	0.854
30	0.898
30	0.950
30	0.700
30	0.608
30	0.911
30	0.523
30	0.649
30	0.784
30	0.645
30	0.902
30	0.445
30	0.486
30	0.216
30	0.309
30	0.784
30	0.748
30	0.287
30	0.900
30	0.865
30	0.999
30	0.813
30	0.986
30	0.954
30	0.527
30	0.888
30	0.547
30	0.952
30	0.716
30	0.594
30	0.795
30	0.932
30	0.583
30	0.997
30	0.265
30	0.919
30	0.585
30	0.658
30	0.963
30	0.683
30	0.980
30	0.555
30	0.519
30	0.932
30	0.998
30	0.387
30	0.161
30	0.734
30	0.816
30	0.592
30	0.377
30	0.488
30	0.936
30	0.984
30	0.576
30	0.740
30	0.539
30	0.791
30	0.512
30	0.645
30	0.865
30	0.119
30	0.481
30	0.998
30	0.798
30	0.847
30	0.458
30	0.964
30	0.740
30	0.962
30	0.837
30	0.974
30	0.967
30	0.726
30	0.020
30	0.912
30	0.599
30	0.932
30	0.921
30	0.771
30	0.276
30	0.998
30	0.961
30	0.221
30	0.757
30	0.903
30	0.566
30	0.699
30	0.102
30	0.806
30	0.719
30	0.295
30	0.431
30	0.947
30	0.554
30	0.418
30	0.998
30	0.960
30	0.791
30	0.931
30	0.457
30	0.872
30	0.166
30	0.972
30	0.484
30	0.975
30	0.633
30	0.602
30	0.624
30	0.973
30	0.998
30	0.902
30	0.567
30	0.922
40	0.956
40	0.964
40	1.000
40	0.303
40	0.980
40	0.900
40	0.854
40	0.687
40	0.962
40	0.810
40	0.992
40	0.961
40	0.885
40	0.803
40	0.640
40	0.894
40	0.146
40	0.907
40	0.816
40	0.939
40	0.352
40	0.242
40	0.405
40	0.963
40	0.742
40	0.927
40	0.067
40	0.826
40	0.408
40	0.471
40	0.296
40	0.741
40	0.403
40	0.641
40	0.380
40	0.276
40	0.530
40	0.734
40	0.616
40	0.741
40	0.652
40	0.999
40	0.694
40	0.762
40	0.501
40	0.822
40	0.710
40	0.652
40	0.600
40	0.765
40	0.134
40	0.954
40	0.406
40	1.000
40	0.975
40	0.694
40	0.499
40	0.060
40	0.975
40	0.940
40	0.689
40	0.576
40	0.933
40	0.407
40	0.834
40	0.996
40	0.034
40	0.875
40	0.959
40	0.959
40	0.382
40	0.972
40	0.597
40	0.906
40	0.102
40	0.956
40	0.871
40	0.624
40	0.735
40	0.000
40	0.605
40	0.802
40	0.723
40	0.999
40	0.068
40	0.977
40	0.632
40	0.980
40	0.993
40	0.890
40	0.905
40	0.953
40	0.773
40	0.350
40	0.807
40	0.389
40	0.999
40	0.469
40	0.817
40	0.161
40	0.641
40	0.949
40	0.939
40	0.136
40	0.735
40	0.999
40	0.996
40	0.784
40	0.999
40	0.690
40	0.767
40	0.747
40	0.521
40	0.990
40	0.864
40	0.980
40	0.388
40	0.587
40	0.421
40	0.415
40	0.508
40	1.000
40	0.940
40	0.802
40	1.000
40	0.736
40	0.505
40	0.730
40	0.967
40	0.908
40	0.701
40	0.999
40	0.646
40	0.646
40	0.970
40	0.973
40	0.938
40	0.527
40	0.998
40	0.521
40	0.660
40	0.165
40	1.000
40	0.999
40	0.910
40	0.857
40	0.877
40	0.281
40	0.715
40	0.811
40	0.636
40	0.537
40	0.982
40	0.768
40	0.739
40	0.496
40	0.476
40	0.865
40	0.577
40	0.269
40	0.819
40	0.648
40	0.608
40	0.369
40	0.310
40	0.778
40	0.720
40	0.787
40	0.573
40	0.419
40	0.805
40	1.000
40	0.579
40	0.554
40	0.000
40	0.642
40	0.689
40	0.444
40	0.969
40	0.833
40	0.712
40	0.000
40	0.685
40	0.873
40	0.850
40	0.957
40	0.628
40	0.574
40	0.601
40	0.683
40	0.396
40	0.288
40	0.634
40	0.571
40	0.809
40	0.936
40	0.322
40	0.744
40	0.627
40	0.780
50	0.985
50	0.999
50	0.464
50	0.959
50	0.485
50	0.848
50	0.318
50	0.884
50	0.616
50	0.467
50	0.386
50	0.711
50	0.836
50	0.642
50	0.961
50	0.524
50	0.997
50	0.999
50	0.930
50	0.710
50	0.814
50	0.752
50	0.976
50	0.625
50	0.708
50	0.998
50	0.601
50	0.618
50	0.843
50	0.765
50	0.951
50	0.955
50	0.980
50	0.870
50	0.922
50	0.035
50	0.419
50	0.919
50	0.696
50	0.644
50	0.945
50	0.334
50	0.691
50	0.917
50	0.944
50	0.926
50	0.798
50	0.989
50	0.606
50	0.823
50	0.761
50	0.981
50	0.833
50	0.926
50	0.899
50	0.803
50	0.981
50	0.978
50	0.921
50	0.845
50	0.984
50	0.963
50	0.503
50	0.674
50	0.537
50	0.512
50	0.622
50	0.173
50	0.537
50	0.849
50	0.571
50	0.806
50	0.703
50	0.988
50	0.814
50	0.979
50	0.971
50	0.723
50	0.539
50	0.851
50	0.825
50	0.900
50	0.601
50	0.412
50	0.538
50	0.824
50	0.719
50	0.405
50	0.830
50	0.979
50	1.000
50	0.517
50	0.665
50	0.991
50	0.913
50	0.888
50	0.613
50	0.951
50	0.960
50	0.614
50	0.787
50	0.635
50	0.981
50	0.691
50	0.616
50	0.775
50	0.537
50	1.000
50	0.755
50	0.983
50	0.473
50	0.547
50	0.803
50	0.630
50	0.963
50	0.922
50	0.611
50	0.875
50	0.981
50	0.999
50	0.511
50	0.925
50	0.987
50	0.918
50	0.722
50	0.738
50	0.827
50	0.801
50	0.614
50	0.581
50	0.982
50	0.635
50	0.707
50	0.745
50	0.999
50	0.832
50	0.709
50	0.761
50	0.755
50	0.566
50	0.380
50	0.933
50	0.726
50	0.995
50	0.756
50	0.909
50	0.781
50	0.850
50	0.830
50	0.953
50	0.975
50	0.059
50	0.454
50	1.000
50	0.771
50	0.717
50	0.619
50	0.786
50	0.944
50	0.838
50	0.682
50	0.612
50	0.960
50	0.942
50	0.721
50	0.967
50	0.676
50	0.495
50	0.968
50	0.855
50	0.451
50	0.936
50	0.949
50	0.938
50	0.789
50	0.425
50	0.879
50	0.671
50	0.831
50	0.986
50	0.518
50	0.671
50	0.315
50	0.965
50	0.084
50	0.393
50	0.724
50	0.631
50	0.934
50	0.713
50	0.329
50	0.486
50	0.602
50	0.441
50	0.846
50	0.936
50	0.964
50	0.821
50	0.705
50	0.148
60	0.714
60	0.664
60	0.768
60	0.846
60	0.801
60	0.810
60	0.644
60	0.846
60	0.996
60	0.652
60	0.546
60	0.772
60	0.614
60	0.644
60	0.983
60	0.887
60	0.633
60	1.000
60	0.865
60	1.000
60	0.676
60	0.967
60	0.765
60	0.512
60	0.860
60	0.999
60	0.880
60	0.877
60	0.662
60	0.769
60	0.362
60	0.429
60	0.897
60	0.974
60	0.903
60	0.665
60	0.609
60	0.540
60	0.775
60	0.821
60	0.739
60	0.893
60	0.836
60	0.747
60	0.825
60	0.980
60	0.907
60	0.971
60	0.973
60	0.911
60	0.699
60	0.877
60	0.798
60	0.928
60	0.870
60	0.945
60	0.613
60	0.651
60	0.345
60	0.913
60	0.606
60	0.999
60	0.982
60	0.781
60	0.779
60	0.584
60	0.998
60	0.999
60	0.658
60	0.681
60	0.691
60	0.866
60	0.588
60	0.982
60	0.957
60	0.741
60	0.958
60	0.736
60	0.884
60	0.626
60	0.608
60	0.866
60	0.777
60	0.829
60	0.766
60	0.961
60	0.982
60	0.587
60	0.451
60	0.924
60	0.639
60	0.882
60	0.999
60	0.611
60	0.998
60	0.837
60	0.890
60	0.959
60	0.973
60	0.972
60	0.903
60	0.582
60	0.978
60	0.588
60	0.451
60	0.574
60	0.858
60	0.828
60	0.740
60	0.742
60	0.940
60	0.534
60	0.995
60	0.954
60	0.823
60	0.741
60	0.645
60	0.946
60	0.779
60	0.985
60	0.583
60	0.640
60	0.838
60	0.639
60	0.649
60	0.975
60	0.931
60	0.766
60	0.796
60	0.587
60	0.843
60	0.628
60	0.800
60	0.414
60	0.779
60	0.518
60	0.853
60	0.639
60	0.946
60	0.999
60	0.754
60	0.596
60	0.645
60	0.763
60	0.700
60	0.695
60	0.612
60	0.883
60	0.835
60	0.726
60	0.722
60	0.632
60	0.967
60	0.838
60	0.521
60	0.965
60	0.731
60	0.990
60	0.999
60	0.999
60	0.511
60	0.233
60	0.710
60	0.964
60	0.732
60	1.000
60	0.890
60	0.991
60	0.729
60	0.312
60	0.253
60	0.539
60	0.825
60	0.640
60	0.898
60	0.375
60	0.931
60	0.697
60	0.754
60	0.573
60	0.965
60	0.699
60	0.791
60	1.000
60	0.992
60	0.871
60	0.984
60	0.924
60	0.594
60	0.419
60	0.677
60	0.936
60	0.999
60	0.905
60	0.839
60	0.939
60	0.979
60	0.630
60	0.727
60	0.648
70	0.522
70	1.000
70	0.853
70	0.835
70	0.655
70	0.653
70	0.802
70	1.000
70	0.453
70	0.637
70	0.991
70	0.808
70	0.773
70	0.821
70	0.505
70	0.814
70	0.693
70	0.895
70	0.828
70	0.855
70	0.999
70	0.824
70	0.647
70	0.861
70	0.877
70	0.673
70	0.000
70	0.892
70	0.763
70	0.864
70	0.740
70	0.876
70	0.802
70	0.662
70	0.776
70	0.845
70	0.299
70	0.756
70	0.599
70	0.991
70	0.886
70	0.938
70	1.000
70	0.701
70	0.525
70	0.916
70	0.763
70	0.854
70	0.991
70	0.682
70	0.936
70	0.824
70	0.751
70	0.895
70	0.710
70	0.999
70	0.676
70	0.975
70	0.999
70	0.798
70	0.659
70	0.902
70	0.922
70	0.645
70	0.733
70	0.501
70	0.757
70	0.715
70	0.845
70	0.778
70	0.944
70	0.792
70	0.898
70	0.695
70	0.970
70	0.903
70	0.852
70	0.927
70	0.922
70	0.985
70	0.776
70	0.936
70	0.979
70	0.765
70	0.785
70	0.985
70	0.433
70	0.745
70	0.690
70	0.658
70	0.680
70	0.870
70	0.573
70	0.985
70	0.631
70	1.000
70	0.635
70	0.790
70	0.704
70	0.836
70	0.813
70	0.682
70	0.742
70	0.989
70	0.654
70	0.829
70	0.740
70	0.838
70	0.609
70	0.853
70	0.910
70	0.841
70	0.977
70	0.625
70	0.820
70	0.967
70	0.955
70	0.676
70	0.984
70	0.686
70	0.936
70	0.838
70	0.729
70	0.959
70	0.690
70	0.631
70	0.853
70	0.606
70	0.623
70	0.999
70	0.749
70	0.511
70	0.726
70	0.420
70	0.751
70	0.999
70	0.362
70	0.933
70	0.966
70	0.584
70	0.692
70	0.791
70	0.738
70	0.981
70	0.822
70	0.682
70	0.984
70	0.683
70	0.895
70	0.876
70	0.670
70	0.716
70	0.973
70	0.850
70	0.703
70	0.608
70	0.745
70	0.642
70	0.803
70	0.670
70	0.983
70	0.960
70	0.704
70	0.757
70	0.729
70	0.785
70	0.999
70	0.789
70	0.842
70	0.987
70	0.899
70	0.981
70	0.999
70	0.759
70	0.974
70	0.982
70	0.802
70	1.000
70	0.974
70	0.973
70	0.973
70	0.694
70	0.834
70	0.790
70	0.834
70	0.607
70	0.778
70	0.816
70	0.922
70	0.681
70	0.999
70	0.983
70	0.549
70	0.666
70	0.960
70	0.790
70	0.669
70	0.539
70	0.662
70	0.864
80	0.485
80	0.789
80	0.522
80	0.659
80	0.857
80	0.686
80	0.901
80	0.232
80	0.793
80	0.876
80	0.953
80	0.628
80	0.766
80	0.844
80	0.521
80	0.000
80	0.709
80	0.858
80	0.871
80	0.848
80	0.717
80	0.675
80	0.740
80	0.968
80	0.668
80	0.689
80	0.834
80	0.689
80	0.589
80	0.863
80	0.514
80	0.786
80	0.401
80	0.630
80	0.789
80	0.496
80	0.368
80	0.669
80	0.810
80	0.879
80	0.424
80	0.550
80	0.619
80	0.646
80	0.972
80	0.847
80	0.988
80	0.797
80	0.978
80	0.788
80	0.907
80	0.738
80	0.608
80	0.740
80	0.665
80	0.617
80	0.446
80	0.977
80	0.665
80	0.311
80	0.415
80	0.627
80	0.928
80	0.776
80	0.678
80	0.674
80	0.645
80	0.471
80	0.375
80	0.834
80	0.547
80	0.918
80	0.385
80	0.493
80	0.973
80	0.661
80	0.616
80	0.880
80	0.646
80	0.737
80	0.758
80	0.792
80	0.845
80	0.607
80	0.263
80	0.636
80	0.226
80	0.809
80	0.863
80	0.988
80	0.492
80	0.989
80	0.799
80	0.659
80	1.000
80	0.569
80	0.736
80	0.631
80	0.983
80	0.502
80	0.645
80	0.919
80	0.739
80	0.532
80	0.824
80	0.945
80	0.965
80	0.305
80	0.595
80	0.969
80	0.719
80	0.759
80	0.985
80	0.511
80	0.822
80	0.890
80	0.827
80	0.892
80	0.573
80	0.778
80	0.694
80	0.804
80	0.767
80	0.286
80	0.613
80	1.000
80	0.187
80	0.861
80	0.741
80	0.290
80	0.651
80	0.202
80	0.955
80	0.973
80	0.999
80	0.514
80	0.638
80	0.963
80	0.907
80	0.617
80	0.436
80	0.662
80	0.689
80	0.728
80	0.261
80	0.619
80	0.957
80	0.852
80	0.982
80	0.534
80	0.751
80	0.723
80	0.860
80	1.000
80	0.634
80	0.524
80	0.789
80	0.664
80	0.913
80	0.726
80	0.469
80	0.749
80	0.792
80	0.136
80	0.824
80	0.300
80	0.959
80	0.671
80	0.702
80	0.459
80	0.980
80	0.768
80	0.664
80	0.632
80	0.692
80	0.985
80	0.909
80	0.639
80	0.437
80	0.358
80	0.000
80	0.533
80	0.760
80	0.990
80	0.817
80	0.741
80	0.963
80	0.972
80	0.797
80	0.491
80	0.594
80	0.778
80	0.777
80	0.552
80	0.735
80	0.696
80	0.688
80	0.502
80	0.692
80	0.649
90	0.196
90	0.522
90	0.767
90	0.624
90	0.839
90	0.944
90	0.814
90	0.562
90	0.543
90	0.822
90	0.495
90	1.000
90	0.993
90	0.327
90	0.836
90	0.542
90	0.724
90	0.820
90	0.867
90	0.984
90	0.675
90	0.800
90	0.261
90	0.733
90	0.486
90	0.445
90	0.388
90	0.969
90	0.726
90	0.624
90	0.582
90	0.740
90	0.811
90	0.887
90	0.832
90	0.645
90	0.872
90	0.923
90	0.745
90	1.000
90	0.957
90	0.621
90	0.532
90	0.587
90	0.987
90	0.500
90	0.280
90	0.739
90	0.772
90	0.674
90	0.806
90	0.669
90	0.797
90	0.678
90	0.698
90	0.708
90	0.873
90	0.638
90	0.743
90	0.983
90	0.759
90	1.000
90	0.536
90	0.834
90	0.752
90	0.711
90	0.757
90	0.975
90	0.320
90	0.384
90	0.543
90	0.828
90	0.668
90	0.788
90	0.823
90	0.529
90	0.789
90	0.445
90	0.767
90	0.768
90	0.967
90	0.769
90	0.633
90	0.756
90	0.756
90	0.590
90	0.780
90	0.814
90	0.728
90	0.648
90	0.337
90	0.622
90	0.546
90	0.887
90	0.792
90	0.787
90	0.742
90	0.681
90	0.746
90	0.989
90	0.538
90	0.231
90	0.768
90	0.877
90	0.518
90	0.856
90	0.792
90	0.641
90	0.488
90	0.865
90	0.828
90	0.723
90	0.717
90	0.495
90	0.894
90	0.446
90	0.716
90	0.985
90	0.929
90	0.963
90	0.435
90	0.625
90	0.735
90	0.768
90	0.929
90	0.590
90	0.590
90	0.696
90	0.374
90	0.745
90	0.861
90	0.733
90	0.992
90	0.734
90	0.879
90	0.785
90	0.683
90	0.552
90	0.728
90	1.000
90	0.211
90	0.965
90	0.519
90	0.747
90	0.883
90	0.908
90	0.777
90	0.591
90	0.992
90	0.646
90	0.695
90	0.421
90	0.798
90	0.979
90	1.000
90	0.992
90	0.543
90	0.379
90	0.738
90	0.625
90	0.526
90	0.758
90	0.816
90	0.653
90	0.618
90	0.980
90	0.755
90	0.994
90	0.946
90	0.745
90	0.681
90	0.671
90	0.612
90	0.977
90	0.606
90	0.662
90	0.859
90	0.832
90	0.917
90	0.386
90	0.379
90	0.970
90	0.719
90	0.550
90	0.799
90	0.000
90	0.933
90	0.700
90	0.477
90	0.649
90	0.986
90	0.793
90	0.680
90	0.503
90	0.661
90	0.587
90	0.994
90	0.776
90	0.820
90	0.617
100	0.759
100	0.829
100	0.575
100	0.662
100	0.251
100	0.948
100	0.915
100	0.802
100	0.984
100	0.530
100	0.729
100	0.488
100	0.703
100	0.911
100	0.689
100	0.747
100	0.873
100	0.924
100	0.640
100	0.423
100	0.874
100	0.458
100	0.728
100	0.725
100	0.727
100	0.662
100	0.698
100	0.658
100	0.494
100	0.790
100	0.781
100	0.734
100	0.417
100	0.824
100	0.519
100	0.855
100	0.665
100	0.808
100	0.718
100	0.765
100	0.695
100	0.780
100	1.000
100	0.868
100	0.635
100	0.990
100	0.928
100	0.723
100	0.677
100	0.456
100	0.712
100	0.785
100	0.652
100	0.752
100	0.380
100	0.992
100	0.826
100	0.466
100	0.976
100	0.896
100	0.466
100	0.576
100	0.619
100	0.636
100	0.703
100	0.980
100	0.676
100	0.833
100	0.874
100	0.509
100	0.366
100	0.504
100	0.674
100	0.358
100	0.770
100	0.892
100	0.867
100	0.933
100	0.473
100	0.736
100	0.712
100	0.632
100	0.685
100	0.866
100	0.984
100	0.811
100	0.992
100	0.915
100	0.454
100	0.799
100	0.759
100	0.998
100	0.722
100	0.502
100	0.537
100	0.651
100	0.991
100	0.879
100	0.654
100	0.886
100	0.689
100	0.614
100	0.988
100	0.530
100	0.708
100	0.906
100	0.916
100	0.916
100	0.555
100	0.778
100	0.660
100	0.463
100	0.691
100	0.927
100	0.884
100	0.732
100	0.459
100	0.619
100	0.716
100	0.695
100	0.626
100	0.685
100	0.939
100	0.954
100	0.667
100	0.818
100	0.907
100	0.975
100	0.884
100	0.890
100	0.254
100	0.615
100	0.711
100	0.742
100	0.863
100	0.557
100	0.908
100	0.825
100	0.820
100	0.718
100	0.839
100	0.602
100	0.701
100	1.000
100	0.698
100	0.505
100	0.779
100	0.993
100	0.958
100	0.000
100	0.375
100	0.924
100	0.834
100	0.210
100	0.849
100	0.820
100	0.726
100	0.820
100	0.746
100	0.643
100	0.673
100	0.989
100	0.752
100	0.889
100	0.737
100	0.762
100	0.752
100	0.592
100	0.828
100	0.600
100	0.649
100	0.955
100	0.848
100	0.939
100	0.262
100	0.656
100	0.690
100	0.760
100	0.702
100	0.957
100	0.607
100	0.921
100	0.586
100	0.809
100	0.906
100	0.643
100	0.374
100	0.377
100	0.615
100	0.714
100	0.692
100	0.504
100	0.990
100	0.655
100	0.764
100	0.529
100	0.886
100	0.640
100	0.986
100	0.610
110	0.561
110	0.836
110	0.981
110	0.909
110	0.706
110	0.837
110	0.967
110	0.692
110	0.979
110	0.874
110	0.767
110	0.928
110	0.892
110	0.801
110	0.720
110	0.601
110	0.785
110	0.790
110	0.766
110	0.602
110	0.830
110	0.977
110	0.769
110	0.684
110	0.495
110	0.820
110	0.624
110	0.764
110	0.698
110	0.790
110	0.615
110	0.557
110	0.672
110	0.751
110	0.790
110	0.700
110	0.221
110	0.980
110	0.506
110	0.734
110	0.808
110	0.836
110	0.779
110	0.855
110	0.651
110	0.918
110	0.871
110	0.859
110	0.385
110	0.672
110	0.631
110	0.922
110	0.987
110	0.570
110	0.647
110	0.399
110	0.927
110	0.819
110	0.967
110	0.897
110	0.533
110	0.943
110	0.716
110	1.000
110	0.753
110	0.698
110	0.993
110	0.790
110	0.906
110	0.788
110	0.964
110	0.672
110	0.906
110	0.725
110	0.698
110	0.826
110	0.873
110	0.455
110	1.000
110	0.877
110	0.808
110	0.804
110	0.981
110	0.772
110	0.806
110	0.841
110	0.634
110	0.528
110	0.771
110	1.000
110	1.000
110	0.885
110	0.807
110	0.776
110	0.953
110	0.595
110	0.774
110	0.907
110	0.789
110	1.000
110	0.797
110	0.944
110	0.902
110	0.615
110	0.889
110	0.834
110	0.795
110	0.790
110	0.615
110	0.554
110	0.773
110	0.758
110	0.397
110	0.673
110	0.341
110	0.613
110	0.543
110	0.685
110	0.577
110	0.532
110	0.709
110	0.991
110	0.898
110	0.991
110	0.632
110	0.985
110	0.915
110	0.617
110	0.993
110	0.601
110	0.862
110	0.463
110	0.754
110	0.893
110	0.794
110	0.675
110	0.722
110	0.984
110	0.501
110	0.724
110	0.925
110	0.672
110	0.912
110	0.957
110	0.910
110	0.627
110	0.723
110	0.986
110	0.495
110	0.619
110	0.805
110	0.647
110	0.764
110	0.626
110	0.687
110	0.402
110	0.917
110	0.769
110	0.984
110	0.765
110	0.926
110	0.991
110	0.879
110	0.850
110	0.529
110	0.843
110	0.549
110	0.902
110	0.778
110	0.810
110	0.850
110	1.000
110	0.817
110	0.923
110	0.650
110	0.783
110	0.639
110	0.599
110	0.742
110	0.934
110	0.997
110	0.979
110	0.611
110	0.976
110	0.870
110	0.981
110	0.841
110	0.835
110	0.856
110	0.687
110	0.361
110	0.724
110	0.906
110	0.636
110	0.922
110	0.726
110	0.596
110	0.766
110	0.983
110	0.672
120	0.917
120	0.628
120	0.862
120	0.564
120	0.975
120	0.801
120	0.495
120	0.842
120	0.942
120	0.730
120	0.993
120	0.661
120	0.615
120	0.998
120	0.518
120	0.837
120	0.772
120	0.993
120	0.805
120	0.784
120	0.987
120	0.891
120	0.631
120	0.660
120	0.493
120	0.707
120	0.714
120	0.781
120	0.855
120	0.924
120	0.875
120	0.671
120	0.777
120	0.938
120	0.888
120	0.727
120	0.840
120	0.681
120	0.830
120	0.846
120	0.860
120	0.692
120	0.461
120	1.000
120	0.991
120	0.787
120	0.753
120	0.866
120	0.858
120	0.645
120	0.797
120	0.939
120	0.642
120	0.778
120	0.993
120	0.955
120	0.624
120	1.000
120	0.840
120	0.783
120	0.671
120	0.854
120	0.959
120	0.706
120	0.809
120	0.654
120	0.986
120	0.637
120	0.944
120	0.562
120	0.905
120	0.883
120	0.826
120	0.957
120	0.694
120	0.973
120	0.480
120	0.924
120	0.784
120	0.775
120	0.901
120	0.840
120	0.874
120	0.650
120	0.932
120	0.722
120	0.803
120	0.835
120	0.943
120	0.548
120	0.582
120	0.802
120	0.992
120	0.710
120	0.577
120	0.802
120	0.840
120	0.699
120	0.626
120	0.959
120	0.775
120	0.672
120	0.725
120	0.508
120	0.663
120	0.781
120	1.000
120	0.595
120	0.499
120	0.944
120	0.957
120	0.966
120	0.653
120	0.904
120	0.430
120	0.782
120	0.954
120	0.553
120	0.867
120	0.962
120	0.555
120	0.760
120	1.000
120	0.756
120	0.714
120	0.857
120	0.612
120	0.689
120	1.000
120	0.755
120	0.719
120	0.988
120	0.501
120	0.857
120	0.741
120	0.824
120	0.920
120	0.608
120	0.723
120	0.980
120	0.539
120	0.904
120	0.818
120	0.518
120	0.692
120	0.875
120	0.995
120	0.867
120	0.741
120	0.919
120	0.832
120	0.909
120	0.568
120	0.853
120	0.985
120	0.658
120	0.478
120	0.787
120	0.588
120	0.806
120	0.601
120	0.881
120	0.870
120	0.892
120	0.776
120	0.926
120	1.000
120	0.913
120	0.829
120	0.914
120	0.612
120	0.672
120	0.676
120	0.894
120	0.417
120	0.720
120	0.627
120	0.983
120	0.884
120	0.660
120	0.828
120	0.657
120	0.532
120	0.993
120	0.845
120	0.989
120	0.790
120	0.643
120	0.689
120	0.796
120	0.831
120	0.720
120	0.820
120	0.865
120	0.811
120	0.755
120	0.839
120	0.764
120	0.490
120	0.727
130	0.855
130	0.937
130	0.948
130	0.732
130	0.689
130	0.788
130	0.864
130	0.896
130	0.790
130	0.830
130	0.817
130	0.797
130	0.805
130	0.718
130	0.530
130	0.726
130	0.808
130	0.803
130	0.958
130	0.593
130	0.887
130	1.000
130	0.868
130	0.923
130	0.705
130	0.945
130	0.988
130	0.707
130	0.838
130	0.894
130	0.985
130	0.793
130	0.764
130	0.778
130	0.709
130	0.535
130	0.857
130	0.806
130	0.845
130	0.585
130	0.863
130	0.780
130	0.846
130	0.914
130	0.973
130	0.866
130	0.986
130	0.967
130	0.863
130	0.858
130	0.884
130	0.840
130	0.762
130	0.717
130	0.855
130	0.884
130	0.000
130	0.890
130	0.776
130	0.803
130	0.517
130	0.821
130	0.807
130	0.851
130	0.866
130	0.832
130	0.986
130	0.606
130	0.860
130	0.567
130	0.660
130	0.777
130	0.522
130	0.906
130	0.567
130	0.840
130	0.895
130	0.592
130	0.629
130	1.000
130	0.728
130	0.755
130	0.794
130	0.724
130	0.838
130	0.000
130	0.828
130	0.988
130	0.700
130	0.992
130	1.000
130	0.686
130	0.648
130	0.634
130	0.763
130	0.537
130	0.687
130	0.713
130	0.874
130	0.926
130	0.756
130	0.702
130	0.762
130	0.661
130	0.663
130	0.776
130	0.866
130	0.842
130	0.878
130	0.711
130	0.662
130	0.801
130	0.884
130	1.000
130	0.758
130	0.825
130	0.576
130	0.733
130	0.996
130	0.908
130	0.777
130	0.960
130	0.829
130	0.738
130	0.915
130	0.551
130	0.906
130	0.736
130	0.872
130	0.924
130	0.896
130	0.755
130	0.927
130	0.859
130	0.908
130	0.991
130	0.957
130	0.938
130	1.000
130	0.943
130	0.955
130	0.688
130	0.927
130	0.696
130	0.951
130	0.950
130	0.495
130	0.943
130	0.922
130	0.919
130	0.799
130	0.723
130	0.000
130	0.947
130	0.722
130	0.700
130	0.927
130	0.996
130	0.704
130	0.834
130	0.874
130	0.870
130	0.909
130	0.945
130	0.904
130	0.761
130	0.629
130	0.558
130	0.810
130	0.765
130	0.701
130	0.916
130	0.993
130	0.791
130	0.993
130	0.854
130	0.979
130	0.751
130	0.867
130	0.939
130	0.729
130	0.643
130	0.784
130	0.728
130	0.721
130	0.950
130	0.767
130	0.826
130	0.990
130	0.800
130	0.864
130	0.942
130	0.993
130	0.534
130	0.855
130	0.637
130	0.820
130	0.602
130	0.821
130	0.760
140	0.924
140	0.648
140	0.760
140	0.906
140	0.862
140	0.602
140	0.863
140	0.981
140	0.935
140	0.903
140	0.732
140	0.928
140	0.702
140	0.628
140	0.966
140	0.976
140	0.911
140	0.507
140	0.791
140	0.844
140	0.920
140	0.814
140	0.728
140	0.978
140	0.979
140	0.635
140	0.777
140	0.915
140	0.751
140	1.000
140	0.748
140	0.985
140	0.929
140	0.890
140	0.799
140	0.874
140	0.736
140	0.960
140	0.911
140	0.788
140	0.864
140	0.921
140	0.654
140	0.841
140	0.624
140	0.807
140	0.785
140	0.656
140	0.790
140	0.940
140	0.903
140	0.778
140	0.492
140	0.743
140	0.927
140	0.665
140	0.632
140	0.847
140	0.985
140	0.947
140	0.962
140	0.539
140	0.948
140	0.951
140	0.865
140	0.725
140	0.750
140	0.942
140	0.870
140	0.984
140	0.701
140	0.981
140	0.759
140	0.870
140	0.762
140	0.772
140	0.875
140	0.780
140	0.893
140	0.754
140	0.987
140	1.000
140	0.822
140	0.729
140	0.895
140	0.000
140	0.852
140	0.862
140	0.806
140	0.736
140	0.943
140	0.890
140	0.947
140	0.920
140	0.631
140	0.729
140	0.874
140	0.540
140	0.827
140	0.746
140	0.784
140	0.927
140	0.742
140	0.946
140	0.638
140	0.871
140	0.852
140	0.608
140	0.939
140	0.719
140	0.661
140	0.608
140	0.903
140	0.915
140	0.679
140	0.904
140	0.987
140	0.733
140	0.724
140	0.885
140	0.992
140	0.912
140	0.788
140	0.957
140	0.765
140	0.631
140	0.628
140	0.806
140	0.948
140	0.641
140	0.976
140	0.644
140	0.815
140	0.710
140	0.688
140	0.683
140	0.919
140	0.751
140	0.588
140	0.817
140	0.687
140	0.687
140	0.897
140	0.848
140	0.692
140	0.781
140	0.817
140	0.960
140	0.819
140	0.779
140	0.882
140	0.794
140	0.855
140	0.992
140	1.000
140	0.767
140	0.720
140	0.890
140	0.862
140	0.918
140	0.673
140	0.939
140	0.963
140	0.777
140	0.868
140	0.729
140	1.000
140	0.731
140	0.717
140	0.842
140	0.824
140	0.813
140	0.607
140	0.931
140	0.773
140	0.970
140	0.978
140	0.990
140	0.935
140	0.735
140	0.843
140	0.995
140	0.706
140	0.785
140	0.890
140	0.987
140	0.666
140	0.810
140	0.801
140	0.718
140	0.776
140	0.680
140	0.773
140	0.966
140	0.889
140	0.824
140	0.783
140	0.729
140	0.651
140	0.880
150	0.695
150	0.857
150	0.993
150	0.859
150	0.766
150	0.688
150	0.703
150	0.744
150	0.666
150	0.833
150	0.880
150	0.759
150	0.859
150	0.613
150	0.993
150	0.927
150	0.950
150	0.985
150	0.906
150	0.969
150	0.569
150	0.763
150	0.867
150	0.991
150	0.590
150	0.722
150	0.700
150	0.438
150	0.544
150	0.946
150	0.597
150	0.732
150	0.860
150	1.000
150	0.807
150	0.890
150	0.480
150	0.954
150	0.990
150	0.500
150	0.938
150	0.848
150	0.680
150	0.989
150	0.794
150	0.945
150	0.872
150	0.895
150	1.000
150	0.940
150	0.960
150	0.796
150	0.757
150	0.902
150	0.674
150	0.841
150	0.845
150	1.000
150	0.989
150	0.868
150	0.989
150	0.901
150	0.834
150	1.000
150	0.797
150	0.964
150	0.859
150	1.000
150	0.713
150	0.998
150	0.540
150	0.840
150	0.886
150	0.899
150	0.904
150	0.729
150	0.602
150	0.981
150	0.798
150	0.756
150	0.943
150	0.757
150	0.996
150	0.642
150	0.995
150	0.875
150	0.733
150	0.825
150	0.850
150	0.751
150	0.478
150	0.745
150	0.480
150	0.584
150	0.990
150	0.994
150	0.439
150	0.709
150	0.654
150	0.996
150	0.729
150	0.813
150	0.894
150	0.985
150	0.994
150	0.892
150	1.000
150	0.364
150	0.909
150	0.955
150	1.000
150	0.897
150	0.989
150	0.978
150	0.580
150	0.876
150	0.569
150	0.854
150	0.488
150	0.784
150	0.822
150	0.958
150	0.643
150	0.990
150	0.551
150	0.829
150	0.996
150	0.684
150	0.664
150	0.893
150	0.836
150	0.981
150	0.768
150	0.781
150	0.986
150	0.826
150	0.551
150	0.695
150	1.000
150	0.727
150	0.950
150	0.853
150	0.990
150	0.771
150	0.891
150	0.698
150	0.981
150	0.779
150	0.772
150	0.755
150	1.000
150	0.727
150	0.909
150	0.750
150	1.000
150	0.876
150	0.972
150	0.960
150	0.808
150	1.000
150	0.880
150	0.994
150	0.898
150	0.683
150	0.856
150	0.913
150	0.955
150	0.697
150	0.904
150	0.831
150	0.856
150	0.786
150	0.800
150	0.983
150	0.994
150	0.444
150	0.849
150	0.586
150	0.909
150	0.979
150	0.933
150	0.777
150	0.698
150	0.801
150	0.841
150	0.924
150	0.816
150	0.574
150	0.494
150	0.675
150	0.992
150	0.692
150	0.478
150	0.695
150	0.993
150	0.836
150	0.823
150	0.958
150	0.546
150	0.517
