10	0.868
10	0.601
10	0.381
10	0.866
10	0.470
10	0.728
10	0.314
10	0.636
10	0.702
10	0.534
10	0.325
10	0.997
10	0.119
10	0.888
10	0.517
10	0.338
10	0.096
10	0.503
10	0.358
10	0.090
10	0.802
10	0.250
10	0.296
10	0.750
10	0.750
10	0.949
10	0.676
10	0.739
10	0.661
10	0.476
10	0.917
10	0.583
10	0.356
10	0.544
10	0.341
10	0.432
10	0.708
10	0.190
10	0.020
10	0.739
10	0.214
10	0.710
10	0.413
10	0.330
10	0.381
10	0.496
10	0.223
10	0.341
10	0.745
10	0.241
10	0.457
10	0.380
10	0.606
10	0.269
10	0.193
10	0.597
10	0.755
10	0.935
10	0.833
10	0.597
10	0.506
10	0.546
10	0.532
10	0.787
10	0.589
10	0.459
10	0.512
10	0.902
10	0.550
10	0.634
10	0.425
10	0.380
10	0.326
10	0.000
10	0.498
10	0.592
10	0.230
10	0.542
10	0.544
10	0.663
10	0.467
10	0.546
10	0.977
10	0.787
10	0.063
10	0.821
10	0.361
10	0.489
10	0.608
10	0.000
10	0.623
10	0.480
10	0.349
10	0.261
10	0.000
10	0.333
10	0.164
10	0.285
10	0.388
10	0.400
10	0.833
10	0.471
10	0.693
10	0.358
10	0.491
10	0.419
10	0.181
10	0.240
10	0.199
10	0.905
10	0.434
10	0.590
10	0.108
10	0.017
10	0.585
10	0.369
10	0.101
10	0.539
10	0.620
10	0.849
10	0.499
10	0.624
10	0.288
10	0.371
10	0.490
10	0.692
10	0.883
10	0.578
10	0.926
10	0.342
10	0.166
10	0.093
10	0.511
10	0.386
10	0.275
10	0.197
10	0.262
10	0.607
10	0.239
10	0.630
10	0.599
10	0.934
10	0.100
10	0.642
10	0.062
10	0.428
10	0.896
10	0.759
10	0.489
10	0.537
10	0.238
10	0.497
10	0.557
10	0.249
10	0.697
10	0.436
10	0.445
10	0.524
10	0.836
10	0.410
10	0.860
10	0.173
10	0.601
10	0.456
10	0.866
10	0.709
10	0.166
10	0.520
10	0.837
10	0.836
10	0.165
10	0.206
10	0.487
10	0.273
10	0.586
10	0.482
10	0.853
10	0.372
10	0.613
10	0.530
10	0.453
10	0.584
10	0.615
10	0.266
10	0.725
10	0.236
10	0.500
10	0.003
10	0.293
10	0.466
10	0.699
10	0.442
10	0.204
10	0.825
10	0.207
10	0.441
10	0.421
10	0.391
10	0.717
10	0.267
20	0.625
20	0.321
20	0.363
20	0.598
20	0.594
20	0.974
20	0.456
20	0.891
20	0.554
20	0.618
20	0.602
20	0.353
20	0.542
20	0.000
20	0.578
20	0.339
20	0.368
20	0.379
20	0.777
20	0.090
20	0.395
20	0.378
20	0.375
20	0.489
20	0.965
20	0.752
20	0.452
20	0.806
20	0.271
20	0.422
20	0.577
20	0.932
20	0.091
20	0.248
20	0.465
20	0.343
20	0.540
20	0.416
20	0.595
20	0.606
20	0.931
20	0.001
20	0.888
20	0.529
20	0.232
20	0.471
20	0.320
20	0.494
20	0.989
20	0.808
20	0.852
20	0.305
20	0.174
20	0.387
20	0.862
20	0.936
20	0.004
20	0.583
20	0.807
20	0.829
20	0.478
20	0.761
20	0.330
20	0.822
20	0.162
20	0.431
20	0.651
20	0.312
20	0.688
20	0.644
20	0.239
20	0.639
20	0.340
20	0.174
20	0.579
20	0.324
20	0.513
20	0.251
20	0.637
20	0.752
20	0.164
20	0.385
20	0.337
20	0.377
20	0.030
20	0.057
20	0.210
20	0.999
20	0.532
20	0.883
20	0.355
20	0.132
20	0.438
20	0.432
20	0.284
20	1.000
20	0.571
20	0.463
20	0.525
20	0.490
20	0.696
20	0.448
20	0.306
20	0.558
20	0.999
20	0.347
20	0.368
20	0.574
20	0.036
20	0.743
20	0.558
20	0.732
20	0.590
20	0.657
20	0.270
20	0.576
20	0.454
20	0.377
20	0.336
20	0.360
20	0.861
20	0.576
20	0.514
20	0.500
20	0.794
20	0.936
20	0.401
20	0.325
20	0.755
20	0.121
20	0.193
20	0.513
20	0.308
20	0.489
20	0.283
20	0.494
20	0.293
20	0.287
20	0.566
20	0.497
20	0.644
20	0.118
20	0.543
20	0.484
20	0.345
20	0.879
20	0.037
20	0.677
20	0.807
20	0.481
20	0.531
20	0.742
20	0.939
20	0.692
20	0.785
20	0.552
20	0.924
20	0.546
20	0.396
20	0.362
20	0.146
20	0.372
20	0.513
20	0.828
20	0.354
20	0.554
20	0.618
20	0.073
20	0.637
20	0.076
20	0.318
20	0.336
20	0.574
20	0.123
20	0.444
20	0.848
20	0.656
20	0.845
20	0.799
20	0.265
20	0.709
20	0.770
20	0.508
20	0.655
20	0.394
20	0.007
20	0.058
20	0.306
20	0.542
20	0.851
20	0.513
20	0.412
20	0.604
20	0.202
20	0.536
20	0.452
20	0.772
20	0.946
20	0.564
20	0.590
30	0.852
30	0.497
30	0.719
30	0.425
30	0.223
30	0.554
30	0.635
30	0.768
30	0.537
30	0.723
30	0.320
30	0.550
30	0.193
30	0.518
30	0.418
30	0.768
30	0.290
30	0.501
30	0.439
30	0.793
30	0.443
30	0.245
30	0.485
30	0.446
30	0.415
30	0.713
30	0.173
30	0.710
30	0.218
30	0.323
30	0.100
30	0.046
30	0.203
30	0.543
30	0.765
30	0.999
30	0.442
30	0.681
30	0.412
30	0.802
30	0.207
30	0.683
30	0.683
30	0.951
30	0.781
30	0.413
30	0.463
30	0.149
30	0.596
30	0.391
30	0.381
30	0.496
30	0.481
30	0.296
30	0.856
30	0.465
30	0.072
30	0.225
30	0.670
30	0.382
30	0.666
30	0.079
30	0.623
30	0.934
30	0.726
30	0.186
30	0.608
30	0.163
30	0.070
30	0.688
30	0.015
30	0.862
30	0.272
30	0.483
30	0.536
30	0.482
30	0.123
30	0.683
30	0.717
30	0.262
30	0.428
30	0.515
30	0.424
30	0.188
30	0.152
30	0.458
30	0.429
30	0.119
30	0.117
30	0.690
30	0.423
30	0.616
30	0.429
30	0.529
30	0.503
30	0.274
30	0.871
30	0.217
30	0.668
30	0.767
30	0.939
30	0.570
30	0.371
30	0.379
30	0.415
30	0.619
30	0.979
30	0.283
30	0.464
30	0.724
30	0.586
30	0.824
30	0.540
30	0.375
30	0.432
30	0.490
30	0.342
30	0.041
30	0.096
30	0.321
30	0.681
30	0.817
30	0.851
30	0.540
30	0.748
30	0.291
30	0.323
30	0.227
30	0.163
30	0.500
30	0.571
30	0.724
30	0.167
30	0.724
30	0.819
30	0.093
30	0.501
30	0.455
30	0.372
30	0.418
30	0.251
30	0.320
30	0.080
30	0.721
30	0.808
30	0.663
30	0.251
30	0.207
30	0.261
30	0.761
30	0.573
30	0.460
30	0.403
30	0.326
30	0.558
30	0.546
30	0.001
30	0.320
30	0.677
30	0.713
30	0.309
30	0.986
30	0.024
30	0.111
30	0.950
30	0.930
30	0.286
30	0.264
30	0.737
30	0.401
30	0.223
30	0.327
30	0.415
30	0.678
30	0.682
30	0.106
30	0.003
30	0.369
30	0.378
30	0.559
30	0.708
30	0.495
30	0.473
30	0.960
30	0.587
30	0.051
30	0.623
30	0.507
30	0.603
30	0.641
30	0.339
30	0.780
30	0.316
30	0.448
30	0.615
30	0.567
30	0.574
30	0.030
30	0.428
30	0.665
40	0.321
40	0.317
40	0.352
40	0.227
40	0.750
40	0.561
40	0.748
40	0.488
40	0.556
40	0.339
40	0.383
40	0.247
40	0.066
40	0.483
40	0.819
40	0.423
40	0.541
40	0.556
40	0.802
40	0.604
40	0.267
40	0.248
40	0.364
40	0.543
40	0.270
40	0.539
40	0.713
40	0.342
40	0.799
40	0.748
40	0.385
40	0.343
40	0.605
40	0.397
40	0.027
40	0.402
40	0.687
40	0.246
40	0.822
40	0.584
40	0.751
40	0.489
40	0.809
40	0.346
40	0.009
40	0.002
40	0.001
40	0.905
40	0.553
40	0.476
40	0.452
40	0.603
40	0.533
40	0.561
40	0.209
40	0.532
40	0.490
40	0.213
40	0.205
40	0.060
40	0.374
40	0.448
40	0.000
40	0.265
40	0.534
40	0.823
40	0.247
40	0.683
40	0.436
40	0.561
40	0.920
40	0.542
40	0.215
40	0.527
40	0.373
40	0.897
40	0.762
40	0.834
40	0.210
40	0.736
40	0.434
40	0.736
40	0.203
40	0.774
40	0.648
40	0.556
40	0.513
40	0.269
40	0.695
40	0.563
40	0.389
40	0.205
40	0.683
40	0.292
40	0.768
40	0.815
40	0.663
40	0.749
40	0.400
40	0.619
40	0.224
40	0.324
40	0.836
40	0.583
40	0.284
40	0.398
40	0.242
40	0.531
40	0.000
40	0.993
40	0.700
40	0.243
40	0.410
40	0.000
40	0.337
40	0.697
40	0.122
40	0.630
40	0.468
40	0.339
40	0.389
40	0.225
40	0.685
40	0.100
40	0.659
40	0.217
40	0.447
40	0.776
40	0.601
40	0.525
40	0.441
40	0.461
40	0.493
40	0.234
40	0.318
40	0.032
40	0.672
40	0.447
40	0.690
40	0.287
40	0.712
40	0.013
40	0.365
40	0.547
40	0.806
40	0.629
40	0.376
40	0.405
40	0.750
40	0.239
40	0.798
40	0.024
40	0.338
40	0.375
40	0.665
40	0.823
40	0.489
40	0.512
40	0.703
40	0.339
40	0.693
40	0.751
40	0.454
40	0.677
40	0.676
40	0.616
40	0.727
40	0.623
40	0.732
40	0.942
40	0.690
40	0.638
40	0.753
40	0.221
40	0.003
40	0.898
40	0.592
40	0.695
40	0.212
40	0.521
40	0.696
40	0.430
40	0.362
40	0.171
40	0.447
40	0.826
40	0.125
40	0.281
40	0.672
40	0.356
40	0.679
40	0.000
40	0.671
40	0.131
40	0.608
40	0.370
40	0.549
40	0.598
40	0.445
40	0.183
50	0.734
50	0.227
50	0.495
50	0.605
50	0.265
50	0.629
50	0.490
50	0.077
50	0.459
50	0.555
50	0.975
50	0.428
50	0.356
50	0.603
50	0.915
50	0.432
50	0.596
50	0.272
50	0.776
50	0.782
50	0.644
50	0.954
50	0.846
50	0.556
50	0.694
50	0.370
50	0.563
50	0.781
50	0.576
50	0.924
50	0.427
50	0.551
50	0.274
50	0.330
50	0.735
50	0.508
50	0.651
50	0.652
50	1.000
50	0.596
50	0.931
50	0.713
50	0.061
50	0.429
50	0.956
50	0.098
50	0.399
50	0.461
50	0.490
50	0.364
50	0.226
50	0.131
50	0.542
50	0.267
50	0.096
50	0.060
50	0.570
50	0.423
50	0.194
50	0.328
50	0.544
50	0.017
50	0.259
50	0.835
50	0.925
50	0.461
50	0.520
50	0.741
50	0.835
50	0.850
50	0.464
50	0.368
50	0.963
50	0.330
50	0.746
50	0.648
50	0.420
50	0.616
50	0.422
50	0.641
50	0.482
50	0.614
50	0.461
50	0.615
50	0.375
50	0.830
50	0.496
50	0.523
50	0.955
50	0.422
50	0.936
50	0.819
50	0.292
50	0.901
50	0.688
50	0.445
50	0.649
50	0.071
50	0.381
50	0.195
50	0.218
50	0.598
50	0.298
50	0.578
50	0.890
50	0.513
50	0.094
50	0.851
50	0.530
50	0.821
50	0.415
50	0.192
50	0.369
50	0.517
50	0.464
50	0.119
50	0.093
50	0.696
50	0.421
50	0.661
50	0.642
50	0.281
50	0.476
50	0.411
50	0.795
50	0.207
50	0.664
50	0.495
50	0.885
50	0.473
50	0.907
50	0.738
50	0.233
50	0.653
50	0.989
50	0.536
50	0.551
50	0.660
50	0.683
50	1.000
50	0.601
50	0.018
50	0.871
50	0.389
50	0.490
50	0.350
50	0.765
50	0.561
50	0.000
50	0.131
50	0.699
50	0.929
50	0.336
50	0.804
50	0.299
50	0.653
50	0.000
50	0.264
50	0.501
50	0.605
50	0.764
50	0.465
50	0.593
50	0.328
50	0.598
50	0.521
50	0.698
50	0.357
50	0.469
50	0.929
50	0.649
50	0.619
50	0.638
50	0.362
50	0.439
50	0.962
50	0.444
50	0.715
50	0.362
50	0.051
50	0.069
50	0.012
50	0.307
50	0.940
50	0.595
50	0.256
50	0.498
50	0.715
50	0.274
50	0.603
50	0.401
50	0.494
50	0.750
50	0.612
50	0.561
50	0.469
50	0.421
50	0.000
50	0.610
50	0.344
60	0.601
60	0.497
60	0.554
60	0.611
60	0.773
60	0.938
60	0.501
60	0.417
60	0.955
60	0.573
60	0.415
60	0.758
60	0.294
60	0.259
60	0.685
60	0.730
60	0.151
60	0.364
60	0.672
60	0.757
60	0.662
60	0.046
60	0.268
60	0.653
60	0.319
60	0.884
60	0.431
60	0.660
60	0.452
60	0.378
60	0.474
60	0.434
60	0.535
60	0.671
60	0.484
60	0.299
60	0.572
60	0.640
60	0.368
60	0.618
60	0.852
60	0.592
60	0.452
60	0.851
60	0.536
60	0.584
60	0.548
60	0.734
60	0.328
60	0.016
60	0.752
60	0.385
60	0.505
60	0.170
60	0.871
60	0.825
60	0.013
60	0.540
60	0.317
60	0.490
60	0.745
60	0.557
60	0.769
60	0.876
60	0.676
60	0.486
60	0.215
60	0.560
60	0.605
60	0.079
60	0.842
60	0.479
60	0.542
60	0.638
60	0.598
60	0.005
60	0.495
60	0.235
60	0.473
60	0.000
60	0.521
60	0.435
60	0.859
60	0.532
60	0.494
60	0.125
60	0.497
60	0.509
60	0.999
60	0.146
60	0.292
60	0.807
60	0.617
60	0.289
60	0.517
60	0.488
60	0.711
60	0.579
60	0.664
60	0.312
60	0.529
60	0.592
60	0.132
60	0.620
60	0.610
60	0.562
60	0.982
60	0.564
60	0.265
60	0.189
60	0.526
60	0.640
60	0.747
60	0.735
60	0.473
60	0.373
60	0.396
60	0.405
60	0.950
60	0.516
60	0.450
60	0.665
60	0.678
60	0.430
60	0.555
60	0.957
60	0.814
60	0.109
60	0.171
60	0.210
60	0.333
60	0.645
60	0.000
60	0.240
60	0.635
60	0.697
60	0.742
60	0.882
60	0.294
60	0.804
60	0.710
60	0.614
60	0.729
60	0.053
60	0.482
60	0.248
60	0.229
60	0.216
60	0.507
60	0.962
60	0.719
60	0.581
60	0.897
60	0.310
60	0.908
60	0.630
60	0.420
60	0.100
60	0.330
60	0.811
60	0.835
60	0.289
60	0.155
60	0.767
60	0.537
60	0.901
60	0.516
60	0.270
60	0.891
60	0.598
60	0.602
60	0.644
60	0.912
60	0.111
60	0.244
60	0.312
60	0.882
60	0.521
60	0.758
60	0.523
60	0.575
60	0.480
60	0.832
60	0.301
60	0.129
60	0.631
60	0.422
60	0.668
60	0.471
60	0.010
60	0.411
60	0.504
60	0.470
60	0.526
60	0.549
60	0.483
60	0.623
60	0.689
60	0.503
60	0.094
70	0.349
70	0.703
70	0.716
70	0.811
70	0.860
70	0.513
70	0.126
70	0.549
70	0.699
70	0.498
70	0.587
70	0.781
70	0.712
70	0.749
70	0.544
70	0.801
70	0.496
70	0.480
70	0.591
70	0.744
70	0.869
70	0.852
70	0.719
70	0.543
70	0.783
70	0.945
70	0.537
70	0.564
70	0.722
70	0.557
70	0.507
70	0.566
70	0.493
70	0.565
70	0.619
70	0.643
70	0.000
70	0.602
70	0.933
70	0.734
70	0.163
70	0.795
70	0.236
70	0.955
70	0.944
70	0.691
70	0.279
70	0.641
70	0.986
70	0.884
70	0.501
70	0.171
70	0.660
70	0.931
70	0.124
70	0.664
70	0.813
70	0.806
70	0.366
70	0.733
70	0.836
70	0.680
70	0.863
70	0.493
70	0.675
70	0.597
70	0.441
70	0.468
70	0.327
70	0.540
70	0.726
70	0.930
70	0.478
70	0.456
70	0.957
70	0.976
70	0.606
70	0.888
70	0.320
70	0.733
70	0.631
70	0.682
70	0.167
70	0.855
70	0.559
70	0.666
70	0.791
70	0.774
70	0.822
70	0.279
70	0.748
70	0.728
70	0.625
70	0.423
70	0.433
70	0.618
70	0.504
70	0.817
70	0.912
70	0.949
70	0.873
70	0.358
70	0.322
70	0.572
70	0.717
70	0.373
70	0.795
70	0.504
70	0.455
70	0.863
70	0.595
70	0.598
70	0.586
70	0.901
70	0.692
70	0.376
70	0.859
70	0.384
70	0.991
70	0.780
70	0.540
70	0.796
70	0.704
70	0.716
70	0.333
70	0.434
70	0.447
70	0.600
70	0.385
70	0.893
70	0.910
70	0.539
70	0.569
70	0.422
70	0.956
70	0.356
70	0.606
70	0.531
70	0.853
70	0.401
70	0.548
70	0.860
70	0.180
70	0.372
70	0.987
70	0.886
70	0.261
70	0.649
70	0.326
70	0.474
70	0.780
70	0.535
70	0.419
70	0.764
70	0.515
70	0.644
70	0.410
70	0.584
70	0.800
70	0.324
70	0.883
70	0.509
70	0.241
70	0.800
70	0.757
70	0.782
70	0.757
70	0.630
70	0.682
70	0.585
70	0.780
70	0.469
70	0.880
70	0.870
70	0.704
70	0.806
70	0.726
70	0.901
70	0.425
70	0.197
70	0.711
70	0.531
70	0.668
70	0.568
70	0.628
70	0.529
70	0.577
70	0.467
70	0.634
70	0.606
70	0.762
70	0.447
70	0.782
70	0.687
70	0.694
70	0.589
70	0.922
70	0.397
70	0.646
70	0.755
80	0.343
80	0.943
80	0.874
80	0.939
80	0.829
80	0.514
80	0.544
80	0.762
80	0.508
80	0.513
80	0.894
80	0.932
80	0.890
80	0.506
80	0.586
80	0.759
80	0.585
80	0.844
80	0.506
80	0.788
80	0.991
80	0.600
80	0.443
80	0.674
80	0.496
80	0.839
80	0.705
80	0.356
80	0.860
80	0.499
80	0.749
80	0.726
80	0.934
80	0.336
80	0.720
80	0.628
80	0.361
80	0.903
80	0.776
80	0.613
80	0.840
80	0.404
80	0.853
80	0.586
80	0.580
80	0.643
80	0.744
80	0.763
80	0.752
80	0.429
80	0.676
80	0.555
80	0.684
80	0.619
80	0.754
80	0.583
80	0.670
80	0.682
80	0.349
80	0.285
80	0.389
80	0.917
80	0.660
80	0.831
80	0.652
80	0.389
80	0.987
80	0.490
80	0.824
80	0.827
80	0.693
80	0.693
80	0.534
80	0.413
80	0.791
80	0.601
80	0.602
80	0.660
80	0.453
80	0.909
80	0.779
80	0.283
80	0.244
80	0.767
80	0.554
80	0.690
80	0.694
80	0.586
80	0.662
80	0.517
80	0.989
80	0.618
80	0.713
80	0.330
80	0.311
80	0.662
80	0.989
80	0.790
80	0.938
80	0.794
80	0.732
80	0.737
80	0.686
80	0.771
80	0.630
80	0.765
80	0.886
80	0.486
80	0.701
80	0.520
80	0.608
80	0.947
80	0.790
80	0.820
80	0.457
80	0.980
80	0.915
80	0.072
80	0.406
80	0.955
80	0.901
80	0.795
80	0.987
80	0.829
80	0.730
80	0.372
80	0.765
80	0.445
80	0.989
80	0.378
80	0.564
80	0.634
80	0.552
80	0.570
80	0.845
80	0.757
80	0.979
80	0.582
80	0.535
80	0.741
80	0.432
80	0.703
80	0.774
80	0.655
80	0.915
80	0.541
80	0.767
80	0.417
80	0.778
80	0.367
80	0.338
80	0.319
80	0.814
80	0.479
80	0.923
80	0.821
80	0.973
80	0.804
80	0.469
80	0.710
80	0.632
80	0.784
80	0.553
80	0.808
80	0.692
80	0.637
80	0.696
80	0.796
80	0.693
80	0.735
80	0.712
80	0.762
80	0.522
80	0.639
80	0.601
80	0.632
80	0.396
80	0.533
80	0.721
80	0.964
80	0.858
80	0.504
80	0.774
80	0.694
80	0.700
80	0.957
80	0.670
80	0.902
80	0.984
80	0.696
80	0.677
80	0.867
80	0.852
80	0.986
80	0.641
80	0.467
80	0.756
80	0.936
80	0.613
80	0.416
90	0.816
90	0.586
90	0.455
90	0.850
90	0.847
90	0.425
90	0.606
90	0.900
90	0.861
90	0.592
90	0.764
90	0.843
90	0.811
90	0.555
90	0.681
90	0.894
90	0.867
90	0.773
90	0.783
90	0.736
90	0.506
90	0.645
90	0.749
90	0.709
90	0.419
90	0.722
90	0.576
90	0.726
90	0.719
90	0.764
90	0.825
90	0.947
90	0.771
90	0.578
90	0.554
90	0.656
90	0.746
90	0.549
90	0.563
90	0.940
90	0.718
90	0.624
90	0.496
90	0.871
90	0.844
90	0.941
90	0.783
90	0.654
90	0.631
90	0.765
90	0.711
90	0.734
90	0.851
90	0.616
90	0.742
90	0.587
90	0.384
90	0.737
90	0.690
90	0.525
90	0.866
90	0.713
90	0.536
90	0.734
90	0.756
90	0.710
90	0.873
90	0.849
90	0.568
90	0.976
90	0.741
90	0.893
90	0.800
90	0.808
90	0.795
90	0.829
90	0.555
90	0.976
90	0.637
90	0.754
90	0.399
90	0.665
90	0.689
90	0.850
90	0.626
90	0.748
90	0.874
90	0.837
90	0.671
90	0.860
90	0.863
90	0.917
90	0.673
90	0.949
90	0.830
90	0.547
90	0.741
90	0.641
90	0.562
90	0.704
90	0.636
90	0.716
90	0.322
90	0.583
90	0.566
90	0.706
90	0.626
90	0.549
90	0.865
90	0.619
90	0.832
90	0.409
90	0.953
90	0.458
90	0.688
90	0.789
90	0.710
90	0.947
90	0.636
90	0.600
90	0.964
90	0.576
90	0.733
90	0.957
90	0.583
90	0.734
90	0.944
90	0.588
90	0.994
90	0.740
90	0.645
90	0.923
90	0.727
90	0.698
90	0.999
90	0.825
90	0.638
90	0.752
90	0.616
90	0.478
90	0.768
90	0.000
90	0.755
90	0.694
90	0.790
90	0.682
90	0.869
90	0.684
90	0.847
90	0.783
90	0.675
90	0.705
90	0.792
90	0.675
90	0.661
90	0.656
90	0.609
90	0.771
90	0.844
90	0.685
90	0.740
90	0.616
90	0.691
90	0.410
90	0.663
90	0.386
90	0.763
90	0.673
90	0.579
90	0.387
90	0.684
90	0.610
90	0.806
90	0.569
90	0.569
90	0.573
90	0.610
90	0.835
90	0.639
90	0.790
90	0.687
90	0.829
90	0.789
90	0.549
90	0.000
90	0.615
90	0.692
90	0.548
90	0.799
90	0.695
90	0.655
90	0.473
90	0.779
90	0.790
90	0.533
90	0.616
90	0.962
90	0.774
90	0.527
90	0.597
100	0.636
100	0.873
100	0.835
100	0.940
100	0.829
100	0.000
100	0.717
100	0.533
100	0.683
100	0.789
100	0.845
100	0.668
100	0.734
100	0.738
100	0.772
100	0.489
100	0.597
100	0.978
100	0.731
100	0.616
100	0.877
100	0.473
100	0.848
100	0.747
100	0.479
100	0.843
100	0.807
100	0.898
100	0.540
100	0.702
100	0.876
100	0.909
100	0.671
100	0.715
100	0.808
100	0.863
100	0.839
100	0.728
100	0.827
100	0.572
100	0.801
100	0.980
100	0.645
100	0.601
100	0.521
100	0.793
100	0.726
100	0.774
100	0.831
100	0.682
100	0.685
100	0.857
100	0.546
100	0.896
100	0.798
100	0.760
100	0.841
100	0.562
100	0.844
100	0.978
100	0.819
100	0.913
100	0.687
100	0.818
100	0.552
100	0.811
100	0.543
100	0.785
100	0.644
100	0.807
100	0.836
100	0.944
100	0.714
100	0.867
100	0.707
100	0.772
100	0.806
100	0.619
100	0.557
100	0.598
100	0.683
100	0.831
100	0.801
100	0.694
100	0.815
100	0.424
100	0.968
100	0.868
100	0.698
100	0.607
100	0.804
100	0.602
100	0.719
100	0.778
100	0.732
100	0.647
100	0.538
100	0.453
100	0.826
100	0.813
100	0.664
100	0.682
100	0.866
100	0.411
100	0.863
100	0.835
100	0.718
100	0.700
100	0.780
100	0.707
100	0.532
100	0.807
100	0.870
100	0.812
100	0.578
100	0.532
100	0.741
100	0.464
100	0.823
100	0.875
100	0.694
100	0.668
100	0.918
100	0.647
100	0.651
100	0.726
100	0.769
100	0.688
100	0.684
100	0.570
100	0.971
100	0.607
100	0.981
100	0.970
100	0.737
100	0.898
100	0.736
100	0.664
100	0.754
100	0.878
100	0.665
100	0.804
100	0.653
100	0.682
100	0.746
100	0.853
100	0.709
100	0.688
100	0.587
100	0.531
100	0.988
100	0.419
100	0.823
100	0.505
100	1.000
100	0.635
100	0.873
100	0.767
100	0.000
100	0.821
100	0.801
100	0.610
100	0.759
100	0.835
100	0.631
100	0.551
100	0.660
100	0.857
100	0.582
100	0.591
100	0.647
100	0.839
100	0.398
100	0.781
100	0.610
100	0.601
100	0.745
100	0.396
100	0.788
100	0.810
100	0.939
100	0.877
100	0.685
100	0.777
100	0.459
100	0.814
100	0.811
100	0.863
100	0.667
100	0.783
100	0.694
100	0.765
100	0.866
100	0.913
100	0.658
100	0.364
100	0.560
100	0.804
100	0.708
100	0.804
110	0.447
110	0.987
110	1.000
110	0.993
110	1.000
110	0.856
110	0.983
110	0.579
110	0.883
110	0.453
110	0.493
110	0.779
110	0.979
110	0.772
110	0.975
110	0.965
110	0.976
110	0.520
110	0.464
110	0.998
110	0.979
110	0.967
110	1.000
110	0.772
110	0.967
110	0.994
110	0.987
110	0.626
110	0.625
110	0.729
110	0.868
110	0.998
110	0.994
110	0.959
110	0.398
110	1.000
110	0.992
110	0.986
110	1.000
110	0.514
110	1.000
110	0.617
110	0.724
110	0.957
110	0.949
110	0.960
110	0.990
110	0.665
110	0.877
110	0.993
110	0.991
110	1.000
110	0.430
110	0.848
110	1.000
110	0.659
110	0.692
110	0.975
110	0.273
110	0.724
110	0.901
110	0.771
110	0.991
110	0.924
110	0.740
110	0.992
110	0.305
110	0.956
110	0.993
110	0.971
110	0.536
110	0.994
110	0.699
110	0.986
110	1.000
110	0.775
110	1.000
110	1.000
110	1.000
110	0.879
110	0.566
110	0.566
110	1.000
110	0.596
110	0.841
110	0.631
110	0.965
110	0.984
110	0.765
110	0.989
110	0.985
110	0.956
110	0.955
110	0.771
110	0.802
110	0.890
110	0.939
110	0.481
110	0.820
110	0.993
110	0.979
110	1.000
110	0.374
110	0.990
110	0.991
110	0.988
110	1.000
110	0.986
110	0.737
110	0.978
110	0.734
110	0.969
110	0.993
110	0.927
110	0.989
110	0.866
110	0.599
110	1.000
110	0.643
110	0.282
110	0.994
110	0.849
110	0.747
110	0.995
110	0.898
110	0.717
110	0.992
110	0.620
110	0.633
110	0.911
110	0.903
110	0.807
110	0.705
110	1.000
110	0.985
110	1.000
110	1.000
110	0.653
110	0.987
110	0.655
110	0.978
110	0.784
110	0.992
110	0.837
110	0.518
110	0.981
110	0.703
110	1.000
110	0.996
110	0.982
110	1.000
110	0.989
110	0.978
110	0.832
110	0.840
110	0.746
110	0.745
110	0.817
110	0.855
110	0.793
110	0.561
110	0.731
110	0.610
110	0.880
110	0.988
110	0.734
110	0.685
110	0.558
110	0.783
110	0.987
110	0.494
110	0.726
110	0.706
110	0.967
110	0.948
110	0.985
110	1.000
110	0.985
110	1.000
110	1.000
110	0.982
110	1.000
110	0.873
110	0.756
110	0.980
110	0.982
110	0.992
110	1.000
110	0.599
110	0.839
110	0.834
110	1.000
110	0.989
110	0.935
110	0.992
110	0.993
110	1.000
110	0.973
110	1.000
110	0.991
120	0.985
120	0.793
120	0.797
120	0.866
120	0.874
120	0.633
120	0.874
120	0.986
120	0.747
120	1.000
120	0.971
120	0.625
120	0.898
120	1.000
120	0.928
120	0.990
120	0.786
120	1.000
120	0.857
120	0.565
120	0.990
120	1.000
120	0.873
120	0.856
120	0.987
120	0.895
120	0.985
120	1.000
120	0.986
120	0.946
120	0.799
120	0.971
120	0.780
120	0.688
120	0.986
120	0.990
120	0.770
120	1.000
120	0.898
120	0.828
120	1.000
120	1.000
120	0.995
120	0.989
120	0.982
120	0.717
120	0.916
120	1.000
120	0.994
120	0.786
120	0.835
120	0.994
120	0.949
120	0.992
120	0.528
120	0.517
120	0.920
120	0.868
120	0.988
120	0.968
120	0.962
120	0.751
120	0.698
120	0.800
120	0.739
120	0.994
120	0.403
120	1.000
120	0.813
120	0.993
120	0.991
120	0.991
120	0.685
120	0.834
120	0.669
120	1.000
120	0.749
120	0.670
120	1.000
120	0.991
120	0.995
120	0.610
120	1.000
120	0.920
120	0.840
120	0.724
120	0.973
120	0.876
120	0.818
120	0.783
120	0.797
120	0.754
120	0.918
120	0.982
120	0.492
120	0.718
120	0.749
120	0.755
120	0.692
120	0.993
120	1.000
120	0.803
120	0.549
120	1.000
120	0.992
120	0.993
120	0.961
120	0.512
120	0.839
120	0.859
120	0.421
120	0.841
120	0.905
120	0.314
120	0.789
120	0.743
120	0.922
120	0.987
120	1.000
120	0.983
120	0.102
120	0.949
120	0.853
120	0.987
120	0.992
120	0.993
120	0.960
120	0.881
120	0.767
120	0.540
120	0.758
120	0.992
120	0.988
120	0.825
120	0.629
120	0.994
120	0.763
120	0.991
120	0.457
120	0.849
120	0.994
120	0.842
120	0.999
120	0.983
120	0.695
120	1.000
120	1.000
120	0.646
120	0.688
120	0.815
120	0.980
120	0.980
120	0.981
120	0.987
120	0.829
120	0.989
120	0.990
120	0.987
120	0.981
120	0.716
120	0.701
120	1.000
120	0.758
120	0.990
120	1.000
120	0.980
120	1.000
120	0.648
120	0.975
120	0.752
120	0.660
120	0.575
120	0.994
120	0.973
120	1.000
120	0.992
120	0.839
120	0.822
120	0.990
120	0.993
120	0.740
120	0.992
120	0.730
120	0.819
120	0.991
120	0.895
120	0.735
120	0.991
120	0.570
120	0.868
120	0.954
120	0.991
120	1.000
120	0.970
120	0.985
120	0.619
120	0.990
120	1.000
120	0.976
120	0.983
130	0.697
130	0.918
130	1.000
130	0.719
130	0.977
130	0.990
130	0.903
130	0.459
130	0.933
130	0.985
130	0.682
130	0.759
130	0.723
130	0.791
130	0.909
130	0.585
130	0.945
130	1.000
130	0.984
130	0.683
130	0.981
130	0.988
130	0.992
130	1.000
130	0.973
130	1.000
130	0.990
130	0.880
130	0.990
130	0.605
130	0.829
130	0.830
130	0.993
130	0.993
130	0.532
130	0.994
130	0.991
130	0.620
130	0.926
130	0.763
130	0.990
130	0.990
130	1.000
130	0.991
130	0.994
130	0.696
130	0.813
130	0.943
130	1.000
130	0.954
130	0.978
130	1.000
130	0.772
130	0.986
130	0.988
130	0.994
130	0.732
130	0.975
130	0.764
130	0.945
130	0.992
130	0.748
130	0.987
130	1.000
130	0.857
130	1.000
130	0.789
130	0.688
130	0.933
130	0.989
130	0.844
130	0.387
130	0.743
130	0.766
130	0.998
130	0.754
130	0.699
130	0.719
130	0.922
130	0.813
130	0.913
130	0.802
130	0.757
130	0.868
130	0.993
130	0.814
130	0.647
130	0.860
130	0.831
130	0.988
130	0.827
130	0.995
130	0.994
130	0.906
130	0.688
130	1.000
130	0.952
130	1.000
130	1.000
130	0.947
130	0.774
130	0.993
130	1.000
130	0.617
130	0.680
130	0.631
130	0.628
130	0.880
130	0.759
130	0.622
130	1.000
130	0.694
130	1.000
130	0.982
130	0.924
130	1.000
130	0.720
130	0.556
130	0.702
130	0.994
130	1.000
130	0.947
130	0.731
130	0.704
130	0.646
130	0.976
130	0.993
130	0.904
130	0.517
130	0.993
130	0.918
130	1.000
130	0.899
130	0.987
130	0.788
130	1.000
130	0.654
130	0.992
130	0.968
130	0.981
130	0.762
130	0.808
130	0.895
130	0.560
130	0.991
130	0.993
130	0.988
130	0.993
130	0.990
130	0.754
130	0.521
130	0.989
130	1.000
130	0.685
130	0.879
130	0.994
130	1.000
130	0.702
130	0.576
130	0.642
130	0.994
130	0.673
130	0.877
130	0.833
130	0.554
130	0.818
130	0.615
130	0.991
130	0.953
130	0.945
130	0.816
130	0.767
130	0.986
130	0.789
130	0.480
130	0.983
130	0.591
130	0.881
130	0.760
130	0.749
130	0.982
130	0.992
130	0.556
130	0.990
130	0.703
130	0.879
130	0.861
130	0.984
130	0.722
130	1.000
130	0.982
130	0.990
130	0.998
130	0.970
130	0.632
130	0.884
130	0.623
130	0.338
130	0.925
130	0.678
140	0.854
140	0.992
140	0.973
140	0.685
140	0.940
140	0.992
140	0.764
140	0.982
140	0.996
140	0.594
140	0.714
140	0.770
140	0.772
140	0.993
140	0.988
140	0.993
140	0.719
140	0.921
140	0.993
140	0.823
140	0.812
140	0.862
140	0.992
140	0.903
140	0.953
140	0.801
140	0.612
140	1.000
140	0.604
140	0.883
140	1.000
140	0.987
140	1.000
140	0.907
140	0.846
140	1.000
140	0.881
140	0.996
140	0.903
140	0.671
140	0.774
140	0.874
140	0.859
140	0.971
140	1.000
140	0.914
140	0.675
140	0.743
140	1.000
140	1.000
140	0.986
140	0.988
140	0.711
140	0.990
140	0.992
140	0.805
140	0.893
140	1.000
140	0.992
140	0.741
140	0.990
140	0.650
140	0.596
140	0.826
140	0.994
140	0.694
140	1.000
140	0.672
140	0.876
140	0.990
140	0.679
140	0.989
140	0.987
140	0.977
140	0.918
140	0.966
140	0.945
140	0.983
140	0.994
140	0.996
140	0.710
140	0.811
140	0.742
140	0.372
140	0.728
140	0.995
140	0.992
140	0.922
140	0.609
140	0.991
140	0.940
140	1.000
140	0.746
140	0.990
140	0.990
140	0.995
140	0.791
140	0.740
140	0.993
140	0.981
140	1.000
140	0.994
140	0.714
140	0.939
140	0.616
140	0.689
140	0.994
140	1.000
140	0.933
140	0.656
140	1.000
140	0.803
140	0.926
140	0.753
140	0.625
140	0.985
140	0.993
140	0.989
140	0.987
140	0.925
140	0.800
140	0.993
140	0.995
140	0.942
140	0.982
140	0.808
140	1.000
140	0.767
140	0.850
140	0.989
140	0.856
140	0.735
140	0.937
140	0.383
140	1.000
140	0.990
140	0.979
140	0.989
140	0.952
140	0.994
140	0.516
140	0.495
140	0.987
140	0.757
140	0.989
140	0.738
140	0.808
140	0.832
140	0.742
140	0.978
140	0.905
140	0.986
140	0.988
140	0.915
140	1.000
140	0.991
140	0.995
140	0.711
140	0.863
140	0.993
140	0.993
140	0.992
140	0.946
140	0.995
140	0.616
140	0.935
140	0.851
140	0.959
140	0.413
140	0.906
140	0.995
140	0.993
140	0.888
140	0.905
140	0.803
140	0.710
140	0.990
140	1.000
140	0.986
140	0.837
140	0.985
140	1.000
140	0.933
140	0.985
140	0.678
140	0.905
140	0.662
140	0.986
140	1.000
140	0.882
140	0.560
140	0.824
140	0.906
140	0.691
140	0.795
140	0.828
140	1.000
140	0.994
140	0.684
140	0.996
150	0.994
150	0.585
150	0.767
150	0.905
150	0.575
150	0.969
150	0.900
150	0.992
150	0.992
150	0.984
150	1.000
150	0.671
150	0.979
150	0.811
150	0.779
150	0.487
150	0.758
150	0.992
150	0.992
150	0.916
150	1.000
150	0.814
150	0.681
150	0.797
150	0.826
150	0.694
150	0.992
150	0.943
150	0.836
150	0.960
150	1.000
150	0.890
150	0.882
150	1.000
150	0.946
150	0.993
150	0.693
150	0.795
150	0.823
150	0.692
150	0.986
150	0.992
150	1.000
150	0.896
150	1.000
150	0.717
150	0.621
150	0.963
150	1.000
150	0.993
150	0.924
150	0.711
150	0.838
150	0.779
150	0.860
150	1.000
150	0.996
150	0.839
150	1.000
150	0.979
150	0.730
150	0.997
150	0.993
150	0.950
150	0.606
150	0.659
150	0.574
150	0.766
150	0.654
150	0.992
150	0.933
150	1.000
150	0.841
150	0.847
150	0.861
150	0.570
150	0.730
150	0.987
150	1.000
150	0.985
150	0.869
150	0.850
150	0.861
150	0.970
150	0.852
150	0.703
150	0.996
150	0.729
150	0.987
150	0.983
150	0.565
150	1.000
150	0.934
150	0.822
150	0.950
150	0.995
150	0.989
150	0.822
150	0.994
150	1.000
150	0.989
150	0.885
150	0.931
150	0.983
150	0.937
150	0.972
150	0.994
150	0.734
150	0.993
150	0.989
150	0.782
150	0.918
150	0.988
150	0.708
150	0.793
150	0.970
150	0.809
150	0.944
150	0.966
150	0.993
150	0.988
150	0.777
150	0.988
150	1.000
150	0.845
150	0.990
150	0.815
150	0.805
150	0.957
150	0.722
150	0.768
150	1.000
150	0.875
150	0.813
150	0.996
150	0.846
150	0.726
150	0.992
150	0.984
150	0.994
150	0.717
150	0.685
150	0.752
150	0.910
150	0.622
150	0.853
150	1.000
150	0.982
150	0.864
150	0.987
150	0.875
150	1.000
150	0.992
150	0.897
150	1.000
150	0.938
150	0.872
150	0.624
150	0.995
150	1.000
150	0.882
150	1.000
150	0.862
150	0.985
150	0.554
150	0.973
150	1.000
150	0.952
150	0.817
150	0.994
150	0.740
150	0.994
150	0.984
150	0.860
150	1.000
150	0.828
150	0.987
150	0.939
150	0.829
150	0.610
150	0.923
150	0.838
150	0.791
150	0.991
150	0.982
150	0.990
150	0.751
150	0.973
150	0.808
150	1.000
150	0.991
150	0.713
150	0.800
150	0.994
150	0.982
150	0.868
150	0.953
150	0.861
150	1.000
150	0.713
