10	0.270
10	0.507
10	0.317
10	0.402
10	0.000
10	0.003
10	0.345
10	0.197
10	0.014
10	0.145
10	0.112
10	0.224
10	0.287
10	0.384
10	0.114
10	0.474
10	0.116
10	0.308
10	0.182
10	0.128
10	0.445
10	0.560
10	0.020
10	0.530
10	0.132
10	0.369
10	0.428
10	0.000
10	0.403
10	0.066
10	0.019
10	0.437
10	0.333
10	0.273
10	0.314
10	0.056
10	0.042
10	0.464
10	0.356
10	0.336
10	0.142
10	0.110
10	0.427
10	0.002
10	0.304
10	0.089
10	0.233
10	0.259
10	0.149
10	0.028
10	0.607
10	0.211
10	0.664
10	0.461
10	0.046
10	0.060
10	0.276
10	0.347
10	0.535
10	0.792
10	0.535
10	0.179
10	0.392
10	0.609
10	0.119
10	0.321
10	0.085
10	0.267
10	0.281
10	0.171
10	0.754
10	0.436
10	0.158
10	0.365
10	0.302
10	0.105
10	0.332
10	0.291
10	0.353
10	0.515
10	0.378
10	0.584
10	0.094
10	0.002
10	0.213
10	0.417
10	0.082
10	0.165
10	0.650
10	0.234
10	0.099
10	0.685
10	0.428
10	0.530
10	0.350
10	0.030
10	0.417
10	0.530
10	0.100
10	0.248
10	0.246
10	0.195
10	0.547
10	0.432
10	0.414
10	0.258
10	0.096
10	0.262
10	0.311
10	0.256
10	0.271
10	0.387
10	0.120
10	0.216
10	0.239
10	0.010
10	0.363
10	0.385
10	0.364
10	0.108
10	0.350
10	0.491
10	0.373
10	0.186
10	0.443
10	0.050
10	0.626
10	0.214
10	0.346
10	0.316
10	0.163
10	0.335
10	0.460
10	0.449
10	0.083
10	0.015
10	0.255
10	0.079
10	0.029
10	0.057
10	0.353
10	0.175
10	0.110
10	0.157
10	0.222
10	0.671
10	0.151
10	0.355
10	0.426
10	0.284
10	0.527
10	0.427
10	0.293
10	0.569
10	0.093
10	0.229
10	0.028
10	0.746
10	0.401
10	0.425
10	0.326
10	0.258
10	0.376
10	0.088
10	0.262
10	0.225
10	0.235
10	0.298
10	0.439
10	0.016
10	0.061
10	0.582
10	0.165
10	0.294
10	0.525
10	0.097
10	0.320
10	0.015
10	0.030
10	0.144
10	0.188
10	0.425
10	0.108
10	0.338
10	0.333
10	0.405
10	0.129
10	0.419
10	0.239
10	0.364
10	0.000
10	0.307
10	0.256
10	0.327
10	0.323
10	0.475
10	0.346
10	0.396
10	0.155
10	0.548
20	0.432
20	0.309
20	0.272
20	0.613
20	0.557
20	0.128
20	0.349
20	0.604
20	0.357
20	0.109
20	0.357
20	0.460
20	0.436
20	0.000
20	0.237
20	0.507
20	0.139
20	0.087
20	0.429
20	0.130
20	0.586
20	0.226
20	0.772
20	0.345
20	0.413
20	0.180
20	0.527
20	0.138
20	0.649
20	0.208
20	0.551
20	0.427
20	0.044
20	0.793
20	0.500
20	0.008
20	0.000
20	0.534
20	0.438
20	0.685
20	0.207
20	0.252
20	0.332
20	0.385
20	0.396
20	0.307
20	0.591
20	0.417
20	0.191
20	0.585
20	0.394
20	0.423
20	0.475
20	0.215
20	0.460
20	0.313
20	0.215
20	0.702
20	0.245
20	0.235
20	0.309
20	0.785
20	0.396
20	0.428
20	0.066
20	0.068
20	0.157
20	0.270
20	0.508
20	0.453
20	0.215
20	0.326
20	0.015
20	0.176
20	0.425
20	0.306
20	0.394
20	0.769
20	0.044
20	0.692
20	0.780
20	0.458
20	0.397
20	0.378
20	0.398
20	0.510
20	0.279
20	0.125
20	0.452
20	0.360
20	0.081
20	0.214
20	0.514
20	0.441
20	0.372
20	0.570
20	0.040
20	0.609
20	0.606
20	0.290
20	0.626
20	0.233
20	0.390
20	0.548
20	0.942
20	0.446
20	0.055
20	0.826
20	0.264
20	0.603
20	0.690
20	0.062
20	0.345
20	0.196
20	0.162
20	0.185
20	0.101
20	0.328
20	0.294
20	0.089
20	0.503
20	0.240
20	0.600
20	0.327
20	0.484
20	0.528
20	0.487
20	0.619
20	0.225
20	0.363
20	0.206
20	0.423
20	0.412
20	0.114
20	0.284
20	0.346
20	0.322
20	0.325
20	0.429
20	0.075
20	0.141
20	0.266
20	0.000
20	0.501
20	0.328
20	0.437
20	0.271
20	0.450
20	0.658
20	0.532
20	0.243
20	0.719
20	0.001
20	0.276
20	0.327
20	0.331
20	0.514
20	0.000
20	0.301
20	0.310
20	0.404
20	0.156
20	0.321
20	0.448
20	0.200
20	0.279
20	0.119
20	0.149
20	0.543
20	0.239
20	0.148
20	0.044
20	0.022
20	0.452
20	0.000
20	0.245
20	0.615
20	0.658
20	0.393
20	0.595
20	0.496
20	0.053
20	0.357
20	0.487
20	0.359
20	0.205
20	0.250
20	0.633
20	0.004
20	0.492
20	0.349
20	0.234
20	0.118
20	0.668
20	0.271
20	0.162
20	0.238
20	0.527
20	0.011
20	0.355
30	0.694
30	0.489
30	0.104
30	0.447
30	0.684
30	0.521
30	0.135
30	0.541
30	0.324
30	0.615
30	0.083
30	0.760
30	0.496
30	0.289
30	0.191
30	0.474
30	0.253
30	0.000
30	0.359
30	0.351
30	0.444
30	0.252
30	0.286
30	0.223
30	0.448
30	0.033
30	0.808
30	0.249
30	0.677
30	0.273
30	0.405
30	0.446
30	0.327
30	0.376
30	0.216
30	0.256
30	0.111
30	0.540
30	0.291
30	0.544
30	0.364
30	0.402
30	0.472
30	0.590
30	0.356
30	0.612
30	0.567
30	0.280
30	0.745
30	0.569
30	0.190
30	0.107
30	0.590
30	0.481
30	0.444
30	0.220
30	0.328
30	0.584
30	0.494
30	0.443
30	0.383
30	0.221
30	0.414
30	0.561
30	0.286
30	0.093
30	0.129
30	0.281
30	0.633
30	0.635
30	0.591
30	0.565
30	0.385
30	0.333
30	0.575
30	0.540
30	0.416
30	0.500
30	0.605
30	0.519
30	0.488
30	0.162
30	0.506
30	0.333
30	0.561
30	0.513
30	0.280
30	0.580
30	0.562
30	0.183
30	0.421
30	0.532
30	0.127
30	0.274
30	0.246
30	0.694
30	0.000
30	0.609
30	0.436
30	0.126
30	0.544
30	0.463
30	0.284
30	0.501
30	0.160
30	0.188
30	0.343
30	0.575
30	0.649
30	0.444
30	0.209
30	0.408
30	0.428
30	0.819
30	0.639
30	0.685
30	0.663
30	0.293
30	0.460
30	0.651
30	0.396
30	0.548
30	0.576
30	0.226
30	0.497
30	0.195
30	0.238
30	0.584
30	0.352
30	0.571
30	0.300
30	0.630
30	0.708
30	0.238
30	0.670
30	0.804
30	0.374
30	0.421
30	0.243
30	0.569
30	0.573
30	0.682
30	0.109
30	0.290
30	0.490
30	0.308
30	0.300
30	0.434
30	0.160
30	0.242
30	0.234
30	0.584
30	0.709
30	0.415
30	0.345
30	0.336
30	0.811
30	0.380
30	0.179
30	0.566
30	0.108
30	0.631
30	0.408
30	0.930
30	0.542
30	0.537
30	0.640
30	0.724
30	0.125
30	0.657
30	0.570
30	0.362
30	0.302
30	0.529
30	0.185
30	0.461
30	0.063
30	0.502
30	0.657
30	0.044
30	0.340
30	0.336
30	0.425
30	0.284
30	0.297
30	0.751
30	0.372
30	0.224
30	0.658
30	0.419
30	0.471
30	0.674
30	0.496
30	0.008
30	0.260
30	0.426
30	0.714
30	0.361
30	0.621
30	0.274
40	0.446
40	0.544
40	0.521
40	0.634
40	0.730
40	0.524
40	0.602
40	0.506
40	0.445
40	0.585
40	0.651
40	0.263
40	0.797
40	0.809
40	0.416
40	0.750
40	0.434
40	0.461
40	0.559
40	0.554
40	0.603
40	0.582
40	0.726
40	0.608
40	0.712
40	0.473
40	0.572
40	0.429
40	0.551
40	0.586
40	0.427
40	0.563
40	0.766
40	0.493
40	0.582
40	0.404
40	0.534
40	0.521
40	0.458
40	0.638
40	0.638
40	0.665
40	0.445
40	0.603
40	0.376
40	0.672
40	0.257
40	0.488
40	0.485
40	0.600
40	0.257
40	0.666
40	0.555
40	0.487
40	0.669
40	0.424
40	0.662
40	0.606
40	0.634
40	0.701
40	0.635
40	0.424
40	0.793
40	0.581
40	0.795
40	0.697
40	0.732
40	0.835
40	0.691
40	0.319
40	0.532
40	0.726
40	0.748
40	0.386
40	0.789
40	0.516
40	0.393
40	0.670
40	0.693
40	0.583
40	0.536
40	0.708
40	0.624
40	0.517
40	0.591
40	0.602
40	0.289
40	0.597
40	0.685
40	0.509
40	0.600
40	0.466
40	0.778
40	0.717
40	0.543
40	0.563
40	0.630
40	0.558
40	0.751
40	0.354
40	0.391
40	0.745
40	0.595
40	0.534
40	0.763
40	0.446
40	0.720
40	0.158
40	0.450
40	0.535
40	0.527
40	0.616
40	0.582
40	0.563
40	0.418
40	0.466
40	0.498
40	0.449
40	0.599
40	0.593
40	0.801
40	0.656
40	0.634
40	0.417
40	0.709
40	0.488
40	0.645
40	0.680
40	0.476
40	0.549
40	0.431
40	0.632
40	0.451
40	0.359
40	0.344
40	0.570
40	0.546
40	0.418
40	0.555
40	0.615
40	0.264
40	0.731
40	0.556
40	0.642
40	0.725
40	0.444
40	0.740
40	0.405
40	0.650
40	0.216
40	0.706
40	0.367
40	0.503
40	0.573
40	0.681
40	0.805
40	0.373
40	0.466
40	0.709
40	0.531
40	0.842
40	0.501
40	0.557
40	0.601
40	0.555
40	0.546
40	0.263
40	0.647
40	0.414
40	0.582
40	0.623
40	0.515
40	0.665
40	0.457
40	0.480
40	0.362
40	0.438
40	0.510
40	0.701
40	0.478
40	0.507
40	0.845
40	0.343
40	0.603
40	0.540
40	0.740
40	0.469
40	0.721
40	0.440
40	0.482
40	0.298
40	0.089
40	0.733
40	0.411
40	0.506
40	0.471
40	0.550
40	0.430
40	0.396
40	0.677
50	0.666
50	0.792
50	0.723
50	0.801
50	0.622
50	0.560
50	0.351
50	0.729
50	0.770
50	0.742
50	0.563
50	0.425
50	0.167
50	0.477
50	0.775
50	0.527
50	0.589
50	0.562
50	0.647
50	0.647
50	0.701
50	0.920
50	0.584
50	0.843
50	0.604
50	0.658
50	0.423
50	0.676
50	0.568
50	0.854
50	0.624
50	0.873
50	0.492
50	0.558
50	0.624
50	0.653
50	0.703
50	0.700
50	0.675
50	0.755
50	0.699
50	0.668
50	0.657
50	0.507
50	0.601
50	0.696
50	0.595
50	0.774
50	0.761
50	0.735
50	0.779
50	0.583
50	0.750
50	0.000
50	0.771
50	0.759
50	0.805
50	0.414
50	0.696
50	0.685
50	0.814
50	0.653
50	0.753
50	0.575
50	0.562
50	0.668
50	0.582
50	0.641
50	0.783
50	0.650
50	0.790
50	0.416
50	0.681
50	0.820
50	0.608
50	0.531
50	0.706
50	0.690
50	0.841
50	0.709
50	0.719
50	0.680
50	0.743
50	0.616
50	0.747
50	0.616
50	0.789
50	0.698
50	0.728
50	0.788
50	0.566
50	0.500
50	0.601
50	0.623
50	0.680
50	0.632
50	0.646
50	0.707
50	0.684
50	0.573
50	0.569
50	0.678
50	0.495
50	0.820
50	0.638
50	0.557
50	0.592
50	0.748
50	0.660
50	0.163
50	0.738
50	0.556
50	0.567
50	0.496
50	0.772
50	0.752
50	0.602
50	0.388
50	0.721
50	0.922
50	0.577
50	0.732
50	0.523
50	0.651
50	0.811
50	0.729
50	0.298
50	0.617
50	0.705
50	0.775
50	0.526
50	0.541
50	0.502
50	0.730
50	0.397
50	0.722
50	0.480
50	0.649
50	0.621
50	0.457
50	0.708
50	0.686
50	0.782
50	0.475
50	0.774
50	0.565
50	0.655
50	0.607
50	0.563
50	0.534
50	0.763
50	0.000
50	0.665
50	0.548
50	0.764
50	0.638
50	0.499
50	0.795
50	0.649
50	0.667
50	0.788
50	0.532
50	0.550
50	0.778
50	0.626
50	0.483
50	0.770
50	0.486
50	0.598
50	0.762
50	0.828
50	0.000
50	0.544
50	0.657
50	0.700
50	0.838
50	0.773
50	0.670
50	0.695
50	0.717
50	0.548
50	0.701
50	0.736
50	0.605
50	0.556
50	0.647
50	0.516
50	0.698
50	0.463
50	0.540
50	0.889
50	0.748
50	0.814
50	0.633
50	0.655
50	0.689
50	0.646
50	0.731
50	0.872
50	0.598
60	0.791
60	0.323
60	0.473
60	0.508
60	0.712
60	0.697
60	0.858
60	0.637
60	0.723
60	0.647
60	0.459
60	0.542
60	0.366
60	0.770
60	0.773
60	0.838
60	0.567
60	0.726
60	0.643
60	0.562
60	0.564
60	0.499
60	0.387
60	0.615
60	0.890
60	0.514
60	0.543
60	0.728
60	0.825
60	0.453
60	0.798
60	0.773
60	0.704
60	0.868
60	0.759
60	0.626
60	0.431
60	0.866
60	0.343
60	0.553
60	0.781
60	0.830
60	0.981
60	0.850
60	0.793
60	0.571
60	0.152
60	0.766
60	0.840
60	0.633
60	0.604
60	0.499
60	0.662
60	0.713
60	0.596
60	0.713
60	0.406
60	0.441
60	0.357
60	0.810
60	0.852
60	0.561
60	0.724
60	0.533
60	0.821
60	0.623
60	0.829
60	0.425
60	0.277
60	0.494
60	0.765
60	0.713
60	0.567
60	0.671
60	0.747
60	0.447
60	0.515
60	0.605
60	0.556
60	0.706
60	0.834
60	0.764
60	0.794
60	0.000
60	0.633
60	0.675
60	0.487
60	0.786
60	0.510
60	0.553
60	0.616
60	0.704
60	0.523
60	0.599
60	0.911
60	0.773
60	0.506
60	0.516
60	0.652
60	0.446
60	0.692
60	0.865
60	0.395
60	0.455
60	0.934
60	0.493
60	0.926
60	0.590
60	0.756
60	0.701
60	0.573
60	0.763
60	0.641
60	0.921
60	0.568
60	0.692
60	0.593
60	0.625
60	0.802
60	0.610
60	0.440
60	0.651
60	0.744
60	0.631
60	0.682
60	0.738
60	0.385
60	0.667
60	0.781
60	0.530
60	0.493
60	0.378
60	0.695
60	0.756
60	0.674
60	0.239
60	0.648
60	0.446
60	0.571
60	0.670
60	0.672
60	0.559
60	0.855
60	0.697
60	0.699
60	0.731
60	0.274
60	0.532
60	0.683
60	0.564
60	0.817
60	0.663
60	0.560
60	0.634
60	0.571
60	0.744
60	0.743
60	0.949
60	0.637
60	0.786
60	0.649
60	0.759
60	0.583
60	0.768
60	0.657
60	0.947
60	0.843
60	0.746
60	0.411
60	0.371
60	0.686
60	0.848
60	0.691
60	0.765
60	0.606
60	0.554
60	0.664
60	0.713
60	0.593
60	0.807
60	0.642
60	0.881
60	0.685
60	0.500
60	0.464
60	0.713
60	0.913
60	0.603
60	0.785
60	0.900
60	0.621
60	0.787
60	0.507
60	0.512
60	0.661
60	0.831
60	0.448
60	0.506
60	0.816
60	0.433
70	0.477
70	0.499
70	0.755
70	0.690
70	0.635
70	0.581
70	0.724
70	0.775
70	0.000
70	0.118
70	0.774
70	0.644
70	0.848
70	0.658
70	0.671
70	0.796
70	0.701
70	0.960
70	0.693
70	0.812
70	0.857
70	0.872
70	0.713
70	0.775
70	0.765
70	0.650
70	0.351
70	0.651
70	0.808
70	0.552
70	0.683
70	0.805
70	0.534
70	0.696
70	0.737
70	0.615
70	0.698
70	0.606
70	0.665
70	0.000
70	0.624
70	0.817
70	0.721
70	0.344
70	0.945
70	0.816
70	0.739
70	0.587
70	0.616
70	0.662
70	0.478
70	0.632
70	0.644
70	0.593
70	0.738
70	0.845
70	0.709
70	0.583
70	0.710
70	0.666
70	0.680
70	0.737
70	0.517
70	0.641
70	0.340
70	0.840
70	0.907
70	0.736
70	0.492
70	0.595
70	0.747
70	0.645
70	0.610
70	0.471
70	0.320
70	0.524
70	0.628
70	0.536
70	0.446
70	0.856
70	0.815
70	0.838
70	0.702
70	0.709
70	0.487
70	0.875
70	0.443
70	0.866
70	0.668
70	0.684
70	0.480
70	0.864
70	0.950
70	0.502
70	0.647
70	0.828
70	0.706
70	0.492
70	0.743
70	0.614
70	0.715
70	0.479
70	0.758
70	0.598
70	0.602
70	0.693
70	0.407
70	0.821
70	0.604
70	0.594
70	0.712
70	0.842
70	0.931
70	0.935
70	0.755
70	0.753
70	0.898
70	0.578
70	0.818
70	0.545
70	0.553
70	0.538
70	0.538
70	0.729
70	0.677
70	0.839
70	0.587
70	0.344
70	0.680
70	0.905
70	0.000
70	0.568
70	0.584
70	0.710
70	0.779
70	0.642
70	0.817
70	0.767
70	0.674
70	0.713
70	0.742
70	0.691
70	0.733
70	0.915
70	0.617
70	0.835
70	0.616
70	0.784
70	0.670
70	0.480
70	0.683
70	0.708
70	0.676
70	0.574
70	0.733
70	0.557
70	0.583
70	0.528
70	0.828
70	0.514
70	0.798
70	0.679
70	0.387
70	0.722
70	0.540
70	0.645
70	0.799
70	0.719
70	0.694
70	0.789
70	0.533
70	0.621
70	0.891
70	0.743
70	0.615
70	0.514
70	0.653
70	0.429
70	0.612
70	0.668
70	0.621
70	0.786
70	0.775
70	0.743
70	0.729
70	0.536
70	0.940
70	0.502
70	0.632
70	0.801
70	0.549
70	0.722
70	0.777
70	0.455
70	0.616
70	0.703
70	0.623
70	0.682
70	0.744
70	0.856
80	0.432
80	0.636
80	0.912
80	0.948
80	0.802
80	0.810
80	0.858
80	0.784
80	0.733
80	0.673
80	0.573
80	0.806
80	0.825
80	0.555
80	0.893
80	0.808
80	0.922
80	0.842
80	0.568
80	0.771
80	0.790
80	0.646
80	0.678
80	0.736
80	0.737
80	0.756
80	0.768
80	0.797
80	0.766
80	0.539
80	0.572
80	0.667
80	0.657
80	0.708
80	0.708
80	0.649
80	0.611
80	0.525
80	0.918
80	0.920
80	0.897
80	0.829
80	0.855
80	0.828
80	0.561
80	0.747
80	0.725
80	0.683
80	0.683
80	0.708
80	0.929
80	0.723
80	0.602
80	0.645
80	0.876
80	0.763
80	0.848
80	0.689
80	0.816
80	0.989
80	0.813
80	0.520
80	0.729
80	0.539
80	0.847
80	0.729
80	0.822
80	0.935
80	0.677
80	0.754
80	0.883
80	0.730
80	0.555
80	0.860
80	0.681
80	0.581
80	0.847
80	0.558
80	0.814
80	0.798
80	0.698
80	0.966
80	0.951
80	0.555
80	0.816
80	0.933
80	0.636
80	0.794
80	0.502
80	0.903
80	0.840
80	0.704
80	0.855
80	0.634
80	0.828
80	0.839
80	0.783
80	0.935
80	0.628
80	0.597
80	0.659
80	0.950
80	0.888
80	0.693
80	0.774
80	0.729
80	0.830
80	0.602
80	0.802
80	0.611
80	0.721
80	0.731
80	0.865
80	0.700
80	0.760
80	0.857
80	0.642
80	0.917
80	0.834
80	0.606
80	0.579
80	0.780
80	0.874
80	0.750
80	0.857
80	0.748
80	0.719
80	0.782
80	0.751
80	0.773
80	0.590
80	0.827
80	0.666
80	0.738
80	0.713
80	0.557
80	0.788
80	0.915
80	0.823
80	0.592
80	0.602
80	0.845
80	0.779
80	0.728
80	0.655
80	0.878
80	0.813
80	0.793
80	0.540
80	0.838
80	0.890
80	0.541
80	0.958
80	0.662
80	0.993
80	0.770
80	0.711
80	0.397
80	0.621
80	0.902
80	0.507
80	0.716
80	0.655
80	0.661
80	0.740
80	0.456
80	0.726
80	0.725
80	0.751
80	0.847
80	0.742
80	0.531
80	0.631
80	0.731
80	0.732
80	0.886
80	0.566
80	0.599
80	0.885
80	0.844
80	0.790
80	0.839
80	0.763
80	0.763
80	0.599
80	0.796
80	0.763
80	0.890
80	0.785
80	0.678
80	0.901
80	0.556
80	0.621
80	0.595
80	0.918
80	0.774
80	0.821
80	0.882
80	0.833
80	0.533
90	0.665
90	0.837
90	0.433
90	0.657
90	0.653
90	0.882
90	0.733
90	0.706
90	0.770
90	0.876
90	0.673
90	0.881
90	0.686
90	0.617
90	0.676
90	0.772
90	0.873
90	0.832
90	0.641
90	0.844
90	0.707
90	0.774
90	0.539
90	0.748
90	0.848
90	0.767
90	0.767
90	0.904
90	0.657
90	0.747
90	0.605
90	0.789
90	0.774
90	0.726
90	0.680
90	0.773
90	0.720
90	0.677
90	0.821
90	0.822
90	0.803
90	0.711
90	0.783
90	0.786
90	0.771
90	0.621
90	0.725
90	0.862
90	0.726
90	0.660
90	0.729
90	0.828
90	0.765
90	0.669
90	0.763
90	0.707
90	0.621
90	0.956
90	0.812
90	0.624
90	0.576
90	0.754
90	0.735
90	0.734
90	0.568
90	0.699
90	0.756
90	0.581
90	0.787
90	0.741
90	0.781
90	0.820
90	0.768
90	0.759
90	0.681
90	0.912
90	0.669
90	0.864
90	0.587
90	0.935
90	0.632
90	0.820
90	0.713
90	0.709
90	0.753
90	0.778
90	0.749
90	0.814
90	0.760
90	0.892
90	0.581
90	0.861
90	0.716
90	0.760
90	0.788
90	0.827
90	0.524
90	0.757
90	0.693
90	0.797
90	0.721
90	0.642
90	0.809
90	0.791
90	0.791
90	0.913
90	0.825
90	0.520
90	0.605
90	0.816
90	0.782
90	0.876
90	0.712
90	0.707
90	0.834
90	0.718
90	0.688
90	0.846
90	0.741
90	0.612
90	0.728
90	0.823
90	0.747
90	0.613
90	0.783
90	0.778
90	0.877
90	0.805
90	0.762
90	0.913
90	0.827
90	0.887
90	0.732
90	0.943
90	0.604
90	0.874
90	0.000
90	0.722
90	0.507
90	0.785
90	0.701
90	0.809
90	0.773
90	0.976
90	0.799
90	0.713
90	0.810
90	0.709
90	0.739
90	0.944
90	0.585
90	0.735
90	0.779
90	0.724
90	0.785
90	0.823
90	0.741
90	0.696
90	0.833
90	0.746
90	0.628
90	0.765
90	0.919
90	0.710
90	0.818
90	0.756
90	0.873
90	0.573
90	0.658
90	0.746
90	0.858
90	0.581
90	0.761
90	0.739
90	0.759
90	0.735
90	0.767
90	0.790
90	0.827
90	0.638
90	0.785
90	0.659
90	0.836
90	0.824
90	0.651
90	0.863
90	0.653
90	0.731
90	0.641
90	0.805
90	0.777
90	0.822
90	0.755
90	0.769
90	0.736
90	0.823
90	0.726
90	0.586
90	0.940
90	0.927
100	0.869
100	0.806
100	0.918
100	0.787
100	0.741
100	0.887
100	0.680
100	0.656
100	0.685
100	0.819
100	0.491
100	0.801
100	0.754
100	0.842
100	0.653
100	0.839
100	0.847
100	0.774
100	0.694
100	0.771
100	0.713
100	0.588
100	0.932
100	0.614
100	0.827
100	0.623
100	0.678
100	0.795
100	0.865
100	0.820
100	0.633
100	0.699
100	0.942
100	0.692
100	0.789
100	0.727
100	0.902
100	0.747
100	0.929
100	0.806
100	0.694
100	0.842
100	0.750
100	0.791
100	0.719
100	0.679
100	0.754
100	0.774
100	0.798
100	0.709
100	0.766
100	0.705
100	0.527
100	0.808
100	0.950
100	0.708
100	0.772
100	0.917
100	0.553
100	0.836
100	0.698
100	0.704
100	0.775
100	0.892
100	0.671
100	0.968
100	0.816
100	0.691
100	0.825
100	0.752
100	0.839
100	0.908
100	0.796
100	0.758
100	0.813
100	0.907
100	0.599
100	0.793
100	0.754
100	0.865
100	0.768
100	0.812
100	0.695
100	0.835
100	0.732
100	0.644
100	0.799
100	0.840
100	0.636
100	0.747
100	0.753
100	0.815
100	0.778
100	0.875
100	0.590
100	0.742
100	0.805
100	0.647
100	0.686
100	0.755
100	0.744
100	0.740
100	0.966
100	0.808
100	0.824
100	0.857
100	0.814
100	0.879
100	0.787
100	0.900
100	0.757
100	0.868
100	0.764
100	0.834
100	0.762
100	0.780
100	0.915
100	0.794
100	0.670
100	0.880
100	0.700
100	0.881
100	0.810
100	0.855
100	0.656
100	0.832
100	0.836
100	0.946
100	0.802
100	0.796
100	0.819
100	0.765
100	0.686
100	0.882
100	0.933
100	0.575
100	0.703
100	0.902
100	0.827
100	0.742
100	0.941
100	0.734
100	0.792
100	0.732
100	0.880
100	0.879
100	0.658
100	0.854
100	0.539
100	0.898
100	0.617
100	0.849
100	0.884
100	0.899
100	0.730
100	0.711
100	0.843
100	0.804
100	0.657
100	0.861
100	0.918
100	0.808
100	0.595
100	0.882
100	0.680
100	0.803
100	0.808
100	0.751
100	0.957
100	0.836
100	0.644
100	0.762
100	0.861
100	0.809
100	0.881
100	0.744
100	0.842
100	0.669
100	0.696
100	0.823
100	0.701
100	0.693
100	0.941
100	0.932
100	0.760
100	0.547
100	0.923
100	0.840
100	0.865
100	0.840
100	0.801
100	0.754
100	0.824
100	0.614
100	0.966
100	0.835
100	0.755
100	0.791
100	0.845
100	0.796
110	0.636
110	0.730
110	0.865
110	0.783
110	0.777
110	0.894
110	0.771
110	0.827
110	0.841
110	0.936
110	0.764
110	0.850
110	0.777
110	0.967
110	0.860
110	0.742
110	0.729
110	0.632
110	0.902
110	0.625
110	0.857
110	0.736
110	0.907
110	0.793
110	0.882
110	0.843
110	0.814
110	0.650
110	0.702
110	0.739
110	0.628
110	0.884
110	0.744
110	0.726
110	0.894
110	0.831
110	0.862
110	0.844
110	0.739
110	0.808
110	0.802
110	0.784
110	0.907
110	0.723
110	0.790
110	0.925
110	0.581
110	0.768
110	0.748
110	0.794
110	0.772
110	0.843
110	0.797
110	0.900
110	0.696
110	0.963
110	0.686
110	0.869
110	0.722
110	0.826
110	0.619
110	0.746
110	0.845
110	0.819
110	0.822
110	0.869
110	0.890
110	0.711
110	0.670
110	0.882
110	0.759
110	0.887
110	0.854
110	0.817
110	0.793
110	0.843
110	0.653
110	0.769
110	0.867
110	0.848
110	0.927
110	0.776
110	0.771
110	0.823
110	0.784
110	0.767
110	0.761
110	0.874
110	0.836
110	0.837
110	0.860
110	0.711
110	0.740
110	0.683
110	0.643
110	0.715
110	0.916
110	0.746
110	0.783
110	0.785
110	0.719
110	0.793
110	0.667
110	0.870
110	0.896
110	0.633
110	0.929
110	0.743
110	0.730
110	0.000
110	0.833
110	0.783
110	0.841
110	0.787
110	0.809
110	0.777
110	0.764
110	0.680
110	0.806
110	0.784
110	0.877
110	0.689
110	0.615
110	0.522
110	0.760
110	0.725
110	0.872
110	0.908
110	0.863
110	0.770
110	0.869
110	0.787
110	0.824
110	0.779
110	0.759
110	0.726
110	0.730
110	0.747
110	0.786
110	0.873
110	0.805
110	0.621
110	0.808
110	0.848
110	0.781
110	0.683
110	0.952
110	0.748
110	0.796
110	0.798
110	0.980
110	0.819
110	0.791
110	0.838
110	0.663
110	0.878
110	0.895
110	0.848
110	0.859
110	0.888
110	0.889
110	0.855
110	0.926
110	0.759
110	0.802
110	0.629
110	0.891
110	0.979
110	0.785
110	0.667
110	0.698
110	0.743
110	0.694
110	0.837
110	0.805
110	0.671
110	0.933
110	0.751
110	0.857
110	0.760
110	0.629
110	0.846
110	0.930
110	0.818
110	0.806
110	0.946
110	0.768
110	0.797
110	0.873
110	0.864
110	0.825
110	0.811
110	0.912
110	0.990
110	0.716
110	0.799
110	0.837
110	0.761
110	0.807
110	0.799
120	0.734
120	0.919
120	0.815
120	0.769
120	0.935
120	0.945
120	0.760
120	0.882
120	0.586
120	0.865
120	0.632
120	0.920
120	0.861
120	0.961
120	0.896
120	0.669
120	0.716
120	0.606
120	0.658
120	0.649
120	0.826
120	0.900
120	0.805
120	0.902
120	0.824
120	0.802
120	0.962
120	0.634
120	0.812
120	0.963
120	0.613
120	0.875
120	0.847
120	0.807
120	0.787
120	0.635
120	0.604
120	0.844
120	0.616
120	0.720
120	0.715
120	0.821
120	0.842
120	0.833
120	0.769
120	0.975
120	0.801
120	0.724
120	0.842
120	0.767
120	0.680
120	0.599
120	0.963
120	0.901
120	0.725
120	0.734
120	0.925
120	0.990
120	0.782
120	0.825
120	0.866
120	0.798
120	0.951
120	0.793
120	0.762
120	0.896
120	0.878
120	0.615
120	0.561
120	0.798
120	0.578
120	0.810
120	0.960
120	0.772
120	0.816
120	0.800
120	1.000
120	0.926
120	0.651
120	0.856
120	0.918
120	0.711
120	0.992
120	0.856
120	0.689
120	0.809
120	0.663
120	0.889
120	0.334
120	0.969
120	0.841
120	0.818
120	0.942
120	0.917
120	0.922
120	0.804
120	0.632
120	0.982
120	0.886
120	0.757
120	0.862
120	0.893
120	0.863
120	0.933
120	0.802
120	0.712
120	0.763
120	0.806
120	0.912
120	0.781
120	0.743
120	0.743
120	0.823
120	0.497
120	0.702
120	0.619
120	0.846
120	0.836
120	0.712
120	0.711
120	0.929
120	0.820
120	0.817
120	0.852
120	0.802
120	0.793
120	0.752
120	0.889
120	0.819
120	0.801
120	0.710
120	0.780
120	0.820
120	0.544
120	0.939
120	0.979
120	0.815
120	0.707
120	0.993
120	0.840
120	0.854
120	0.592
120	0.954
120	0.742
120	0.765
120	0.569
120	0.886
120	0.671
120	0.913
120	0.827
120	0.629
120	0.918
120	0.987
120	0.494
120	0.821
120	0.995
120	0.813
120	0.912
120	0.989
120	0.952
120	0.779
120	0.708
120	0.945
120	0.996
120	0.991
120	0.895
120	0.710
120	0.835
120	0.942
120	0.801
120	0.900
120	0.872
120	0.732
120	0.856
120	0.801
120	0.750
120	0.915
120	0.888
120	0.795
120	0.901
120	0.696
120	0.937
120	0.727
120	0.701
120	0.805
120	0.588
120	0.802
120	0.987
120	0.948
120	1.000
120	0.694
120	0.773
120	0.748
120	0.805
120	0.782
120	0.723
120	0.802
120	0.733
120	0.868
120	0.939
130	0.881
130	0.884
130	0.958
130	0.814
130	0.898
130	0.828
130	0.889
130	0.882
130	0.707
130	0.767
130	0.929
130	0.906
130	0.864
130	0.820
130	0.691
130	0.719
130	0.885
130	0.755
130	0.913
130	0.821
130	0.763
130	0.884
130	0.966
130	0.850
130	0.798
130	0.750
130	0.644
130	0.872
130	0.927
130	0.792
130	0.857
130	0.894
130	0.907
130	0.681
130	0.898
130	0.867
130	0.793
130	0.802
130	0.846
130	0.866
130	0.678
130	0.813
130	0.898
130	0.524
130	0.796
130	0.960
130	0.789
130	0.729
130	0.815
130	0.782
130	0.892
130	0.907
130	0.991
130	0.850
130	0.751
130	0.806
130	0.906
130	0.936
130	0.787
130	0.821
130	0.964
130	0.786
130	0.911
130	0.728
130	0.655
130	0.960
130	0.853
130	0.679
130	0.766
130	0.808
130	0.727
130	0.552
130	0.970
130	0.897
130	0.893
130	0.934
130	0.713
130	0.942
130	0.809
130	0.951
130	0.738
130	0.601
130	0.809
130	0.722
130	0.821
130	0.786
130	0.986
130	0.943
130	0.867
130	0.678
130	0.898
130	0.922
130	0.775
130	0.819
130	0.861
130	0.992
130	0.998
130	0.768
130	0.663
130	0.845
130	0.915
130	0.930
130	0.841
130	0.991
130	0.950
130	0.763
130	0.738
130	0.837
130	0.827
130	0.742
130	0.933
130	0.776
130	0.643
130	0.618
130	0.755
130	0.654
130	0.817
130	0.837
130	0.735
130	0.937
130	0.674
130	0.922
130	0.791
130	0.787
130	0.794
130	0.796
130	0.944
130	0.865
130	0.859
130	0.991
130	0.718
130	0.754
130	0.842
130	0.900
130	0.949
130	0.793
130	0.792
130	0.691
130	0.730
130	0.991
130	0.908
130	0.984
130	0.799
130	0.869
130	0.779
130	0.957
130	0.922
130	0.888
130	0.883
130	0.784
130	0.847
130	0.795
130	0.854
130	0.781
130	0.912
130	0.876
130	0.812
130	0.920
130	0.901
130	0.827
130	0.802
130	0.854
130	0.630
130	0.777
130	0.848
130	0.711
130	0.632
130	0.619
130	0.692
130	0.837
130	0.922
130	0.879
130	0.778
130	0.731
130	0.754
130	0.817
130	0.880
130	0.884
130	0.795
130	0.773
130	0.888
130	0.871
130	0.746
130	0.796
130	0.680
130	0.930
130	0.827
130	0.962
130	0.771
130	0.913
130	0.861
130	0.914
130	0.901
130	0.728
130	0.849
130	0.928
130	0.901
130	0.878
130	0.789
130	0.775
140	0.802
140	0.827
140	0.944
140	0.901
140	0.592
140	0.828
140	0.891
140	0.948
140	0.736
140	0.799
140	0.837
140	0.817
140	0.979
140	0.856
140	0.889
140	0.947
140	0.858
140	0.878
140	0.950
140	0.780
140	0.815
140	0.685
140	0.930
140	0.875
140	0.802
140	0.990
140	0.922
140	0.795
140	0.761
140	0.779
140	0.893
140	0.928
140	0.951
140	0.922
140	0.836
140	0.699
140	0.793
140	0.905
140	0.840
140	0.839
140	0.884
140	0.860
140	0.803
140	0.779
140	0.730
140	0.731
140	0.815
140	0.783
140	0.827
140	0.866
140	0.993
140	0.695
140	0.842
140	0.995
140	0.689
140	0.992
140	0.987
140	0.723
140	0.885
140	0.868
140	0.843
140	0.868
140	0.920
140	0.891
140	0.824
140	0.993
140	0.954
140	0.954
140	0.874
140	0.849
140	0.776
140	0.870
140	0.854
140	0.926
140	0.837
140	0.721
140	0.910
140	0.808
140	0.863
140	0.909
140	0.981
140	0.953
140	0.799
140	0.873
140	0.991
140	0.777
140	0.780
140	0.816
140	0.840
140	0.994
140	0.860
140	0.916
140	0.936
140	0.939
140	0.700
140	0.722
140	0.834
140	0.953
140	0.815
140	0.759
140	0.895
140	0.782
140	0.851
140	0.846
140	0.970
140	0.858
140	0.816
140	0.951
140	0.860
140	0.863
140	0.964
140	0.800
140	0.730
140	0.972
140	0.840
140	0.831
140	0.899
140	0.840
140	0.734
140	0.801
140	0.914
140	0.980
140	0.876
140	0.878
140	0.820
140	0.795
140	0.925
140	0.800
140	0.845
140	0.749
140	0.986
140	0.877
140	0.827
140	0.640
140	0.725
140	0.844
140	0.818
140	0.862
140	0.696
140	0.706
140	0.910
140	0.916
140	0.460
140	0.825
140	0.625
140	0.871
140	0.725
140	0.889
140	0.823
140	0.854
140	0.728
140	0.880
140	0.627
140	0.696
140	0.920
140	0.886
140	0.721
140	1.000
140	0.893
140	0.687
140	0.624
140	0.915
140	0.918
140	0.746
140	0.867
140	0.949
140	0.777
140	0.928
140	0.972
140	0.656
140	0.794
140	0.860
140	0.819
140	0.823
140	0.703
140	0.888
140	0.943
140	0.862
140	0.785
140	0.949
140	0.861
140	0.977
140	0.848
140	0.830
140	0.772
140	0.644
140	0.785
140	0.912
140	0.898
140	0.991
140	0.910
140	0.586
140	0.668
140	0.854
140	0.801
140	0.735
140	0.713
140	0.855
140	0.758
140	0.786
150	0.845
150	0.800
150	0.794
150	0.997
150	0.825
150	0.961
150	0.978
150	0.787
150	0.817
150	0.820
150	0.872
150	0.973
150	0.876
150	0.970
150	0.804
150	0.772
150	0.942
150	0.887
150	0.850
150	0.987
150	0.874
150	0.912
150	0.933
150	0.816
150	0.685
150	0.956
150	0.859
150	0.804
150	0.759
150	0.828
150	0.993
150	0.685
150	0.912
150	0.754
150	0.756
150	0.813
150	0.813
150	0.927
150	0.696
150	0.751
150	0.903
150	0.966
150	0.850
150	0.762
150	0.984
150	0.892
150	0.888
150	0.948
150	0.997
150	0.965
150	0.808
150	0.839
150	0.931
150	0.912
150	0.894
150	0.741
150	0.887
150	0.880
150	0.796
150	0.929
150	0.986
150	0.869
150	0.925
150	0.880
150	0.893
150	0.772
150	0.818
150	0.914
150	0.906
150	0.960
150	0.951
150	0.780
150	0.880
150	0.791
150	0.893
150	0.776
150	0.864
150	0.895
150	0.834
150	0.856
150	0.801
150	0.853
150	0.916
150	0.972
150	0.714
150	0.697
150	0.834
150	0.886
150	0.972
150	0.780
150	0.684
150	0.902
150	0.930
150	0.804
150	0.909
150	0.930
150	0.848
150	0.847
150	0.757
150	0.884
150	0.772
150	0.908
150	0.865
150	0.805
150	0.829
150	0.935
150	0.927
150	0.908
150	0.906
150	0.894
150	0.808
150	0.807
150	0.778
150	0.829
150	0.763
150	0.709
150	0.933
150	0.912
150	0.881
150	1.000
150	0.819
150	0.762
150	0.742
150	0.769
150	0.880
150	0.936
150	0.771
150	0.862
150	0.991
150	0.731
150	0.855
150	0.912
150	0.839
150	0.890
150	0.860
150	0.878
150	0.868
150	0.843
150	0.993
150	0.888
150	0.875
150	0.950
150	0.798
150	0.773
150	0.821
150	0.921
150	0.977
150	0.890
150	0.835
150	0.819
150	0.884
150	0.697
150	0.890
150	0.968
150	0.939
150	0.786
150	0.806
150	0.950
150	0.750
150	0.923
150	0.795
150	0.974
150	0.870
150	0.852
150	0.670
150	0.788
150	0.743
150	0.805
150	0.906
150	0.922
150	0.846
150	0.897
150	0.819
150	0.854
150	0.815
150	0.596
150	0.939
150	0.833
150	0.955
150	0.638
150	0.795
150	0.810
150	0.841
150	0.888
150	0.794
150	0.745
150	0.849
150	0.879
150	0.763
150	0.846
150	0.951
150	0.646
150	0.993
150	0.906
150	0.863
150	0.889
150	0.844
150	0.801
150	0.930
150	0.885
