10	0.002
10	0.029
10	0.020
10	0.535
10	0.000
10	0.000
10	0.020
10	0.003
10	0.002
10	0.002
10	0.371
10	0.015
10	0.000
10	0.000
10	0.332
10	0.028
10	0.026
10	0.215
10	0.013
10	0.003
10	0.002
10	0.002
10	0.002
10	0.002
10	0.142
10	0.076
10	0.000
10	0.004
10	0.257
10	0.151
10	0.046
10	0.019
10	0.004
10	0.005
10	0.039
10	0.002
10	0.000
10	0.000
10	0.001
10	0.000
10	0.172
10	0.023
10	0.000
10	0.013
10	0.000
10	0.005
10	0.003
10	0.030
10	0.001
10	0.523
10	0.234
10	0.109
10	0.021
10	0.151
10	0.763
10	0.028
10	0.004
10	0.051
10	0.000
10	0.005
10	0.015
10	0.014
10	0.165
10	0.024
10	0.007
10	0.024
10	0.002
10	0.017
10	0.198
10	0.002
10	0.002
10	0.022
10	0.000
10	0.017
10	0.001
10	0.269
10	0.502
10	0.321
10	0.013
10	0.024
10	0.000
10	0.261
10	0.002
10	0.360
10	0.138
10	0.001
10	0.001
10	0.147
10	0.000
10	0.323
10	0.003
10	0.281
10	0.022
10	0.041
10	0.284
10	0.022
10	0.000
10	0.203
10	0.001
10	0.000
10	0.350
10	0.000
10	0.003
10	0.002
10	0.005
10	0.660
10	0.004
10	0.046
10	0.307
10	0.003
10	0.000
10	0.001
10	0.004
10	0.266
10	0.003
10	0.019
10	0.177
10	0.348
10	0.204
10	0.000
10	0.013
10	0.197
10	0.003
10	0.000
10	0.016
10	0.023
10	0.350
10	0.005
10	0.621
10	0.002
10	0.011
10	0.015
10	0.002
10	0.137
10	0.149
10	0.000
10	0.017
10	0.001
10	0.087
10	0.002
10	0.001
10	0.253
10	0.000
10	0.014
10	0.000
10	0.031
10	0.412
10	0.000
10	0.003
10	0.140
10	0.007
10	0.000
10	0.000
10	0.002
10	0.220
10	0.003
10	0.085
10	0.000
10	0.042
10	0.004
10	0.165
10	0.007
10	0.147
10	0.193
10	0.000
10	0.000
10	0.402
10	0.001
10	0.492
10	0.000
10	0.294
10	0.004
10	0.488
10	0.002
10	0.000
10	0.020
10	0.014
10	0.039
10	0.446
10	0.269
10	0.002
10	0.352
10	0.000
10	0.020
10	0.001
10	0.000
10	0.022
10	0.274
10	0.000
10	0.211
10	0.174
10	0.005
10	0.167
10	0.000
10	0.002
10	0.081
10	0.164
10	0.234
10	0.191
10	0.142
20	0.253
20	0.000
20	0.001
20	0.013
20	0.001
20	0.000
20	0.249
20	0.011
20	0.481
20	0.016
20	0.267
20	0.014
20	0.105
20	0.000
20	0.001
20	0.222
20	0.717
20	0.244
20	0.038
20	0.004
20	0.261
20	0.015
20	0.009
20	0.001
20	0.425
20	0.000
20	0.034
20	0.093
20	0.002
20	0.001
20	0.000
20	0.001
20	0.059
20	0.063
20	0.091
20	0.003
20	0.010
20	0.448
20	0.257
20	0.279
20	0.272
20	0.291
20	0.076
20	0.161
20	0.012
20	0.045
20	0.001
20	0.011
20	0.109
20	0.001
20	0.337
20	0.003
20	0.001
20	0.231
20	0.016
20	0.000
20	0.167
20	0.001
20	0.211
20	0.283
20	0.001
20	0.063
20	0.013
20	0.093
20	0.324
20	0.053
20	0.001
20	0.224
20	0.466
20	0.015
20	0.291
20	0.041
20	0.144
20	0.001
20	0.001
20	0.000
20	0.002
20	0.019
20	0.014
20	0.235
20	0.187
20	0.070
20	0.050
20	0.162
20	0.001
20	0.425
20	0.023
20	0.063
20	0.548
20	0.000
20	0.225
20	0.005
20	0.169
20	0.080
20	0.002
20	0.001
20	0.114
20	0.716
20	0.152
20	0.001
20	0.012
20	0.075
20	0.277
20	0.000
20	0.002
20	0.172
20	0.001
20	0.368
20	0.001
20	0.011
20	0.000
20	0.067
20	0.001
20	0.339
20	0.014
20	0.016
20	0.250
20	0.025
20	0.002
20	0.105
20	0.065
20	0.001
20	0.226
20	0.100
20	0.025
20	0.001
20	0.044
20	0.329
20	0.059
20	0.062
20	0.392
20	0.045
20	0.223
20	0.355
20	0.039
20	0.418
20	0.071
20	0.000
20	0.104
20	0.001
20	0.051
20	0.015
20	0.001
20	0.115
20	0.008
20	0.002
20	0.320
20	0.635
20	0.015
20	0.000
20	0.007
20	0.028
20	0.013
20	0.001
20	0.097
20	0.029
20	0.000
20	0.000
20	0.536
20	0.024
20	0.167
20	0.000
20	0.014
20	0.007
20	0.459
20	0.214
20	0.002
20	0.288
20	0.022
20	0.040
20	0.034
20	0.000
20	0.095
20	0.000
20	0.072
20	0.001
20	0.172
20	0.067
20	0.000
20	0.252
20	0.342
20	0.000
20	0.012
20	0.184
20	0.024
20	0.001
20	0.053
20	0.001
20	0.512
20	0.192
20	0.201
20	0.002
20	0.578
20	0.000
20	0.184
20	0.000
20	0.454
20	0.052
20	0.003
20	0.408
30	0.005
30	0.021
30	0.003
30	0.361
30	0.005
30	0.039
30	0.171
30	0.001
30	0.026
30	0.001
30	0.517
30	0.022
30	0.189
30	0.262
30	0.174
30	0.004
30	0.181
30	0.107
30	0.639
30	0.122
30	0.093
30	0.392
30	0.287
30	0.019
30	0.000
30	0.014
30	0.193
30	0.567
30	0.055
30	0.087
30	0.086
30	0.214
30	0.022
30	0.030
30	0.405
30	0.000
30	0.541
30	0.002
30	0.000
30	0.001
30	0.015
30	0.489
30	0.044
30	0.155
30	0.007
30	0.203
30	0.290
30	0.385
30	0.047
30	0.071
30	0.013
30	0.175
30	0.006
30	0.042
30	0.301
30	0.009
30	0.442
30	0.460
30	0.190
30	0.293
30	0.133
30	0.411
30	0.808
30	0.413
30	0.288
30	0.359
30	0.313
30	0.118
30	0.171
30	0.526
30	0.396
30	0.669
30	0.201
30	0.502
30	0.093
30	0.210
30	0.035
30	0.001
30	0.039
30	0.325
30	0.631
30	0.059
30	0.318
30	0.099
30	0.126
30	0.214
30	0.000
30	0.172
30	0.005
30	0.648
30	0.229
30	0.138
30	0.041
30	0.066
30	0.089
30	0.002
30	0.049
30	0.171
30	0.167
30	0.006
30	0.158
30	0.300
30	0.020
30	0.017
30	0.200
30	0.005
30	0.325
30	0.523
30	0.033
30	0.303
30	0.199
30	0.609
30	0.173
30	0.066
30	0.252
30	0.269
30	0.037
30	0.005
30	0.051
30	0.283
30	0.046
30	0.049
30	0.059
30	0.165
30	0.423
30	0.033
30	0.102
30	0.063
30	0.056
30	0.160
30	0.070
30	0.461
30	0.024
30	0.438
30	0.010
30	0.002
30	0.049
30	0.000
30	0.336
30	0.407
30	0.000
30	0.007
30	0.075
30	0.703
30	0.009
30	0.124
30	0.221
30	0.002
30	0.222
30	0.016
30	0.008
30	0.286
30	0.030
30	0.000
30	0.099
30	0.001
30	0.639
30	0.001
30	0.066
30	0.051
30	0.001
30	0.358
30	0.639
30	0.011
30	0.203
30	0.080
30	0.058
30	0.128
30	0.150
30	0.012
30	0.634
30	0.065
30	0.239
30	0.018
30	0.199
30	0.503
30	0.103
30	0.042
30	0.001
30	0.133
30	0.175
30	0.175
30	0.418
30	0.010
30	0.126
30	0.372
30	0.422
30	0.210
30	0.376
30	0.049
30	0.000
30	0.013
30	0.397
30	0.015
30	0.273
30	0.001
30	0.198
30	0.052
30	0.050
30	0.145
40	0.156
40	0.206
40	0.252
40	0.445
40	0.154
40	0.178
40	0.179
40	0.000
40	0.279
40	0.133
40	0.275
40	0.217
40	0.191
40	0.178
40	0.078
40	0.242
40	0.489
40	0.449
40	0.127
40	0.673
40	0.400
40	0.229
40	0.654
40	0.665
40	0.535
40	0.228
40	0.359
40	0.211
40	0.443
40	0.182
40	0.084
40	0.161
40	0.463
40	0.124
40	0.418
40	0.153
40	0.210
40	0.677
40	0.133
40	0.481
40	0.083
40	0.446
40	0.328
40	0.131
40	0.505
40	0.480
40	0.178
40	0.111
40	0.192
40	0.093
40	0.586
40	0.326
40	0.192
40	0.627
40	0.141
40	0.349
40	0.139
40	0.295
40	0.649
40	0.664
40	0.174
40	0.205
40	0.060
40	0.006
40	0.335
40	0.369
40	0.238
40	0.570
40	0.344
40	0.589
40	0.082
40	0.409
40	0.404
40	0.154
40	0.257
40	0.375
40	0.369
40	0.493
40	0.615
40	0.111
40	0.184
40	0.245
40	0.676
40	0.325
40	0.211
40	0.665
40	0.210
40	0.194
40	0.171
40	0.542
40	0.242
40	0.229
40	0.369
40	0.000
40	0.388
40	0.416
40	0.224
40	0.146
40	0.289
40	0.324
40	0.435
40	0.184
40	0.167
40	0.601
40	0.180
40	0.164
40	0.034
40	0.224
40	0.390
40	0.000
40	0.325
40	0.201
40	0.384
40	0.252
40	0.161
40	0.538
40	0.728
40	0.550
40	0.506
40	0.542
40	0.280
40	0.163
40	0.369
40	0.188
40	0.304
40	0.744
40	0.227
40	0.290
40	0.258
40	0.238
40	0.162
40	0.229
40	0.188
40	0.446
40	0.490
40	0.460
40	0.211
40	0.095
40	0.126
40	0.381
40	0.417
40	0.418
40	0.152
40	0.468
40	0.261
40	0.489
40	0.200
40	0.247
40	0.537
40	0.376
40	0.124
40	0.436
40	0.145
40	0.345
40	0.298
40	0.522
40	0.312
40	0.206
40	0.165
40	0.140
40	0.187
40	0.343
40	0.220
40	0.335
40	0.334
40	0.108
40	0.391
40	0.199
40	0.299
40	0.522
40	0.253
40	0.421
40	0.090
40	0.218
40	0.712
40	0.000
40	0.252
40	0.523
40	0.330
40	0.303
40	0.284
40	0.111
40	0.457
40	0.116
40	0.486
40	0.373
40	0.168
40	0.421
40	0.000
40	0.100
40	0.259
40	0.632
40	0.416
40	0.193
40	0.190
40	0.354
40	0.296
40	0.339
40	0.233
40	0.155
50	0.230
50	0.589
50	0.379
50	0.500
50	0.331
50	0.562
50	0.302
50	0.518
50	0.455
50	0.291
50	0.401
50	0.417
50	0.379
50	0.541
50	0.665
50	0.422
50	0.314
50	0.567
50	0.000
50	0.295
50	0.354
50	0.272
50	0.621
50	0.478
50	0.589
50	0.338
50	0.334
50	0.821
50	0.770
50	0.354
50	0.596
50	0.394
50	0.463
50	0.756
50	0.373
50	0.281
50	0.292
50	0.463
50	0.649
50	0.422
50	0.434
50	0.433
50	0.376
50	0.466
50	0.391
50	0.395
50	0.331
50	0.590
50	0.398
50	0.542
50	0.501
50	0.640
50	0.663
50	0.328
50	0.467
50	0.550
50	0.363
50	0.421
50	0.666
50	0.489
50	0.569
50	0.543
50	0.583
50	0.404
50	0.323
50	0.460
50	0.174
50	0.430
50	0.395
50	0.391
50	0.595
50	0.411
50	0.445
50	0.354
50	0.553
50	0.593
50	0.362
50	0.342
50	0.369
50	0.364
50	0.458
50	0.473
50	0.799
50	0.454
50	0.416
50	0.398
50	0.360
50	0.575
50	0.339
50	0.323
50	0.368
50	0.331
50	0.397
50	0.708
50	0.773
50	0.556
50	0.495
50	0.687
50	0.581
50	0.402
50	0.364
50	0.578
50	0.311
50	0.622
50	0.471
50	0.570
50	0.527
50	0.558
50	0.466
50	0.585
50	0.308
50	0.725
50	0.594
50	0.374
50	0.407
50	0.359
50	0.648
50	0.285
50	0.364
50	0.372
50	0.320
50	0.486
50	0.540
50	0.574
50	0.539
50	0.314
50	0.428
50	0.396
50	0.172
50	0.406
50	0.459
50	0.221
50	0.649
50	0.698
50	0.479
50	0.606
50	0.339
50	0.575
50	0.593
50	0.493
50	0.384
50	0.363
50	0.558
50	0.467
50	0.355
50	0.533
50	0.587
50	0.345
50	0.502
50	0.251
50	0.328
50	0.452
50	0.448
50	0.443
50	0.595
50	0.494
50	0.377
50	0.600
50	0.537
50	0.580
50	0.322
50	0.564
50	0.520
50	0.288
50	0.312
50	0.516
50	0.718
50	0.402
50	0.401
50	0.627
50	0.331
50	0.369
50	0.581
50	0.511
50	0.348
50	0.511
50	0.397
50	0.388
50	0.449
50	0.291
50	0.276
50	0.394
50	0.341
50	0.301
50	0.626
50	0.677
50	0.445
50	0.535
50	0.496
50	0.762
50	0.422
50	0.304
50	0.707
50	0.410
50	0.372
50	0.471
50	0.378
50	0.552
50	0.268
50	0.511
60	0.348
60	0.938
60	0.446
60	0.397
60	0.403
60	0.499
60	0.161
60	0.344
60	0.585
60	0.921
60	0.976
60	0.528
60	0.179
60	0.781
60	0.647
60	0.420
60	0.239
60	0.852
60	0.284
60	0.540
60	0.235
60	0.660
60	0.684
60	0.613
60	0.330
60	0.000
60	0.524
60	0.231
60	0.358
60	0.759
60	0.529
60	0.501
60	0.872
60	0.282
60	0.305
60	0.661
60	0.435
60	0.804
60	0.440
60	0.731
60	0.599
60	0.553
60	0.429
60	0.051
60	0.334
60	0.342
60	0.322
60	0.787
60	0.549
60	0.086
60	0.535
60	0.645
60	0.257
60	0.485
60	0.403
60	0.971
60	0.635
60	0.633
60	0.588
60	0.371
60	0.399
60	0.605
60	0.561
60	0.410
60	0.489
60	0.611
60	0.507
60	0.348
60	0.067
60	0.427
60	0.141
60	0.569
60	0.672
60	0.743
60	0.082
60	0.335
60	0.003
60	0.456
60	0.253
60	0.620
60	0.752
60	0.510
60	0.604
60	0.600
60	0.066
60	0.394
60	0.495
60	0.894
60	0.513
60	0.123
60	0.652
60	0.892
60	0.388
60	0.577
60	0.783
60	0.693
60	0.926
60	0.655
60	0.559
60	0.304
60	0.778
60	0.697
60	0.425
60	0.304
60	0.209
60	0.340
60	0.561
60	0.266
60	0.516
60	0.678
60	0.168
60	0.081
60	0.865
60	0.610
60	0.059
60	0.345
60	0.526
60	0.086
60	0.167
60	0.124
60	0.709
60	0.663
60	0.321
60	0.240
60	0.340
60	0.244
60	1.000
60	0.565
60	0.004
60	0.713
60	0.857
60	0.123
60	0.762
60	0.879
60	0.379
60	0.409
60	0.677
60	0.578
60	0.179
60	0.125
60	0.694
60	0.649
60	0.500
60	0.959
60	0.663
60	0.364
60	0.803
60	0.841
60	0.919
60	0.408
60	0.684
60	0.744
60	0.083
60	0.409
60	0.708
60	0.872
60	0.475
60	0.655
60	0.470
60	0.188
60	0.428
60	0.985
60	0.735
60	0.390
60	0.014
60	0.484
60	0.762
60	0.162
60	0.390
60	0.916
60	0.203
60	0.753
60	0.324
60	0.414
60	0.345
60	0.261
60	0.409
60	0.928
60	0.394
60	0.442
60	0.224
60	0.493
60	0.617
60	0.290
60	0.668
60	0.399
60	0.589
60	0.482
60	0.251
60	0.820
60	0.834
60	0.751
60	0.621
60	0.186
60	0.194
60	0.617
60	0.909
60	0.658
60	0.749
60	0.387
70	0.745
70	0.494
70	0.118
70	0.360
70	0.253
70	0.956
70	0.637
70	0.594
70	0.816
70	0.366
70	0.949
70	0.573
70	0.756
70	0.382
70	0.511
70	0.521
70	0.307
70	0.435
70	0.928
70	0.804
70	0.851
70	0.759
70	0.367
70	0.273
70	0.738
70	0.407
70	0.517
70	0.438
70	0.988
70	0.672
70	0.000
70	0.757
70	0.631
70	0.586
70	0.205
70	0.000
70	0.281
70	0.554
70	0.584
70	0.218
70	0.368
70	0.883
70	0.283
70	0.976
70	0.377
70	0.388
70	0.257
70	0.667
70	0.480
70	0.536
70	0.295
70	0.887
70	0.519
70	0.485
70	0.691
70	0.608
70	0.144
70	0.459
70	0.657
70	0.136
70	0.736
70	0.139
70	0.606
70	0.107
70	0.650
70	0.750
70	0.451
70	0.853
70	0.570
70	0.517
70	0.195
70	0.528
70	0.429
70	0.296
70	0.274
70	0.463
70	0.897
70	0.750
70	0.181
70	0.249
70	0.313
70	0.347
70	0.555
70	0.309
70	0.372
70	0.144
70	0.609
70	0.669
70	0.415
70	0.795
70	0.086
70	0.376
70	0.354
70	0.921
70	0.454
70	0.383
70	0.808
70	0.572
70	0.376
70	0.592
70	0.302
70	0.746
70	0.775
70	0.724
70	0.459
70	0.354
70	0.650
70	0.668
70	0.671
70	0.216
70	0.422
70	0.417
70	0.400
70	0.557
70	0.436
70	0.449
70	0.915
70	0.514
70	0.724
70	0.507
70	0.523
70	0.199
70	0.433
70	0.728
70	0.299
70	0.271
70	0.694
70	0.461
70	0.733
70	0.097
70	0.446
70	0.207
70	0.462
70	0.458
70	0.520
70	0.627
70	0.723
70	0.717
70	0.803
70	0.141
70	0.103
70	0.194
70	0.335
70	0.592
70	0.481
70	0.664
70	0.347
70	0.522
70	0.894
70	0.207
70	0.299
70	0.690
70	0.463
70	0.853
70	0.175
70	0.389
70	0.861
70	0.185
70	0.555
70	0.738
70	0.477
70	0.512
70	0.489
70	0.543
70	0.309
70	0.354
70	1.000
70	0.727
70	0.332
70	0.527
70	0.251
70	0.458
70	0.303
70	0.166
70	0.408
70	0.219
70	0.713
70	0.510
70	0.543
70	0.857
70	0.549
70	0.118
70	0.523
70	0.417
70	0.787
70	0.783
70	0.590
70	0.546
70	0.548
70	0.760
70	0.757
70	0.555
70	0.197
70	0.562
70	0.494
70	0.233
70	0.877
70	0.414
70	0.350
70	0.834
80	0.526
80	0.970
80	0.263
80	0.211
80	0.525
80	0.576
80	0.721
80	0.658
80	0.543
80	0.643
80	0.767
80	0.794
80	0.931
80	0.633
80	0.849
80	0.488
80	0.960
80	0.282
80	0.393
80	0.611
80	0.522
80	0.500
80	0.720
80	0.621
80	0.525
80	0.634
80	0.469
80	0.500
80	0.644
80	0.511
80	0.742
80	0.368
80	0.725
80	0.879
80	0.535
80	0.557
80	0.563
80	0.624
80	0.659
80	0.665
80	0.690
80	0.332
80	0.750
80	0.713
80	0.982
80	0.494
80	0.402
80	0.689
80	0.545
80	0.599
80	0.993
80	0.776
80	0.809
80	0.718
80	0.846
80	0.629
80	0.662
80	0.832
80	0.606
80	0.475
80	0.390
80	0.880
80	0.509
80	0.516
80	0.499
80	0.699
80	0.786
80	0.185
80	0.554
80	0.463
80	0.597
80	0.309
80	0.578
80	0.513
80	0.427
80	0.798
80	0.984
80	0.628
80	0.608
80	0.471
80	0.508
80	0.551
80	0.684
80	0.817
80	0.404
80	0.676
80	0.568
80	0.631
80	0.306
80	0.251
80	0.724
80	0.491
80	0.483
80	0.516
80	0.419
80	0.796
80	0.653
80	0.268
80	0.666
80	0.300
80	0.397
80	0.674
80	0.709
80	0.762
80	0.408
80	0.819
80	0.685
80	0.832
80	0.477
80	0.920
80	0.263
80	0.805
80	0.506
80	0.819
80	0.702
80	0.346
80	0.695
80	0.578
80	0.962
80	0.342
80	0.399
80	0.498
80	0.480
80	0.445
80	0.510
80	0.944
80	0.564
80	0.729
80	0.592
80	0.605
80	0.689
80	0.846
80	0.541
80	0.837
80	0.509
80	0.628
80	0.888
80	0.751
80	0.840
80	0.489
80	0.701
80	0.451
80	0.727
80	0.576
80	0.623
80	0.628
80	0.585
80	0.631
80	0.972
80	0.352
80	0.968
80	0.519
80	0.782
80	0.622
80	0.457
80	0.339
80	0.405
80	0.490
80	0.381
80	0.507
80	0.850
80	0.574
80	0.645
80	0.472
80	0.942
80	0.853
80	0.768
80	0.422
80	0.510
80	0.964
80	0.366
80	0.479
80	0.485
80	0.420
80	0.544
80	0.719
80	0.195
80	0.411
80	0.650
80	0.577
80	0.677
80	0.793
80	0.365
80	0.493
80	0.871
80	0.377
80	0.000
80	0.307
80	0.734
80	0.443
80	0.444
80	0.990
80	0.299
80	0.575
80	0.485
80	0.368
80	0.525
80	0.582
80	0.618
80	0.444
90	0.654
90	0.404
90	0.641
90	0.284
90	0.502
90	0.755
90	0.377
90	0.801
90	0.757
90	0.533
90	0.588
90	0.565
90	0.462
90	0.628
90	0.617
90	0.773
90	0.705
90	0.618
90	0.825
90	0.807
90	0.289
90	0.734
90	0.617
90	0.661
90	0.333
90	0.467
90	0.332
90	0.707
90	0.559
90	0.341
90	0.348
90	0.744
90	0.654
90	0.539
90	0.712
90	0.421
90	0.821
90	0.615
90	0.509
90	0.368
90	0.484
90	0.479
90	0.891
90	0.762
90	0.424
90	0.688
90	0.798
90	0.554
90	0.843
90	0.723
90	0.721
90	0.846
90	0.783
90	0.667
90	0.732
90	0.869
90	0.459
90	0.335
90	0.709
90	0.553
90	0.577
90	0.835
90	0.435
90	0.738
90	0.524
90	0.553
90	0.689
90	0.683
90	0.330
90	0.732
90	0.533
90	0.715
90	0.432
90	0.662
90	0.786
90	0.488
90	0.363
90	0.681
90	0.498
90	0.273
90	0.640
90	0.844
90	0.610
90	0.612
90	0.303
90	0.809
90	0.582
90	0.503
90	0.853
90	0.651
90	0.580
90	0.358
90	0.726
90	0.362
90	0.520
90	0.842
90	0.418
90	0.667
90	0.340
90	0.435
90	0.486
90	0.906
90	0.618
90	0.651
90	0.481
90	0.891
90	0.833
90	0.880
90	0.548
90	0.492
90	0.367
90	0.492
90	0.709
90	0.697
90	0.633
90	0.587
90	0.485
90	0.866
90	0.652
90	0.683
90	0.621
90	0.753
90	0.626
90	0.622
90	0.667
90	0.811
90	0.615
90	0.348
90	0.971
90	0.676
90	0.643
90	0.662
90	0.908
90	0.605
90	0.601
90	0.515
90	0.708
90	0.312
90	0.690
90	0.351
90	0.746
90	0.915
90	0.983
90	0.408
90	0.680
90	0.687
90	0.594
90	0.629
90	0.769
90	0.575
90	0.675
90	0.748
90	0.470
90	0.593
90	0.486
90	0.943
90	0.593
90	0.614
90	0.390
90	0.517
90	0.734
90	0.699
90	0.745
90	0.318
90	0.746
90	0.555
90	0.775
90	0.757
90	0.423
90	0.830
90	0.641
90	0.679
90	0.586
90	0.578
90	0.466
90	0.429
90	0.703
90	0.745
90	0.938
90	0.903
90	0.538
90	0.845
90	0.879
90	0.370
90	0.902
90	0.769
90	0.746
90	0.638
90	0.354
90	0.518
90	0.785
90	0.843
90	0.724
90	0.867
90	0.813
90	0.701
90	0.563
90	0.876
90	0.651
90	0.473
100	0.481
100	0.399
100	0.921
100	0.877
100	0.659
100	0.800
100	0.820
100	0.852
100	0.645
100	0.769
100	0.881
100	0.784
100	0.749
100	0.968
100	0.462
100	0.917
100	0.815
100	0.702
100	0.521
100	0.677
100	0.440
100	0.678
100	0.779
100	0.537
100	0.436
100	0.703
100	0.562
100	0.653
100	0.641
100	0.785
100	0.869
100	0.585
100	0.673
100	0.564
100	0.878
100	0.525
100	0.775
100	0.619
100	0.655
100	0.696
100	0.494
100	0.929
100	0.648
100	0.682
100	0.381
100	0.472
100	0.000
100	0.612
100	0.719
100	0.643
100	0.509
100	0.587
100	0.449
100	0.577
100	0.577
100	0.682
100	0.685
100	0.676
100	0.555
100	0.583
100	0.633
100	0.482
100	0.621
100	0.758
100	0.445
100	0.696
100	0.551
100	0.968
100	0.739
100	0.599
100	0.725
100	0.944
100	0.584
100	0.706
100	0.680
100	0.676
100	0.531
100	0.875
100	0.678
100	0.632
100	0.674
100	0.560
100	0.593
100	0.602
100	0.668
100	0.797
100	0.632
100	0.898
100	0.430
100	0.748
100	0.459
100	0.654
100	0.619
100	0.573
100	0.672
100	0.457
100	0.596
100	0.392
100	0.710
100	0.660
100	0.451
100	0.990
100	0.723
100	0.500
100	0.564
100	0.511
100	0.388
100	0.492
100	0.692
100	0.395
100	0.821
100	0.812
100	0.785
100	0.514
100	0.629
100	0.577
100	0.702
100	0.590
100	0.773
100	0.451
100	0.355
100	0.622
100	0.646
100	0.734
100	0.780
100	0.795
100	0.517
100	0.611
100	0.575
100	0.673
100	0.445
100	0.847
100	0.589
100	0.796
100	0.475
100	0.529
100	0.610
100	0.682
100	0.717
100	0.425
100	0.411
100	0.683
100	0.683
100	0.760
100	0.660
100	0.735
100	1.000
100	1.000
100	0.556
100	0.779
100	0.796
100	0.394
100	0.370
100	0.615
100	0.462
100	0.903
100	0.553
100	0.961
100	0.558
100	0.734
100	0.445
100	0.418
100	0.588
100	0.600
100	0.690
100	0.808
100	0.459
100	0.749
100	0.762
100	0.341
100	0.421
100	0.558
100	0.715
100	0.855
100	0.880
100	0.866
100	0.550
100	0.000
100	0.477
100	0.653
100	0.686
100	0.490
100	0.565
100	0.736
100	0.519
100	0.709
100	0.488
100	0.543
100	0.955
100	0.457
100	0.580
100	0.781
100	0.858
100	0.540
100	0.773
100	0.753
100	0.842
100	0.000
100	0.658
100	0.748
110	0.689
110	0.644
110	0.650
110	0.835
110	0.665
110	0.470
110	0.557
110	0.699
110	0.596
110	0.619
110	0.595
110	0.588
110	0.810
110	0.632
110	0.530
110	0.656
110	0.947
110	0.818
110	0.524
110	0.591
110	0.552
110	0.881
110	0.699
110	0.699
110	0.595
110	0.719
110	0.617
110	0.593
110	0.509
110	0.958
110	0.846
110	0.947
110	0.739
110	0.869
110	0.622
110	0.741
110	0.659
110	0.778
110	0.937
110	0.834
110	0.854
110	0.670
110	0.486
110	0.487
110	0.641
110	0.688
110	0.609
110	0.901
110	0.878
110	0.685
110	0.804
110	0.500
110	0.709
110	0.730
110	0.642
110	0.443
110	0.658
110	0.792
110	0.962
110	0.831
110	0.648
110	0.687
110	0.774
110	0.671
110	0.729
110	0.790
110	0.636
110	0.583
110	0.930
110	0.982
110	0.651
110	0.924
110	0.793
110	0.679
110	0.573
110	0.763
110	0.641
110	0.574
110	0.500
110	0.825
110	0.877
110	0.717
110	0.606
110	0.775
110	0.872
110	0.663
110	0.744
110	0.865
110	0.736
110	0.661
110	0.649
110	0.587
110	0.589
110	0.728
110	0.661
110	0.588
110	0.777
110	0.440
110	0.618
110	0.698
110	0.784
110	0.828
110	0.799
110	0.903
110	0.766
110	0.830
110	0.464
110	0.760
110	0.440
110	0.745
110	0.791
110	0.793
110	0.460
110	0.879
110	0.729
110	0.584
110	0.799
110	0.614
110	0.961
110	0.618
110	0.618
110	0.576
110	0.667
110	0.652
110	0.420
110	0.700
110	0.812
110	0.764
110	0.722
110	0.635
110	0.585
110	0.895
110	0.557
110	0.778
110	0.727
110	0.819
110	0.639
110	0.630
110	0.615
110	0.467
110	0.551
110	0.599
110	0.764
110	0.390
110	0.701
110	0.695
110	0.684
110	0.562
110	0.898
110	0.700
110	0.738
110	0.610
110	0.501
110	0.788
110	0.561
110	0.513
110	0.426
110	0.768
110	0.877
110	0.723
110	0.719
110	0.435
110	0.632
110	0.644
110	0.574
110	0.644
110	0.614
110	0.877
110	0.712
110	0.786
110	0.940
110	0.700
110	0.794
110	0.755
110	0.787
110	0.642
110	0.709
110	0.819
110	0.488
110	0.803
110	0.662
110	0.930
110	0.861
110	0.599
110	0.808
110	0.752
110	0.598
110	0.456
110	0.557
110	0.772
110	0.890
110	0.772
110	0.797
110	0.726
110	0.592
110	0.588
110	0.618
110	0.897
110	0.642
110	0.842
120	0.639
120	0.551
120	0.824
120	0.854
120	0.722
120	0.641
120	0.806
120	0.515
120	0.684
120	0.571
120	0.320
120	0.796
120	1.000
120	0.565
120	0.536
120	0.992
120	0.667
120	0.805
120	0.881
120	0.633
120	0.992
120	0.925
120	0.860
120	0.990
120	0.776
120	0.991
120	0.748
120	0.445
120	0.387
120	0.942
120	0.733
120	0.714
120	0.788
120	0.313
120	1.000
120	0.465
120	0.761
120	0.706
120	0.524
120	0.970
120	0.694
120	0.806
120	0.541
120	0.705
120	0.715
120	0.762
120	1.000
120	0.767
120	0.882
120	0.757
120	0.714
120	0.558
120	0.527
120	0.944
120	0.590
120	0.534
120	0.789
120	0.997
120	0.862
120	0.899
120	0.729
120	0.807
120	0.890
120	0.837
120	0.937
120	0.757
120	0.619
120	0.906
120	0.595
120	0.711
120	0.702
120	0.897
120	0.910
120	0.799
120	0.923
120	0.770
120	0.577
120	0.310
120	0.592
120	0.942
120	0.567
120	0.794
120	0.732
120	0.831
120	0.961
120	0.641
120	0.733
120	0.984
120	0.730
120	0.810
120	0.775
120	0.973
120	0.568
120	0.742
120	0.764
120	0.754
120	0.746
120	0.989
120	0.958
120	0.722
120	0.605
120	0.733
120	0.792
120	0.527
120	0.745
120	0.957
120	0.978
120	0.589
120	0.712
120	0.734
120	0.447
120	0.915
120	0.896
120	0.782
120	0.728
120	0.834
120	0.883
120	0.991
120	0.805
120	0.836
120	0.742
120	0.759
120	0.528
120	0.730
120	0.712
120	0.506
120	0.713
120	0.605
120	0.706
120	0.501
120	0.993
120	0.390
120	0.719
120	0.738
120	0.824
120	0.802
120	0.385
120	0.780
120	0.742
120	0.978
120	0.571
120	0.782
120	0.955
120	0.995
120	0.835
120	0.814
120	0.941
120	0.840
120	0.816
120	0.865
120	0.722
120	0.809
120	0.842
120	0.824
120	0.878
120	0.993
120	0.985
120	0.794
120	0.972
120	0.930
120	0.712
120	0.844
120	0.825
120	0.921
120	0.687
120	0.871
120	1.000
120	0.991
120	0.514
120	0.783
120	0.765
120	1.000
120	0.644
120	0.623
120	0.425
120	0.890
120	0.939
120	0.597
120	0.852
120	0.814
120	1.000
120	0.811
120	0.523
120	0.769
120	0.981
120	0.790
120	0.782
120	0.817
120	0.883
120	0.989
120	0.905
120	0.779
120	0.916
120	0.990
120	0.481
120	0.720
120	0.803
120	0.756
120	0.578
120	0.670
130	0.823
130	1.000
130	0.988
130	0.926
130	0.837
130	0.746
130	0.986
130	0.461
130	0.804
130	0.860
130	0.376
130	0.577
130	0.360
130	0.938
130	0.713
130	0.922
130	0.730
130	0.899
130	0.888
130	0.309
130	0.922
130	0.877
130	0.994
130	0.704
130	0.694
130	0.910
130	0.995
130	0.635
130	0.972
130	0.846
130	0.874
130	0.786
130	0.685
130	0.721
130	0.801
130	0.615
130	0.755
130	0.648
130	0.994
130	0.907
130	0.721
130	0.626
130	0.794
130	0.864
130	0.707
130	0.871
130	0.645
130	0.855
130	0.993
130	0.613
130	1.000
130	0.943
130	0.971
130	0.735
130	0.971
130	0.741
130	1.000
130	0.717
130	0.817
130	1.000
130	0.789
130	1.000
130	0.939
130	0.995
130	0.755
130	0.762
130	0.980
130	0.573
130	0.910
130	0.734
130	0.663
130	0.989
130	0.815
130	0.813
130	0.936
130	0.484
130	0.806
130	0.719
130	0.935
130	0.834
130	0.745
130	0.825
130	0.729
130	0.846
130	0.620
130	0.439
130	0.729
130	0.701
130	0.595
130	0.652
130	0.967
130	0.712
130	0.831
130	0.790
130	0.809
130	0.913
130	0.630
130	0.546
130	0.910
130	0.827
130	0.692
130	0.687
130	0.710
130	0.705
130	0.912
130	0.992
130	0.871
130	0.770
130	0.550
130	0.943
130	1.000
130	0.635
130	0.613
130	0.925
130	0.598
130	0.645
130	0.331
130	0.912
130	0.780
130	0.977
130	0.712
130	0.599
130	0.853
130	0.943
130	0.764
130	0.330
130	0.492
130	0.685
130	0.906
130	0.879
130	0.413
130	0.688
130	0.843
130	0.567
130	0.592
130	0.950
130	0.782
130	0.983
130	0.991
130	0.757
130	0.575
130	0.726
130	0.907
130	0.857
130	0.795
130	0.907
130	0.975
130	0.664
130	0.747
130	0.712
130	0.829
130	0.774
130	0.994
130	0.993
130	0.668
130	0.707
130	0.893
130	0.429
130	0.790
130	0.792
130	0.798
130	0.647
130	0.859
130	0.685
130	0.600
130	0.968
130	0.460
130	0.758
130	0.763
130	0.695
130	0.766
130	0.897
130	0.780
130	0.918
130	0.799
130	0.400
130	1.000
130	0.683
130	1.000
130	0.965
130	0.701
130	0.626
130	0.935
130	0.498
130	0.904
130	0.683
130	0.647
130	0.867
130	0.620
130	0.990
130	0.987
130	0.637
130	0.609
130	0.802
130	0.848
130	0.787
130	0.808
130	0.730
130	0.678
130	0.872
140	1.000
140	0.866
140	0.919
140	0.641
140	0.858
140	0.555
140	0.460
140	0.778
140	0.785
140	0.748
140	0.954
140	0.693
140	0.710
140	0.710
140	0.702
140	0.561
140	0.859
140	0.575
140	0.426
140	1.000
140	0.642
140	0.914
140	0.865
140	0.480
140	0.796
140	0.910
140	0.770
140	0.829
140	0.420
140	0.731
140	0.739
140	0.976
140	0.754
140	0.466
140	1.000
140	0.786
140	0.908
140	0.720
140	0.970
140	0.895
140	0.757
140	0.845
140	0.671
140	0.902
140	0.647
140	0.907
140	0.924
140	0.701
140	1.000
140	0.825
140	0.732
140	0.840
140	0.985
140	0.713
140	0.927
140	1.000
140	0.771
140	0.777
140	0.993
140	0.819
140	0.680
140	0.758
140	0.829
140	0.734
140	0.686
140	0.842
140	0.980
140	0.703
140	0.633
140	0.825
140	0.853
140	0.800
140	0.760
140	0.402
140	0.723
140	0.916
140	0.732
140	1.000
140	0.872
140	0.870
140	0.845
140	0.856
140	0.736
140	0.783
140	0.772
140	0.709
140	0.711
140	0.959
140	0.995
140	0.973
140	0.710
140	0.432
140	0.679
140	0.756
140	0.822
140	0.911
140	0.993
140	0.812
140	0.825
140	0.800
140	0.811
140	0.858
140	0.841
140	0.998
140	0.952
140	0.872
140	0.929
140	0.993
140	0.477
140	0.897
140	0.570
140	0.872
140	0.995
140	0.732
140	1.000
140	0.773
140	0.803
140	0.660
140	0.701
140	0.634
140	0.755
140	0.928
140	0.935
140	0.807
140	0.844
140	0.653
140	0.777
140	0.975
140	0.839
140	0.624
140	0.825
140	0.963
140	0.990
140	0.531
140	0.763
140	0.510
140	0.967
140	0.961
140	0.965
140	0.705
140	0.848
140	0.787
140	0.775
140	0.608
140	0.851
140	0.907
140	0.953
140	0.808
140	0.650
140	0.601
140	0.809
140	0.866
140	0.855
140	0.451
140	0.954
140	0.880
140	0.608
140	0.824
140	0.677
140	0.483
140	0.733
140	0.737
140	0.594
140	0.621
140	0.595
140	0.824
140	0.596
140	0.971
140	0.624
140	0.583
140	0.568
140	0.835
140	0.656
140	0.942
140	0.962
140	0.826
140	0.982
140	1.000
140	0.813
140	0.733
140	0.987
140	0.989
140	0.920
140	0.933
140	0.455
140	0.522
140	0.985
140	1.000
140	0.784
140	1.000
140	0.601
140	0.900
140	0.669
140	0.993
140	0.994
140	0.697
140	0.730
140	0.677
140	0.588
140	0.627
150	0.802
150	0.917
150	0.931
150	0.736
150	0.757
150	0.893
150	0.711
150	0.859
150	0.667
150	0.917
150	0.851
150	0.793
150	0.770
150	0.924
150	0.868
150	0.752
150	0.590
150	0.879
150	0.972
150	0.919
150	0.806
150	0.755
150	0.763
150	0.502
150	0.685
150	0.767
150	0.589
150	0.698
150	0.725
150	0.804
150	0.772
150	0.990
150	0.995
150	0.872
150	0.532
150	0.448
150	0.934
150	0.794
150	0.822
150	0.750
150	0.849
150	0.812
150	0.921
150	0.773
150	0.831
150	0.868
150	0.874
150	0.522
150	0.616
150	0.982
150	0.974
150	0.947
150	0.808
150	0.673
150	0.688
150	0.975
150	0.901
150	0.743
150	0.675
150	0.916
150	0.751
150	0.806
150	0.727
150	0.990
150	0.993
150	0.759
150	0.392
150	0.714
150	0.715
150	0.667
150	0.665
150	0.610
150	0.922
150	0.737
150	0.756
150	0.630
150	0.976
150	0.859
150	0.912
150	0.949
150	0.636
150	0.855
150	0.570
150	0.938
150	0.883
150	0.881
150	0.739
150	0.834
150	0.965
150	0.993
150	0.782
150	0.875
150	0.680
150	0.903
150	0.858
150	0.813
150	0.993
150	0.853
150	0.655
150	0.866
150	0.976
150	0.847
150	0.989
150	0.774
150	0.928
150	0.898
150	0.915
150	0.715
150	0.540
150	0.769
150	0.603
150	0.724
150	0.486
150	0.884
150	0.778
150	0.814
150	0.685
150	0.772
150	0.694
150	0.988
150	0.695
150	0.734
150	0.894
150	0.794
150	0.469
150	0.799
150	0.887
150	0.881
150	0.936
150	0.987
150	0.593
150	0.994
150	0.992
150	0.819
150	0.802
150	0.992
150	0.882
150	1.000
150	0.909
150	0.763
150	0.814
150	0.667
150	0.935
150	0.902
150	0.821
150	0.720
150	0.755
150	0.970
150	0.739
150	0.715
150	0.792
150	0.665
150	0.873
150	0.714
150	0.994
150	0.845
150	0.697
150	0.947
150	0.927
150	0.671
150	0.694
150	0.989
150	0.858
150	0.911
150	0.512
150	0.807
150	0.970
150	0.996
150	0.992
150	0.952
150	0.743
150	0.888
150	0.793
150	0.942
150	0.562
150	0.823
150	0.688
150	0.607
150	0.943
150	0.769
150	0.836
150	0.797
150	0.788
150	0.994
150	0.679
150	1.000
150	0.499
150	0.837
150	0.685
150	0.671
150	0.899
150	0.647
150	1.000
150	0.864
150	0.619
150	0.798
150	0.695
150	0.716
150	1.000
150	0.725
