10	0.014
10	0.002
10	0.015
10	0.002
10	0.002
10	0.000
10	0.015
10	0.001
10	0.071
10	0.006
10	0.330
10	0.381
10	0.326
10	0.003
10	0.273
10	0.000
10	0.002
10	0.018
10	0.000
10	0.051
10	0.014
10	0.003
10	0.030
10	0.034
10	0.062
10	0.001
10	0.021
10	0.018
10	0.019
10	0.042
10	0.003
10	0.004
10	0.000
10	0.001
10	0.031
10	0.002
10	0.034
10	0.180
10	0.005
10	0.001
10	0.169
10	0.000
10	0.565
10	0.010
10	0.414
10	0.015
10	0.005
10	0.000
10	0.000
10	0.021
10	0.025
10	0.004
10	0.522
10	0.017
10	0.015
10	0.002
10	0.015
10	0.004
10	0.000
10	0.400
10	0.002
10	0.014
10	0.002
10	0.008
10	0.038
10	0.001
10	0.057
10	0.000
10	0.002
10	0.003
10	0.002
10	0.000
10	0.023
10	0.005
10	0.000
10	0.017
10	0.004
10	0.001
10	0.040
10	0.000
10	0.395
10	0.013
10	0.006
10	0.081
10	0.126
10	0.002
10	0.000
10	0.002
10	0.003
10	0.010
10	0.001
10	0.317
10	0.002
10	0.000
10	0.015
10	0.029
10	0.008
10	0.005
10	0.000
10	0.002
20	0.134
20	0.013
20	0.224
20	0.015
20	0.117
20	0.047
20	0.017
20	0.129
20	0.194
20	0.024
20	0.000
20	0.015
20	0.000
20	0.143
20	0.022
20	0.074
20	0.011
20	0.000
20	0.068
20	0.000
20	0.002
20	0.000
20	0.006
20	0.017
20	0.017
20	0.000
20	0.000
20	0.041
20	0.002
20	0.336
20	0.031
20	0.000
20	0.002
20	0.367
20	0.505
20	0.000
20	0.017
20	0.000
20	0.035
20	0.122
20	0.037
20	0.301
20	0.017
20	0.032
20	0.301
20	0.000
20	0.064
20	0.406
20	0.011
20	0.000
20	0.002
20	0.248
20	0.131
20	0.002
20	0.002
20	0.023
20	0.001
20	0.001
20	0.009
20	0.001
20	0.032
20	0.000
20	0.009
20	0.073
20	0.076
20	0.118
20	0.066
20	0.025
20	0.003
20	0.001
20	0.000
20	0.001
20	0.021
20	0.013
20	0.001
20	0.071
20	0.000
20	0.001
20	0.032
20	0.000
20	0.002
20	0.377
20	0.001
20	0.438
20	0.002
20	0.003
20	0.036
20	0.274
20	0.026
20	0.019
20	0.000
20	0.091
20	0.003
20	0.114
20	0.000
20	0.039
20	0.004
20	0.037
20	0.001
20	0.088
30	0.305
30	0.110
30	0.426
30	0.011
30	0.542
30	0.117
30	0.045
30	0.009
30	0.001
30	0.473
30	0.041
30	0.088
30	0.059
30	0.042
30	0.012
30	0.000
30	0.013
30	0.410
30	0.060
30	0.114
30	0.065
30	0.012
30	0.037
30	0.385
30	0.486
30	0.233
30	0.014
30	0.011
30	0.140
30	0.048
30	0.236
30	0.005
30	0.091
30	0.039
30	0.299
30	0.355
30	0.026
30	0.013
30	0.124
30	0.049
30	0.042
30	0.058
30	0.431
30	0.000
30	0.158
30	0.091
30	0.060
30	0.049
30	0.060
30	0.204
30	0.189
30	0.067
30	0.043
30	0.052
30	0.002
30	0.127
30	0.052
30	0.055
30	0.002
30	0.053
30	0.114
30	0.326
30	0.324
30	0.128
30	0.021
30	0.061
30	0.001
30	0.232
30	0.010
30	0.056
30	0.063
30	0.352
30	0.030
30	0.117
30	0.405
30	0.069
30	0.011
30	0.176
30	0.112
30	0.023
30	0.319
30	0.055
30	0.002
30	0.026
30	0.017
30	0.053
30	0.316
30	0.077
30	0.094
30	0.001
30	0.293
30	0.064
30	0.011
30	0.501
30	0.100
30	0.410
30	0.017
30	0.071
30	0.011
30	0.137
40	0.148
40	0.226
40	0.246
40	0.385
40	0.446
40	0.212
40	0.420
40	0.104
40	0.243
40	0.415
40	0.200
40	0.243
40	0.383
40	0.285
40	0.130
40	0.109
40	0.259
40	0.142
40	0.438
40	0.367
40	0.069
40	0.157
40	0.718
40	0.195
40	0.300
40	0.151
40	0.287
40	0.212
40	0.672
40	0.258
40	0.473
40	0.181
40	0.301
40	0.322
40	0.246
40	0.189
40	0.326
40	0.342
40	0.246
40	0.266
40	0.292
40	0.160
40	0.175
40	0.249
40	0.300
40	0.412
40	0.230
40	0.442
40	0.282
40	0.211
40	0.261
40	0.508
40	0.447
40	0.404
40	0.217
40	0.248
40	0.391
40	0.360
40	0.227
40	0.265
40	0.188
40	0.353
40	0.611
40	0.160
40	0.253
40	0.304
40	0.078
40	0.168
40	0.277
40	0.257
40	0.214
40	0.196
40	0.208
40	0.406
40	0.206
40	0.337
40	0.325
40	0.132
40	0.193
40	0.189
40	0.190
40	0.456
40	0.233
40	0.318
40	0.230
40	0.152
40	0.291
40	0.213
40	0.424
40	0.265
40	0.224
40	0.566
40	0.149
40	0.356
40	0.274
40	0.428
40	0.490
40	0.250
40	0.290
40	0.485
50	0.018
50	0.226
50	0.494
50	0.373
50	0.551
50	0.413
50	0.371
50	0.334
50	0.427
50	0.720
50	0.574
50	0.374
50	0.336
50	0.389
50	0.452
50	0.515
50	0.500
50	0.383
50	0.407
50	0.385
50	0.492
50	0.438
50	0.341
50	0.456
50	0.523
50	0.500
50	0.352
50	0.159
50	0.372
50	0.494
50	0.374
50	0.547
50	0.487
50	0.240
50	0.380
50	0.598
50	0.314
50	0.381
50	0.523
50	0.454
50	0.356
50	0.284
50	0.362
50	0.319
50	0.432
50	0.592
50	0.197
50	0.387
50	0.563
50	0.426
50	0.423
50	0.374
50	0.356
50	0.446
50	0.235
50	0.392
50	0.582
50	0.415
50	0.223
50	0.525
50	0.535
50	0.423
50	0.390
50	0.458
50	0.459
50	0.366
50	0.416
50	0.368
50	0.508
50	0.468
50	0.395
50	0.368
50	0.249
50	0.271
50	0.271
50	0.429
50	0.385
50	0.569
50	0.601
50	0.583
50	0.557
50	0.533
50	0.568
50	0.500
50	0.357
50	0.396
50	0.356
50	0.427
50	0.479
50	0.423
50	0.422
50	0.463
50	0.378
50	0.251
50	0.325
50	0.339
50	0.384
50	0.665
50	0.299
50	0.259
60	0.330
60	0.560
60	0.200
60	0.321
60	0.132
60	0.458
60	0.323
60	0.318
60	0.404
60	0.041
60	0.408
60	0.609
60	0.621
60	0.303
60	0.498
60	0.239
60	0.407
60	0.426
60	0.443
60	0.145
60	0.721
60	0.361
60	0.391
60	0.568
60	0.171
60	0.334
60	0.220
60	0.326
60	0.350
60	0.563
60	0.264
60	0.111
60	0.440
60	0.430
60	0.075
60	0.683
60	0.125
60	0.188
60	0.518
60	0.736
60	0.154
60	0.329
60	0.197
60	0.301
60	0.593
60	0.744
60	0.297
60	0.419
60	0.688
60	0.051
60	0.296
60	0.623
60	0.120
60	0.359
60	0.394
60	0.615
60	0.412
60	0.210
60	0.307
60	0.150
60	0.514
60	0.687
60	0.578
60	0.398
60	0.831
60	0.812
60	0.197
60	0.124
60	0.171
60	0.740
60	0.168
60	0.481
60	0.567
60	0.087
60	0.073
60	0.224
60	0.204
60	0.499
60	0.283
60	0.366
60	0.575
60	0.456
60	0.455
60	0.427
60	0.253
60	0.181
60	0.638
60	0.761
60	0.397
60	0.411
60	0.073
60	0.167
60	0.400
60	0.072
60	0.197
60	0.078
60	0.214
60	0.149
60	0.230
60	0.482
70	0.408
70	0.386
70	0.392
70	0.804
70	0.332
70	0.701
70	0.698
70	0.221
70	0.593
70	0.671
70	0.215
70	0.550
70	0.551
70	0.359
70	0.612
70	0.446
70	0.442
70	0.276
70	0.595
70	0.331
70	0.556
70	0.267
70	0.331
70	0.597
70	0.580
70	0.524
70	0.257
70	0.377
70	0.162
70	0.371
70	0.496
70	0.465
70	0.696
70	0.497
70	0.583
70	0.244
70	0.433
70	0.794
70	0.484
70	0.436
70	0.812
70	0.337
70	0.392
70	0.344
70	0.881
70	0.501
70	0.477
70	0.656
70	0.389
70	0.368
70	0.465
70	0.496
70	0.420
70	0.382
70	0.377
70	0.220
70	0.244
70	0.400
70	0.196
70	0.435
70	0.242
70	0.278
70	0.654
70	0.493
70	0.519
70	0.668
70	0.341
70	0.469
70	0.396
70	0.340
70	0.410
70	0.338
70	0.686
70	0.701
70	0.647
70	0.364
70	0.258
70	0.209
70	0.447
70	0.572
70	0.345
70	0.474
70	0.524
70	0.269
70	0.280
70	0.598
70	0.530
70	0.187
70	0.476
70	0.299
70	0.499
70	0.427
70	0.416
70	0.604
70	0.382
70	0.210
70	0.635
70	0.629
70	0.464
70	0.275
80	0.563
80	0.126
80	0.817
80	0.415
80	0.380
80	0.468
80	0.260
80	0.514
80	0.514
80	0.257
80	0.443
80	0.427
80	0.463
80	0.352
80	0.549
80	0.478
80	0.404
80	0.329
80	0.364
80	0.424
80	0.344
80	0.401
80	0.181
80	0.459
80	0.469
80	0.515
80	0.725
80	0.467
80	0.879
80	0.409
80	0.400
80	0.648
80	0.396
80	0.663
80	0.326
80	0.683
80	0.489
80	0.482
80	0.785
80	0.489
80	0.250
80	0.342
80	0.454
80	0.289
80	0.419
80	0.500
80	0.513
80	0.382
80	0.674
80	0.726
80	0.596
80	0.435
80	0.432
80	0.345
80	0.384
80	0.275
80	0.479
80	0.566
80	0.565
80	0.239
80	0.624
80	0.588
80	0.452
80	0.436
80	0.600
80	0.781
80	0.462
80	0.353
80	0.493
80	0.808
80	0.271
80	0.604
80	0.475
80	0.320
80	0.332
80	0.350
80	0.760
80	0.403
80	0.294
80	0.601
80	0.588
80	0.367
80	0.403
80	0.576
80	0.443
80	0.373
80	0.662
80	0.588
80	0.401
80	0.518
80	0.324
80	0.730
80	0.424
80	0.842
80	0.491
80	0.239
80	0.597
80	0.717
80	0.478
80	0.746
90	0.455
90	0.635
90	0.502
90	0.434
90	0.234
90	0.479
90	0.430
90	0.408
90	90	0.567
90	0.444
90	0.712
90	0.398
90	0.668
90	0.382
90	0.390
90	0.777
90	0.494
90	0.543
90	0.403
90	0.323
90	0.356
90	0.659
90	0.361
90	0.533
90	0.435
90	0.558
90	0.379
90	0.407
90	0.521
90	0.430
90	0.383
90	0.587
90	0.535
90	0.469
90	0.601
90	0.400
90	0.604
90	0.396
90	0.484
90	0.547
90	0.506
90	0.370
90	0.325
90	0.429
90	0.592
90	0.361
90	0.588
90	0.365
90	0.489
90	0.556
90	0.673
90	0.078
90	0.627
90	0.559
90	0.678
90	0.607
90	0.441
90	0.688
90	0.562
90	0.774
90	0.610
90	0.726
90	0.702
90	0.654
90	0.486
90	0.638
90	0.651
90	0.498
90	0.536
90	0.374
90	0.416
90	0.447
90	0.635
90	0.666
90	0.384
90	0.571
90	0.375
90	0.438
90	0.553
90	0.369
90	0.739
90	0.642
90	0.749
90	0.391
90	0.715
90	0.612
90	0.368
90	0.381
90	0.478
90	0.491
90	0.410
90	0.638
90	0.390
90	0.600
90	0.554
90	0.551
90	0.643
90	0.553
90	0.564
100	0.670
100	0.513
100	0.732
100	0.253
100	0.586
100	0.487
100	0.675
100	0.629
100	0.570
100	0.535
100	0.617
100	0.483
100	0.447
100	0.556
100	0.434
100	0.556
100	0.724
100	0.510
100	0.591
100	0.531
100	0.739
100	0.573
100	0.414
100	0.596
100	0.324
100	0.911
100	0.496
100	0.602
100	0.559
100	0.511
100	0.525
100	0.701
100	0.767
100	0.668
100	0.453
100	0.443
100	0.869
100	0.438
100	0.588
100	0.686
100	0.332
100	0.619
100	0.598
100	0.482
100	0.624
100	0.725
100	0.638
100	0.687
100	0.706
100	0.472
100	0.461
100	0.653
100	0.419
100	0.560
100	0.846
100	0.582
100	0.635
100	0.625
100	0.636
100	0.814
100	0.552
100	0.482
100	0.658
100	0.337
100	0.742
100	0.734
100	0.732
100	0.550
100	0.447
100	0.500
100	0.526
100	0.468
100	0.688
100	0.494
100	0.590
100	0.859
100	0.603
100	0.177
100	0.573
100	0.415
100	0.527
100	0.457
100	0.436
100	0.491
100	0.527
100	0.585
100	0.751
100	0.706
100	0.536
100	0.768
100	0.715
100	0.609
100	0.722
100	0.522
100	0.297
100	0.474
100	0.534
100	0.512
100	0.611
100	0.496
110	0.597
110	0.578
110	0.936
110	0.714
110	0.922
110	0.728
110	0.807
110	0.912
110	0.555
110	0.383
110	0.965
110	0.800
110	0.469
110	0.398
110	0.841
110	0.964
110	0.896
110	0.731
110	0.725
110	0.605
110	0.642
110	0.979
110	0.971
110	0.511
110	0.923
110	1.000
110	0.989
110	0.982
110	1.000
110	0.987
110	0.561
110	0.813
110	0.938
110	0.679
110	1.000
110	0.972
110	0.763
110	0.895
110	0.522
110	0.672
110	0.820
110	0.845
110	0.886
110	0.663
110	0.567
110	0.801
110	0.756
110	0.742
110	0.852
110	0.339
110	0.944
110	0.870
110	0.953
110	0.952
110	0.546
110	0.864
110	0.951
110	0.468
110	0.899
110	1.000
110	1.000
110	0.470
110	0.562
110	0.992
110	0.989
110	0.636
110	0.786
110	0.629
110	0.831
110	0.451
110	0.400
110	0.661
110	0.564
110	0.732
110	0.997
110	0.989
110	1.000
110	0.986
110	0.859
110	0.992
110	1.000
110	0.361
110	0.451
110	0.883
110	0.923
110	0.987
110	0.660
110	0.741
110	0.450
110	0.808
110	0.789
110	0.667
110	0.984
110	0.871
110	0.718
110	0.670
110	0.992
110	0.676
110	0.846
110	0.611
120	0.929
120	0.809
120	0.641
120	0.749
120	0.851
120	0.992
120	0.471
120	0.804
120	1.000
120	0.979
120	0.987
120	0.915
120	0.743
120	0.882
120	0.558
120	0.539
120	0.752
120	0.569
120	0.689
120	0.677
120	0.994
120	0.754
120	0.722
120	0.834
120	0.666
120	0.958
120	0.995
120	0.732
120	0.754
120	0.765
120	0.627
120	0.805
120	0.384
120	0.895
120	0.702
120	0.745
120	0.756
120	0.586
120	0.625
120	0.371
120	0.777
120	0.744
120	0.817
120	0.983
120	0.603
120	0.795
120	0.825
120	0.834
120	0.427
120	0.838
120	0.672
120	0.633
120	0.680
120	0.798
120	0.540
120	0.797
120	0.700
120	0.807
120	1.000
120	0.657
120	0.669
120	0.662
120	0.786
120	0.866
120	0.900
120	0.494
120	0.947
120	0.723
120	0.997
120	0.573
120	0.856
120	0.992
120	0.681
120	0.986
120	0.480
120	0.941
120	0.627
120	0.861
120	0.594
120	0.968
120	0.640
120	0.979
120	0.834
120	0.984
120	0.402
120	0.993
120	0.662
120	0.810
120	1.000
120	0.672
120	0.762
120	0.652
120	0.781
120	1.000
120	0.823
120	0.573
120	0.586
120	0.905
120	0.649
120	0.969
130	0.619
130	0.765
130	0.705
130	0.995
130	0.792
130	0.885
130	0.605
130	0.794
130	0.881
130	0.601
130	0.682
130	0.694
130	0.660
130	0.858
130	0.778
130	0.918
130	0.855
130	0.777
130	0.714
130	0.986
130	0.992
130	0.925
130	0.858
130	0.872
130	0.963
130	0.618
130	0.703
130	0.606
130	0.841
130	0.952
130	0.790
130	0.869
130	0.893
130	1.000
130	0.593
130	0.602
130	0.447
130	1.000
130	0.715
130	0.793
130	0.906
130	0.725
130	0.992
130	0.701
130	0.994
130	0.809
130	0.823
130	0.782
130	0.690
130	0.781
130	0.918
130	0.995
130	0.717
130	0.977
130	0.992
130	0.982
130	0.985
130	0.584
130	1.000
130	0.990
130	0.975
130	0.880
130	0.743
130	0.771
130	0.858
130	0.598
130	0.992
130	0.990
130	0.935
130	0.588
130	0.921
130	0.944
130	0.814
130	0.988
130	0.649
130	0.853
130	0.860
130	0.994
130	0.984
130	0.830
130	0.694
130	0.852
130	0.682
130	1.000
130	0.755
130	0.889
130	0.882
130	0.991
130	0.993
130	0.684
130	0.646
130	0.746
130	0.703
130	0.988
130	0.906
130	0.942
130	0.992
130	0.817
130	0.853
130	0.762
140	0.888
140	0.752
140	0.664
140	0.992
140	0.717
140	0.811
140	0.994
140	0.816
140	0.889
140	0.539
140	0.813
140	0.794
140	0.733
140	0.754
140	0.840
140	0.763
140	0.546
140	0.846
140	0.644
140	0.583
140	1.000
140	0.901
140	0.946
140	0.718
140	0.748
140	0.765
140	0.530
140	0.842
140	0.570
140	0.948
140	0.729
140	0.921
140	0.608
140	0.863
140	0.990
140	0.748
140	0.672
140	0.606
140	1.000
140	0.810
140	0.704
140	0.743
140	0.893
140	0.928
140	0.832
140	0.786
140	0.852
140	0.781
140	0.976
140	0.837
140	0.836
140	1.000
140	0.689
140	0.635
140	0.681
140	0.793
140	0.678
140	0.747
140	0.880
140	0.748
140	0.964
140	0.969
140	0.767
140	0.892
140	0.862
140	0.808
140	0.851
140	0.815
140	0.581
140	0.763
140	0.983
140	0.848
140	0.464
140	0.982
140	0.669
140	0.775
140	0.786
140	0.985
140	0.824
140	0.857
140	0.882
140	1.000
140	1.000
140	0.798
140	0.982
140	0.646
140	0.824
140	0.875
140	0.624
140	0.932
140	0.856
140	0.788
140	0.677
140	0.861
140	0.626
140	0.823
140	0.993
140	0.970
140	0.674
140	0.743
150	0.818
150	0.859
150	0.713
150	0.807
150	0.995
150	0.803
150	0.640
150	0.730
150	0.936
150	0.876
150	0.917
150	0.641
150	0.936
150	0.883
150	0.994
150	0.775
150	0.889
150	0.991
150	0.994
150	0.828
150	0.870
150	0.795
150	0.568
150	0.729
150	1.000
150	0.696
150	0.968
150	0.900
150	0.656
150	0.878
150	0.822
150	0.994
150	0.993
150	1.000
150	0.997
150	0.718
150	0.841
150	0.673
150	0.832
150	0.759
150	0.983
150	0.751
150	0.655
150	0.700
150	0.959
150	0.917
150	0.887
150	0.995
150	0.896
150	0.988
150	0.949
150	0.990
150	0.708
150	0.601
150	1.000
150	0.703
150	0.810
150	0.922
150	0.854
150	0.978
150	0.746
150	0.820
150	0.710
150	0.931
150	0.994
150	0.757
150	0.879
150	0.840
150	0.972
150	0.988
150	0.630
150	1.000
150	0.826
150	0.997
150	0.790
150	0.991
150	0.952
150	0.870
150	0.986
150	0.981
150	0.957
150	0.975
150	0.607
150	0.796
150	0.737
150	0.862
150	0.714
150	0.841
150	0.877
150	0.515
150	0.794
150	0.758
150	0.868
150	0.943
150	0.966
150	0.510
150	0.854
150	0.771
150	0.613
150	0.830
