30	0.401
30	0.400
30	0.007
30	0.643
30	0.106
30	0.141
30	0.531
30	0.217
30	0.027
30	0.577
30	0.596
30	0.141
30	0.112
30	0.160
30	0.047
30	0.070
30	0.140
30	0.331
30	0.050
30	0.431
30	0.011
30	0.091
30	0.348
30	0.011
30	0.123
30	0.236
30	0.014
30	0.576
30	0.027
30	0.510
30	0.008
30	0.144
30	0.067
30	0.272
30	0.007
30	0.335
30	0.050
30	0.037
30	0.087
30	0.090
30	0.069
30	0.016
30	0.026
30	0.154
30	0.281
30	0.224
30	0.020
30	0.076
30	0.453
30	0.380
30	0.021
30	0.379
30	0.532
30	0.332
30	0.002
30	0.064
30	0.245
30	0.181
30	0.230
30	0.110
30	0.013
30	0.054
30	0.337
30	0.368
30	0.010
30	0.326
30	0.004
30	0.442
30	0.107
30	0.040
30	0.023
30	0.261
30	0.133
30	0.020
30	0.059
30	0.287
30	0.223
30	0.297
30	0.462
30	0.000
30	0.000
30	0.598
30	0.038
30	0.002
30	0.292
30	0.546
30	0.000
30	0.137
30	0.485
30	0.050
30	0.000
30	0.594
30	0.061
30	0.042
30	0.219
30	0.327
30	0.178
30	0.484
30	0.113
30	0.435
30	0.015
30	0.447
30	0.046
30	0.432
30	0.346
30	0.035
30	0.329
30	0.038
30	0.233
30	0.001
30	0.001
30	0.229
30	0.253
30	0.327
30	0.551
30	0.117
30	0.002
30	0.106
30	0.029
30	0.210
30	0.157
30	0.000
30	0.451
30	0.064
30	0.535
30	0.004
30	0.342
30	0.218
30	0.006
30	0.034
30	0.234
30	0.080
30	0.088
30	0.025
30	0.185
30	0.021
30	0.413
30	0.124
30	0.057
30	0.001
30	0.233
30	0.153
30	0.456
30	0.016
30	0.148
30	0.052
30	0.093
30	0.332
30	0.021
30	0.000
30	0.002
30	0.107
30	0.415
30	0.012
30	0.137
30	0.293
30	0.419
30	0.150
30	0.268
30	0.000
30	0.003
30	0.486
30	0.342
30	0.247
30	0.030
30	0.031
30	0.162
30	0.016
30	0.414
30	0.117
30	0.105
30	0.003
30	0.443
30	0.134
30	0.063
30	0.091
30	0.691
30	0.584
30	0.192
30	0.436
30	0.562
30	0.090
30	0.029
30	0.000
30	0.095
30	0.122
30	0.291
30	0.012
30	0.159
30	0.293
30	0.009
30	0.601
30	0.574
30	0.423
30	0.181
30	0.003
30	0.021
30	0.067
30	0.035
30	0.007
40	0.241
40	0.295
40	0.400
40	0.157
40	0.088
40	0.525
40	0.295
40	0.480
40	0.099
40	0.181
40	0.386
40	0.172
40	0.432
40	0.378
40	0.774
40	0.158
40	0.476
40	0.697
40	0.212
40	0.249
40	0.333
40	0.241
40	0.123
40	0.160
40	0.241
40	0.321
40	0.345
40	0.394
40	0.061
40	0.327
40	0.106
40	0.353
40	0.637
40	0.767
40	0.389
40	0.555
40	0.423
40	0.039
40	0.308
40	0.323
40	0.568
40	0.481
40	0.066
40	0.210
40	0.346
40	0.400
40	0.099
40	0.166
40	0.201
40	0.690
40	0.377
40	0.157
40	0.239
40	0.481
40	0.143
40	0.606
40	0.495
40	0.000
40	0.165
40	0.449
40	0.305
40	0.507
40	0.196
40	0.361
40	0.345
40	0.105
40	0.324
40	0.255
40	0.186
40	0.180
40	0.345
40	0.168
40	0.000
40	0.329
40	0.380
40	0.125
40	0.272
40	0.508
40	0.065
40	0.172
40	0.316
40	0.268
40	0.095
40	0.372
40	0.183
40	0.444
40	0.527
40	0.233
40	0.313
40	0.435
40	0.403
40	0.237
40	0.318
40	0.489
40	0.287
40	0.198
40	0.217
40	0.322
40	0.846
40	0.329
40	0.094
40	0.481
40	0.099
40	0.193
40	0.315
40	0.176
40	0.105
40	0.387
40	0.515
40	0.104
40	0.347
40	0.293
40	0.142
40	0.235
40	0.100
40	0.292
40	0.580
40	0.326
40	0.340
40	0.368
40	0.603
40	0.315
40	0.269
40	0.293
40	0.095
40	0.383
40	0.327
40	0.102
40	0.318
40	0.489
40	0.105
40	0.361
40	0.000
40	0.145
40	0.251
40	0.463
40	0.428
40	0.098
40	0.301
40	0.291
40	0.159
40	0.445
40	0.175
40	0.503
40	0.453
40	0.526
40	0.098
40	0.286
40	0.476
40	0.460
40	0.153
40	0.639
40	0.207
40	0.439
40	0.444
40	0.159
40	0.327
40	0.053
40	0.750
40	0.494
40	0.510
40	0.346
40	0.202
40	0.087
40	0.015
40	0.142
40	0.514
40	0.122
40	0.023
40	0.199
40	0.160
40	0.341
40	0.476
40	0.484
40	0.239
40	0.559
40	0.000
40	0.377
40	0.584
40	0.182
40	0.480
40	0.250
40	0.423
40	0.139
40	0.454
40	0.439
40	0.229
40	0.109
40	0.260
40	0.135
40	0.329
40	0.140
40	0.398
40	0.125
40	0.171
40	0.512
40	0.682
40	0.380
40	0.241
40	0.640
50	0.445
50	0.660
50	0.416
50	0.345
50	0.693
50	0.415
50	0.437
50	0.374
50	0.371
50	0.581
50	0.611
50	0.317
50	0.647
50	0.580
50	0.337
50	0.363
50	0.273
50	0.586
50	0.662
50	0.346
50	0.673
50	0.577
50	0.769
50	0.423
50	0.495
50	0.340
50	0.308
50	0.336
50	0.730
50	0.402
50	0.344
50	0.502
50	0.584
50	0.737
50	0.553
50	0.521
50	0.501
50	0.476
50	0.314
50	0.221
50	0.522
50	0.547
50	0.242
50	0.306
50	0.663
50	0.396
50	0.456
50	0.586
50	0.321
50	0.224
50	0.445
50	0.433
50	0.488
50	0.289
50	0.404
50	0.470
50	0.357
50	0.599
50	0.370
50	0.626
50	0.424
50	0.695
50	0.553
50	0.325
50	0.459
50	0.527
50	0.492
50	0.310
50	0.599
50	0.250
50	0.681
50	0.485
50	0.424
50	0.410
50	0.392
50	0.496
50	0.434
50	0.755
50	0.368
50	0.444
50	0.708
50	0.510
50	0.656
50	0.671
50	0.583
50	0.401
50	0.215
50	0.428
50	0.398
50	0.404
50	0.765
50	0.616
50	0.673
50	0.255
50	0.000
50	0.478
50	0.276
50	0.552
50	0.491
50	0.415
50	0.348
50	0.368
50	0.618
50	0.232
50	0.460
50	0.000
50	0.315
50	0.281
50	0.682
50	0.231
50	0.503
50	0.573
50	0.421
50	0.761
50	0.500
50	0.317
50	0.297
50	0.387
50	0.580
50	0.794
50	0.646
50	0.455
50	0.293
50	0.706
50	0.414
50	0.041
50	0.396
50	0.355
50	0.351
50	0.380
50	0.266
50	0.318
50	0.388
50	0.603
50	0.176
50	0.510
50	0.375
50	0.305
50	0.276
50	0.453
50	0.386
50	0.530
50	0.377
50	0.560
50	0.252
50	0.727
50	0.414
50	0.274
50	0.478
50	0.577
50	0.359
50	0.562
50	0.354
50	0.465
50	0.402
50	0.421
50	0.374
50	0.530
50	0.399
50	0.575
50	0.841
50	0.559
50	0.469
50	0.537
50	0.728
50	0.290
50	0.496
50	0.546
50	0.388
50	0.354
50	0.573
50	0.101
50	0.469
50	0.300
50	0.674
50	0.304
50	0.432
50	0.431
50	0.552
50	0.487
50	0.814
50	0.636
50	0.381
50	0.639
50	0.342
50	0.422
50	0.295
50	0.637
50	0.399
50	0.660
50	0.375
50	0.501
50	0.524
50	0.594
50	0.321
50	0.563
50	0.428
50	0.472
50	0.460
50	0.408
80	0.697
80	0.208
80	0.808
80	0.574
80	0.466
80	0.904
80	0.403
80	0.765
80	0.682
80	0.941
80	0.782
80	0.366
80	0.450
80	0.613
80	0.310
80	0.241
80	0.885
80	0.570
80	0.956
80	0.696
80	0.768
80	0.509
80	0.662
80	0.465
80	0.799
80	0.419
80	0.710
80	0.497
80	0.583
80	0.659
80	0.352
80	0.394
80	0.723
80	0.603
80	0.343
80	0.530
80	0.262
80	0.613
80	0.541
80	0.805
80	0.686
80	0.502
80	0.758
80	0.493
80	0.524
80	0.374
80	0.440
80	0.722
80	0.361
80	0.765
80	0.541
80	0.515
80	0.756
80	0.549
80	0.643
80	0.340
80	0.956
80	0.447
80	0.586
80	0.893
80	0.534
80	0.976
80	0.933
80	0.710
80	0.663
80	0.621
80	0.438
80	0.965
80	0.900
80	0.672
80	0.722
80	0.884
80	0.873
80	0.307
80	0.940
80	0.825
80	0.684
80	0.467
80	0.834
80	0.919
80	0.406
80	0.915
80	0.574
80	0.694
80	0.989
80	0.583
80	0.905
80	0.741
80	0.475
80	0.390
80	0.214
80	0.392
80	0.385
80	0.676
80	0.624
80	0.592
80	0.284
80	0.472
80	0.444
80	0.392
80	0.423
80	0.381
80	0.877
80	0.238
80	0.702
80	0.717
80	0.492
80	0.284
80	0.903
80	0.428
80	0.514
80	0.506
80	0.314
80	0.406
80	0.712
80	0.840
80	0.974
80	0.443
80	0.351
80	0.613
80	0.314
80	0.688
80	0.411
80	0.712
80	0.492
80	0.000
80	0.494
80	0.780
80	0.696
80	0.705
80	0.464
80	0.397
80	0.415
80	1.000
80	0.763
80	0.618
80	0.315
80	0.613
80	0.805
80	0.619
80	0.256
80	0.456
80	0.557
80	0.475
80	0.424
80	0.879
80	0.877
80	0.611
80	0.479
80	0.524
80	0.580
80	0.558
80	0.669
80	0.543
80	0.621
80	0.526
80	0.566
80	0.589
80	0.546
80	0.459
80	0.545
80	0.721
80	0.445
80	0.225
80	0.256
80	0.683
80	0.306
80	0.258
80	0.725
80	0.476
80	0.970
80	0.754
80	0.532
80	0.438
80	0.660
80	0.718
80	0.566
80	0.468
80	0.356
80	0.639
80	0.543
80	0.903
80	0.328
80	0.452
80	0.563
80	0.378
80	0.823
80	0.498
80	0.777
80	0.331
80	0.518
80	0.594
80	0.535
80	0.488
80	0.379
80	0.718
80	0.622
80	0.713
80	0.614
80	0.884
110	0.559
110	0.753
110	0.832
110	0.800
110	0.492
110	0.826
110	0.764
110	0.587
110	0.782
110	0.471
110	0.582
110	0.460
110	0.649
110	0.682
110	0.522
110	0.663
110	0.763
110	0.764
110	0.636
110	0.706
110	0.646
110	0.697
110	0.715
110	0.838
110	0.928
110	0.617
110	0.736
110	0.638
110	0.857
110	0.655
110	0.674
110	0.494
110	0.436
110	0.727
110	0.739
110	0.920
110	0.799
110	0.635
110	0.465
110	0.813
110	0.621
110	0.907
110	0.581
110	0.828
110	0.604
110	0.921
110	0.469
110	0.661
110	0.952
110	0.565
110	0.658
110	0.573
110	0.654
110	0.510
110	0.645
110	0.752
110	0.555
110	0.865
110	0.532
110	0.652
110	0.651
110	0.791
110	0.887
110	0.586
110	0.949
110	0.732
110	0.829
110	0.743
110	0.623
110	0.503
110	0.916
110	0.645
110	0.912
110	0.772
110	0.809
110	0.751
110	0.530
110	0.570
110	0.752
110	0.642
110	0.549
110	0.715
110	0.799
110	0.605
110	0.562
110	0.743
110	0.753
110	0.703
110	0.591
110	0.455
110	0.632
110	0.677
110	0.441
110	0.616
110	0.629
110	0.786
110	0.473
110	0.709
110	0.700
110	0.833
110	0.854
110	0.520
110	0.962
110	0.575
110	0.642
110	0.666
110	0.895
110	0.580
110	0.870
110	0.795
110	0.896
110	0.796
110	0.560
110	0.514
110	0.550
110	0.450
110	0.922
110	0.763
110	0.651
110	0.844
110	0.808
110	0.911
110	0.712
110	0.738
110	0.535
110	0.712
110	0.540
110	0.969
110	0.879
110	0.430
110	0.390
110	0.874
110	0.682
110	0.838
110	0.745
110	0.827
110	0.930
110	0.863
110	0.780
110	0.700
110	0.559
110	0.564
110	0.745
110	0.913
110	0.490
110	0.654
110	0.692
110	0.902
110	0.489
110	0.531
110	0.709
110	0.984
110	0.538
110	0.885
110	0.987
110	0.756
110	0.472
110	0.676
110	0.576
110	0.663
110	0.874
110	0.435
110	0.723
110	0.710
110	0.727
110	0.741
110	0.429
110	0.640
110	0.709
110	0.778
110	0.461
110	0.597
110	0.789
110	0.648
110	0.658
110	0.686
110	0.701
110	0.771
110	0.441
110	0.839
110	0.571
110	0.690
110	0.579
110	0.738
110	0.658
110	0.481
110	0.724
110	0.738
110	0.617
110	0.983
110	0.601
110	0.738
110	0.640
110	0.834
110	0.770
110	0.609
110	0.644
110	0.308
110	0.856
110	0.708
120	0.880
120	0.670
120	0.622
120	0.627
120	0.563
120	0.836
120	0.901
120	0.426
120	0.824
120	1.000
120	0.784
120	0.540
120	0.765
120	0.443
120	0.502
120	0.984
120	0.631
120	0.677
120	0.688
120	0.931
120	0.614
120	0.752
120	0.811
120	0.764
120	0.673
120	0.818
120	0.986
120	0.304
120	0.421
120	0.463
120	0.575
120	0.993
120	0.755
120	0.642
120	0.944
120	0.754
120	0.600
120	0.882
120	0.888
120	0.616
120	0.768
120	0.811
120	0.469
120	0.849
120	0.642
120	0.926
120	0.783
120	0.797
120	0.658
120	0.942
120	0.716
120	0.913
120	0.748
120	0.865
120	0.885
120	0.787
120	0.623
120	0.760
120	0.823
120	0.825
120	0.510
120	0.445
120	0.958
120	0.956
120	0.605
120	0.696
120	0.849
120	0.570
120	0.689
120	0.992
120	0.340
120	0.528
120	0.868
120	0.650
120	0.960
120	0.635
120	0.511
120	0.877
120	0.983
120	0.976
120	0.988
120	0.818
120	0.988
120	0.687
120	0.625
120	0.710
120	0.882
120	0.751
120	0.901
120	0.709
120	0.980
120	0.789
120	0.809
120	0.652
120	0.518
120	0.542
120	0.802
120	0.652
120	0.743
120	0.805
120	0.750
120	0.794
120	0.994
120	0.808
120	0.601
120	0.740
120	0.537
120	0.500
120	0.989
120	0.797
120	0.690
120	0.543
120	0.666
120	0.929
120	0.992
120	0.891
120	0.733
120	0.777
120	0.769
120	0.662
120	0.993
120	0.571
120	0.845
120	0.828
120	0.530
120	0.604
120	0.556
120	0.836
120	0.609
120	0.984
120	0.898
120	0.763
120	0.488
120	0.350
120	1.000
120	0.546
120	0.850
120	0.385
120	0.615
120	0.342
120	0.356
120	0.896
120	0.595
120	0.739
120	0.678
120	0.819
120	0.791
120	0.271
120	0.755
120	0.931
120	0.647
120	0.543
120	0.896
120	0.796
120	0.739
120	0.740
120	0.994
120	0.765
120	0.560
120	0.694
120	0.862
120	0.507
120	0.854
120	0.391
120	0.910
120	0.725
120	0.619
120	0.823
120	0.780
120	0.749
120	0.453
120	0.817
120	0.683
120	0.328
120	0.988
120	0.474
120	0.504
120	0.894
120	0.767
120	0.815
120	0.936
120	0.849
120	0.392
120	0.584
120	0.992
120	0.993
120	0.627
120	1.000
120	0.771
120	0.702
120	0.986
120	0.651
120	0.571
120	0.993
120	0.784
120	0.843
120	0.596
120	1.000
120	0.705
120	0.671
