10	0.734
10	0.000
10	0.434
10	0.215
10	0.356
10	0.200
10	0.383
10	0.622
10	0.377
10	0.757
10	0.172
10	0.224
10	0.660
10	0.268
10	0.302
10	0.342
10	0.313
10	0.517
10	0.287
10	0.008
10	0.285
10	0.480
10	0.416
10	0.366
10	0.350
10	0.249
10	0.165
10	0.620
10	0.665
10	0.664
10	0.000
10	0.594
10	0.095
10	0.084
10	0.018
10	0.300
10	0.285
10	0.653
10	0.303
10	0.306
10	0.442
10	0.417
10	0.009
10	0.439
10	0.265
10	0.488
10	0.587
10	0.726
10	0.481
10	0.292
10	0.019
10	0.219
10	0.385
10	0.317
10	0.275
10	0.454
10	0.501
10	0.381
10	0.287
10	0.599
10	0.264
10	0.933
10	0.462
10	0.639
10	0.055
10	0.292
10	0.693
10	0.001
10	0.353
10	0.112
10	0.394
10	0.258
10	0.365
10	0.425
10	0.567
10	0.714
10	0.290
10	0.009
10	0.455
10	0.207
10	0.140
10	0.598
10	0.296
10	0.636
10	0.392
10	0.342
10	0.303
10	0.593
10	0.039
10	0.268
10	0.585
10	0.242
10	0.050
10	0.000
10	0.482
10	0.390
10	0.679
10	0.910
10	0.009
10	0.356
10	0.157
10	0.265
10	0.116
10	0.713
10	0.563
10	0.775
10	0.187
10	0.406
10	0.585
10	0.273
10	0.510
10	0.003
10	0.211
10	0.128
10	0.382
10	0.152
10	0.234
10	0.282
10	0.541
10	0.284
10	0.354
10	0.382
10	0.230
10	0.473
10	0.191
10	0.169
10	0.257
10	0.984
10	0.632
10	0.428
10	0.450
10	0.631
10	0.363
10	0.422
10	0.667
10	0.027
10	0.066
10	0.326
10	0.442
10	0.383
10	0.000
10	0.611
10	0.298
10	0.278
10	0.472
10	0.071
10	0.414
10	0.454
10	0.004
10	0.135
10	0.221
10	0.016
10	0.431
10	0.072
10	0.702
10	0.508
10	0.467
10	0.615
10	0.080
10	0.513
10	0.673
10	0.767
10	0.307
10	0.265
10	0.292
10	0.229
10	0.313
10	0.316
10	0.463
10	0.300
10	0.010
10	0.407
10	0.578
10	0.208
10	0.247
10	0.562
10	0.321
10	0.214
10	0.247
10	0.614
10	0.592
10	0.228
10	0.483
10	0.483
10	0.444
10	0.158
10	0.583
10	0.264
10	0.242
10	0.122
10	0.617
10	0.351
10	0.324
10	0.169
10	0.119
10	0.173
10	0.409
10	0.105
10	0.076
10	0.357
20	0.522
20	0.367
20	0.328
20	0.269
20	0.650
20	0.668
20	0.602
20	0.157
20	0.008
20	0.074
20	0.137
20	0.439
20	0.381
20	0.054
20	0.374
20	0.487
20	0.557
20	0.926
20	0.496
20	0.441
20	0.006
20	0.714
20	0.377
20	0.439
20	0.000
20	0.110
20	0.288
20	0.249
20	0.345
20	0.600
20	0.137
20	0.648
20	0.528
20	0.269
20	0.018
20	0.603
20	0.295
20	0.671
20	0.285
20	0.365
20	0.001
20	0.605
20	0.571
20	0.402
20	0.692
20	0.793
20	0.555
20	0.342
20	0.562
20	0.599
20	0.145
20	0.514
20	0.469
20	0.307
20	0.272
20	0.532
20	0.354
20	0.075
20	0.049
20	0.094
20	0.450
20	0.312
20	0.738
20	0.484
20	0.823
20	0.393
20	0.819
20	0.407
20	0.343
20	0.803
20	0.092
20	0.677
20	0.027
20	0.170
20	0.205
20	0.679
20	0.046
20	0.057
20	0.100
20	0.519
20	0.243
20	0.244
20	0.311
20	0.427
20	0.512
20	0.377
20	0.966
20	0.086
20	0.063
20	0.048
20	0.521
20	0.671
20	0.322
20	0.564
20	0.427
20	0.713
20	0.072
20	0.000
20	0.113
20	0.542
20	0.443
20	0.268
20	0.364
20	0.386
20	0.288
20	0.222
20	0.348
20	0.779
20	0.309
20	0.233
20	0.268
20	0.184
20	0.466
20	0.703
20	0.495
20	0.492
20	0.638
20	0.603
20	0.001
20	0.210
20	0.769
20	0.222
20	0.014
20	0.400
20	0.381
20	0.253
20	0.374
20	0.081
20	0.268
20	0.224
20	0.220
20	0.749
20	0.099
20	0.414
20	0.545
20	0.148
20	0.012
20	0.344
20	0.548
20	0.205
20	0.457
20	0.283
20	0.683
20	0.220
20	0.354
20	0.521
20	0.633
20	0.004
20	0.290
20	0.297
20	0.400
20	0.660
20	0.430
20	0.468
20	0.007
20	0.821
20	0.187
20	0.001
20	0.004
20	0.247
20	0.452
20	0.566
20	0.289
20	0.429
20	0.478
20	0.127
20	0.646
20	0.682
20	0.373
20	0.453
20	0.292
20	0.548
20	0.527
20	0.005
20	0.552
20	0.370
20	0.319
20	0.130
20	0.504
20	0.219
20	0.314
20	0.395
20	0.586
20	0.019
20	0.311
20	0.564
20	0.459
20	0.127
20	0.662
20	0.492
20	0.308
20	0.305
20	0.532
20	0.233
20	0.566
20	0.399
20	0.454
20	0.556
20	0.296
20	0.562
30	0.000
30	0.536
30	0.425
30	0.600
30	0.389
30	0.233
30	0.381
30	0.874
30	0.211
30	0.112
30	0.305
30	0.000
30	0.212
30	0.249
30	0.371
30	0.120
30	0.190
30	0.263
30	0.201
30	0.154
30	0.779
30	0.345
30	0.299
30	0.071
30	0.024
30	0.255
30	0.143
30	0.362
30	0.417
30	0.625
30	0.843
30	0.516
30	0.187
30	0.431
30	0.649
30	0.422
30	0.465
30	0.146
30	0.605
30	0.519
30	0.599
30	0.361
30	0.224
30	0.843
30	0.644
30	0.023
30	0.141
30	0.479
30	0.125
30	0.663
30	0.307
30	0.431
30	0.397
30	0.112
30	0.387
30	0.311
30	0.257
30	0.379
30	0.556
30	0.443
30	0.462
30	0.000
30	0.103
30	0.275
30	0.000
30	0.851
30	0.333
30	0.686
30	0.111
30	0.923
30	0.257
30	0.617
30	0.501
30	0.417
30	0.565
30	0.387
30	0.233
30	0.536
30	0.303
30	0.845
30	0.549
30	0.032
30	0.450
30	0.412
30	0.284
30	0.380
30	0.307
30	0.330
30	0.299
30	0.537
30	0.333
30	0.389
30	0.541
30	0.302
30	0.543
30	0.228
30	0.000
30	0.389
30	0.136
30	0.451
30	0.462
30	0.661
30	0.010
30	0.506
30	0.078
30	0.627
30	0.267
30	0.446
30	0.439
30	0.513
30	0.311
30	0.667
30	0.461
30	0.172
30	0.545
30	0.174
30	0.088
30	0.018
30	0.363
30	0.391
30	0.580
30	0.538
30	0.533
30	0.617
30	0.184
30	0.070
30	0.141
30	0.335
30	0.731
30	0.770
30	0.225
30	0.203
30	0.302
30	0.477
30	0.727
30	0.223
30	0.210
30	0.260
30	0.333
30	0.090
30	0.052
30	0.375
30	0.162
30	0.457
30	0.947
30	0.025
30	0.553
30	0.210
30	0.445
30	0.306
30	0.534
30	0.308
30	0.000
30	0.307
30	0.172
30	0.566
30	0.772
30	0.652
30	0.344
30	0.221
30	0.180
30	0.659
30	0.241
30	0.000
30	0.176
30	0.392
30	0.348
30	0.612
30	0.205
30	0.181
30	0.371
30	0.247
30	0.604
30	0.095
30	0.489
30	0.197
30	0.675
30	0.559
30	0.236
30	0.061
30	0.252
30	0.592
30	0.000
30	0.356
30	0.272
30	0.018
30	0.145
30	0.562
30	0.171
30	0.674
30	0.379
30	0.111
30	0.353
30	0.415
30	0.764
30	0.375
30	0.004
30	0.181
30	0.347
30	0.696
40	0.749
40	0.341
40	0.511
40	0.634
40	0.377
40	0.421
40	0.284
40	0.171
40	0.023
40	0.306
40	0.415
40	0.182
40	0.057
40	0.158
40	0.719
40	0.047
40	0.286
40	0.220
40	0.412
40	0.026
40	0.383
40	0.401
40	0.480
40	0.890
40	0.409
40	0.281
40	0.751
40	0.042
40	0.960
40	0.031
40	0.728
40	0.341
40	0.157
40	0.000
40	0.020
40	0.786
40	0.343
40	0.107
40	0.290
40	0.669
40	0.728
40	0.685
40	0.790
40	0.879
40	0.235
40	0.586
40	0.197
40	0.490
40	0.524
40	0.418
40	0.206
40	0.812
40	0.676
40	0.552
40	0.083
40	0.387
40	0.610
40	0.447
40	0.446
40	0.867
40	0.219
40	0.111
40	0.494
40	0.450
40	0.093
40	0.719
40	0.309
40	0.769
40	0.278
40	0.000
40	0.114
40	0.951
40	0.396
40	0.662
40	0.440
40	0.108
40	0.609
40	0.546
40	0.673
40	0.720
40	0.597
40	0.134
40	0.447
40	0.484
40	0.240
40	0.164
40	0.203
40	0.438
40	0.478
40	0.563
40	0.271
40	0.365
40	0.302
40	0.468
40	0.509
40	0.300
40	0.060
40	0.524
40	0.270
40	0.065
40	0.290
40	0.692
40	0.285
40	0.172
40	0.267
40	0.817
40	0.531
40	0.501
40	0.419
40	0.532
40	0.790
40	0.691
40	0.158
40	0.024
40	0.335
40	0.789
40	0.683
40	0.310
40	0.290
40	0.176
40	0.240
40	0.239
40	0.454
40	0.506
40	0.186
40	0.461
40	0.327
40	0.648
40	0.072
40	0.493
40	0.525
40	0.754
40	0.628
40	0.617
40	0.326
40	0.421
40	0.159
40	0.215
40	0.889
40	0.398
40	0.264
40	0.490
40	0.619
40	0.038
40	0.235
40	0.379
40	0.127
40	0.664
40	0.006
40	0.156
40	0.390
40	0.000
40	0.303
40	0.257
40	0.548
40	0.290
40	0.442
40	0.192
40	0.620
40	0.759
40	0.625
40	0.092
40	0.330
40	0.654
40	0.071
40	0.252
40	0.256
40	0.382
40	0.293
40	0.625
40	0.133
40	0.569
40	0.437
40	0.166
40	0.648
40	0.176
40	0.136
40	0.193
40	0.795
40	0.259
40	0.041
40	0.983
40	0.197
40	0.608
40	0.527
40	0.859
40	0.431
40	0.316
40	0.681
40	0.527
40	0.658
40	0.550
40	0.319
40	0.183
40	0.142
40	0.275
40	0.473
40	0.312
40	0.008
40	0.191
50	0.000
50	0.625
50	0.196
50	0.414
50	0.117
50	0.653
50	0.691
50	0.000
50	0.330
50	0.492
50	0.073
50	0.411
50	0.469
50	0.667
50	0.648
50	0.471
50	0.479
50	0.385
50	0.166
50	0.212
50	0.685
50	0.413
50	0.649
50	1.000
50	0.197
50	0.559
50	0.083
50	0.052
50	0.709
50	0.374
50	0.502
50	0.602
50	0.482
50	0.579
50	0.783
50	0.498
50	0.057
50	0.637
50	0.352
50	0.651
50	0.289
50	0.215
50	0.039
50	0.608
50	0.294
50	0.446
50	0.645
50	0.912
50	0.299
50	0.603
50	0.173
50	0.455
50	0.362
50	0.542
50	0.504
50	0.308
50	0.810
50	0.055
50	0.863
50	0.357
50	0.197
50	0.284
50	0.010
50	0.863
50	0.640
50	0.051
50	0.682
50	0.771
50	0.001
50	0.320
50	0.374
50	0.410
50	0.329
50	0.189
50	0.254
50	0.489
50	0.352
50	0.393
50	0.017
50	0.378
50	0.218
50	0.629
50	0.092
50	0.440
50	0.333
50	0.368
50	0.379
50	0.372
50	0.403
50	0.137
50	0.217
50	0.125
50	0.414
50	0.358
50	0.502
50	0.537
50	0.341
50	0.340
50	0.264
50	0.930
50	0.276
50	0.376
50	0.400
50	0.111
50	0.661
50	0.296
50	0.245
50	0.356
50	0.617
50	0.113
50	0.632
50	0.237
50	0.327
50	0.700
50	0.851
50	0.491
50	0.720
50	0.000
50	0.404
50	0.137
50	0.526
50	0.532
50	0.770
50	0.279
50	0.289
50	0.872
50	0.644
50	0.540
50	0.237
50	0.189
50	0.638
50	0.410
50	0.241
50	0.716
50	0.525
50	0.465
50	0.745
50	0.671
50	0.254
50	0.199
50	0.395
50	0.524
50	0.002
50	0.865
50	0.251
50	0.081
50	0.480
50	0.547
50	0.043
50	0.640
50	0.241
50	0.611
50	0.644
50	0.420
50	0.513
50	0.562
50	0.429
50	0.149
50	0.570
50	0.144
50	0.085
50	0.068
50	1.000
50	0.461
50	0.531
50	0.754
50	0.331
50	0.375
50	0.779
50	0.164
50	0.863
50	0.407
50	0.356
50	0.287
50	0.753
50	0.639
50	0.401
50	0.590
50	0.320
50	0.457
50	0.927
50	0.172
50	0.557
50	0.933
50	0.703
50	0.458
50	0.092
50	0.787
50	0.467
50	0.202
50	0.608
50	0.001
50	0.780
50	0.018
50	0.768
50	0.633
50	0.660
50	0.683
50	0.579
50	0.079
60	0.224
60	0.513
60	0.168
60	0.883
60	0.424
60	0.182
60	0.205
60	0.629
60	0.290
60	0.351
60	0.610
60	0.271
60	0.502
60	0.171
60	0.217
60	0.985
60	0.779
60	0.773
60	0.035
60	0.152
60	0.240
60	0.533
60	0.469
60	0.365
60	0.251
60	0.344
60	0.214
60	0.341
60	0.520
60	0.226
60	0.719
60	0.452
60	0.442
60	0.770
60	0.409
60	0.515
60	0.457
60	0.603
60	0.303
60	0.693
60	0.495
60	0.673
60	0.453
60	0.932
60	0.192
60	0.096
60	0.100
60	0.722
60	0.627
60	0.382
60	0.235
60	0.726
60	0.698
60	0.291
60	0.482
60	0.132
60	0.358
60	0.256
60	0.347
60	0.514
60	0.519
60	0.514
60	0.260
60	0.778
60	0.602
60	0.301
60	0.143
60	0.737
60	0.837
60	0.453
60	0.636
60	0.375
60	0.265
60	0.413
60	0.652
60	0.861
60	0.561
60	0.488
60	0.127
60	0.698
60	0.682
60	0.344
60	0.373
60	0.392
60	0.495
60	0.613
60	0.885
60	0.281
60	0.125
60	0.582
60	0.661
60	0.536
60	0.215
60	0.625
60	0.333
60	0.504
60	0.727
60	0.366
60	0.067
60	0.428
60	0.235
60	0.653
60	0.466
60	0.811
60	0.695
60	0.498
60	0.427
60	0.465
60	0.316
60	0.684
60	0.061
60	0.773
60	0.537
60	0.792
60	0.518
60	0.244
60	0.009
60	0.384
60	0.680
60	0.251
60	0.359
60	0.556
60	0.489
60	0.295
60	0.470
60	0.491
60	0.902
60	0.614
60	0.124
60	0.160
60	0.317
60	0.592
60	0.140
60	0.315
60	0.859
60	0.375
60	0.050
60	0.300
60	0.502
60	0.378
60	0.372
60	0.592
60	0.510
60	0.909
60	0.720
60	0.415
60	0.709
60	0.406
60	0.719
60	0.017
60	0.545
60	0.502
60	0.558
60	0.467
60	0.738
60	0.747
60	0.550
60	0.338
60	0.574
60	0.122
60	0.637
60	0.561
60	0.572
60	0.499
60	0.918
60	0.597
60	0.868
60	0.324
60	0.484
60	0.719
60	0.593
60	0.519
60	0.619
60	0.260
60	0.815
60	0.209
60	0.435
60	0.504
60	0.691
60	0.376
60	0.582
60	0.462
60	0.032
60	0.707
60	0.414
60	0.496
60	0.305
60	0.388
60	0.269
60	0.456
60	0.228
60	0.552
60	0.166
60	0.348
60	0.558
60	0.228
60	0.508
60	0.677
60	0.078
60	0.456
70	0.384
70	0.463
70	0.718
70	0.437
70	0.465
70	0.589
70	0.423
70	0.730
70	0.270
70	0.692
70	0.562
70	0.157
70	0.324
70	0.577
70	0.919
70	0.515
70	0.844
70	0.572
70	0.253
70	0.708
70	0.412
70	0.529
70	0.657
70	0.337
70	0.610
70	0.604
70	0.326
70	0.170
70	0.675
70	0.699
70	0.418
70	0.381
70	0.654
70	0.286
70	0.884
70	0.278
70	0.547
70	0.463
70	0.920
70	0.733
70	0.478
70	0.364
70	0.623
70	0.121
70	0.517
70	0.410
70	0.617
70	0.477
70	0.689
70	0.317
70	0.545
70	0.602
70	0.753
70	0.495
70	0.447
70	0.349
70	0.520
70	0.353
70	0.343
70	0.381
70	0.678
70	0.593
70	0.741
70	0.818
70	0.310
70	0.873
70	0.838
70	0.914
70	0.345
70	0.713
70	0.550
70	0.303
70	0.482
70	0.492
70	0.781
70	0.680
70	0.336
70	0.359
70	0.464
70	0.404
70	0.534
70	0.638
70	0.514
70	0.557
70	0.570
70	0.569
70	0.237
70	0.212
70	0.295
70	0.535
70	0.345
70	0.713
70	0.356
70	0.888
70	0.567
70	0.634
70	0.584
70	0.449
70	0.671
70	0.262
70	0.739
70	0.292
70	0.344
70	0.547
70	0.697
70	0.466
70	0.441
70	0.353
70	0.447
70	0.613
70	0.374
70	0.208
70	0.608
70	0.621
70	0.539
70	0.688
70	0.604
70	0.539
70	0.635
70	0.692
70	0.729
70	0.646
70	0.329
70	0.866
70	0.376
70	0.396
70	0.542
70	0.590
70	0.673
70	0.639
70	0.288
70	0.202
70	0.122
70	0.853
70	0.778
70	0.452
70	0.656
70	0.518
70	0.449
70	0.444
70	0.404
70	0.618
70	0.570
70	0.588
70	0.681
70	0.219
70	0.770
70	0.257
70	0.478
70	0.427
70	0.538
70	0.629
70	0.512
70	0.746
70	0.445
70	0.777
70	0.670
70	0.646
70	0.455
70	0.491
70	0.541
70	0.636
70	0.556
70	0.961
70	0.280
70	0.167
70	0.460
70	0.359
70	0.447
70	0.745
70	0.720
70	0.841
70	0.375
70	0.380
70	0.874
70	0.349
70	0.327
70	0.690
70	0.593
70	0.462
70	0.664
70	0.615
70	0.732
70	0.324
70	0.394
70	0.786
70	0.559
70	0.671
70	0.337
70	0.865
70	0.361
70	0.412
70	0.600
70	0.617
70	0.558
70	0.349
70	0.530
70	0.318
70	0.566
70	0.723
80	0.739
80	0.783
80	0.593
80	0.442
80	0.740
80	0.460
80	0.575
80	0.745
80	0.523
80	0.578
80	0.692
80	0.705
80	0.487
80	0.485
80	0.767
80	0.405
80	0.655
80	0.600
80	0.674
80	0.533
80	0.609
80	0.459
80	0.764
80	0.434
80	0.651
80	0.671
80	0.521
80	0.333
80	0.426
80	0.862
80	0.521
80	0.424
80	0.539
80	0.570
80	0.678
80	0.991
80	0.675
80	0.735
80	0.607
80	0.560
80	0.687
80	0.273
80	0.878
80	0.302
80	0.433
80	0.706
80	0.897
80	0.758
80	0.792
80	0.511
80	0.595
80	0.595
80	0.317
80	0.507
80	0.852
80	0.831
80	0.668
80	0.622
80	0.714
80	0.730
80	0.558
80	0.822
80	0.441
80	0.753
80	0.383
80	0.475
80	0.405
80	0.842
80	0.486
80	0.594
80	0.525
80	0.472
80	0.584
80	0.255
80	0.783
80	0.569
80	0.760
80	0.493
80	0.699
80	0.725
80	0.676
80	0.312
80	0.339
80	0.663
80	0.725
80	0.458
80	0.399
80	0.553
80	0.398
80	0.761
80	0.893
80	0.667
80	0.301
80	0.442
80	0.589
80	0.491
80	0.774
80	0.744
80	0.832
80	0.629
80	0.669
80	0.748
80	0.929
80	0.743
80	0.734
80	0.775
80	0.822
80	0.712
80	0.665
80	0.878
80	0.782
80	0.512
80	0.818
80	0.586
80	0.458
80	0.492
80	0.492
80	0.627
80	0.353
80	0.434
80	0.764
80	0.663
80	0.318
80	0.717
80	0.430
80	0.387
80	0.311
80	0.632
80	0.302
80	0.481
80	0.457
80	0.422
80	0.931
80	0.480
80	0.695
80	0.785
80	0.517
80	0.573
80	0.770
80	0.317
80	0.602
80	0.312
80	0.605
80	0.378
80	0.499
80	0.987
80	0.809
80	0.638
80	0.585
80	0.776
80	0.404
80	0.695
80	0.715
80	0.615
80	0.692
80	0.680
80	0.521
80	0.495
80	0.646
80	0.296
80	0.858
80	0.437
80	0.637
80	0.364
80	0.761
80	0.872
80	0.574
80	0.306
80	0.656
80	0.719
80	0.323
80	0.487
80	0.582
80	0.962
80	0.511
80	0.651
80	0.425
80	0.570
80	0.615
80	0.729
80	0.514
80	0.389
80	0.442
80	0.486
80	0.833
80	0.758
80	0.738
80	0.799
80	0.679
80	0.365
80	0.795
80	0.439
80	0.631
80	0.376
80	0.703
80	0.520
80	0.520
80	0.565
80	0.538
80	0.600
90	0.784
90	0.625
90	0.635
90	0.664
90	0.610
90	0.679
90	0.480
90	0.788
90	0.633
90	0.711
90	0.956
90	0.784
90	0.879
90	0.570
90	0.610
90	0.689
90	0.573
90	0.768
90	0.459
90	0.464
90	0.899
90	0.601
90	0.706
90	0.652
90	0.376
90	0.788
90	0.885
90	0.617
90	0.671
90	0.452
90	0.783
90	0.751
90	0.502
90	0.676
90	0.522
90	0.694
90	0.591
90	0.514
90	0.403
90	0.609
90	0.650
90	0.872
90	0.682
90	0.356
90	0.691
90	0.605
90	0.867
90	0.734
90	0.726
90	0.536
90	0.659
90	0.405
90	0.662
90	0.629
90	0.878
90	0.421
90	0.444
90	0.693
90	0.784
90	0.677
90	0.732
90	0.484
90	0.586
90	0.709
90	0.470
90	0.648
90	0.520
90	0.333
90	0.593
90	0.569
90	0.514
90	0.513
90	0.744
90	0.487
90	0.800
90	0.733
90	0.655
90	0.364
90	0.706
90	0.462
90	0.579
90	0.680
90	0.906
90	0.800
90	0.553
90	0.534
90	0.651
90	0.397
90	0.429
90	0.483
90	0.346
90	0.584
90	0.763
90	0.480
90	0.820
90	0.652
90	0.865
90	0.668
90	0.660
90	0.747
90	0.592
90	0.770
90	0.939
90	0.768
90	0.688
90	0.541
90	0.747
90	0.742
90	0.630
90	0.539
90	0.595
90	0.806
90	0.708
90	0.688
90	0.210
90	0.757
90	0.644
90	0.583
90	0.347
90	0.657
90	0.456
90	0.867
90	0.828
90	0.500
90	0.622
90	0.424
90	0.789
90	0.854
90	0.472
90	0.815
90	0.457
90	0.925
90	0.458
90	0.709
90	0.719
90	0.514
90	0.601
90	0.565
90	0.712
90	0.329
90	0.855
90	0.506
90	0.731
90	0.975
90	0.732
90	0.605
90	0.564
90	0.682
90	0.655
90	0.798
90	0.479
90	0.651
90	0.534
90	0.670
90	0.675
90	0.866
90	0.521
90	0.416
90	0.666
90	0.589
90	0.501
90	0.331
90	0.703
90	0.642
90	0.727
90	0.463
90	0.679
90	0.701
90	0.861
90	0.372
90	0.477
90	0.444
90	0.861
90	0.564
90	0.424
90	0.785
90	0.641
90	0.850
90	0.864
90	0.439
90	0.505
90	0.676
90	0.927
90	0.712
90	0.697
90	0.747
90	0.863
90	0.636
90	0.882
90	0.607
90	0.695
90	0.430
90	0.942
90	0.343
90	0.622
90	0.528
90	0.592
90	0.784
90	0.506
90	0.622
100	0.841
100	0.783
100	0.598
100	0.798
100	0.584
100	0.580
100	0.519
100	0.614
100	0.831
100	0.717
100	0.653
100	0.607
100	0.966
100	0.675
100	0.604
100	0.573
100	0.548
100	0.551
100	0.733
100	0.640
100	0.370
100	0.721
100	0.785
100	0.745
100	0.534
100	0.785
100	0.904
100	0.623
100	0.552
100	0.839
100	0.433
100	0.594
100	0.586
100	0.741
100	0.503
100	0.494
100	0.558
100	0.669
100	0.778
100	0.435
100	0.555
100	0.929
100	0.513
100	0.694
100	0.804
100	0.771
100	0.819
100	0.425
100	0.594
100	0.759
100	0.486
100	0.853
100	0.624
100	0.857
100	0.670
100	0.928
100	0.794
100	0.474
100	0.472
100	0.705
100	0.587
100	0.496
100	0.688
100	0.714
100	0.821
100	0.714
100	0.583
100	0.419
100	0.608
100	0.596
100	0.448
100	0.561
100	0.893
100	0.537
100	0.657
100	0.767
100	0.744
100	0.555
100	0.641
100	0.794
100	0.668
100	0.554
100	0.401
100	0.696
100	0.733
100	0.603
100	0.676
100	0.697
100	0.658
100	0.689
100	0.771
100	0.535
100	0.575
100	0.684
100	0.565
100	0.682
100	0.685
100	0.864
100	0.849
100	0.536
100	0.468
100	0.654
100	0.569
100	0.567
100	0.745
100	0.918
100	0.539
100	0.802
100	0.485
100	0.861
100	0.608
100	0.478
100	0.497
100	0.481
100	0.617
100	0.776
100	0.820
100	0.819
100	0.984
100	0.615
100	0.729
100	0.474
100	0.644
100	0.616
100	0.798
100	0.785
100	0.651
100	0.550
100	0.785
100	0.803
100	0.744
100	0.744
100	0.487
100	0.557
100	0.665
100	0.703
100	0.833
100	0.713
100	0.727
100	0.751
100	0.900
100	0.590
100	0.534
100	0.609
100	0.614
100	0.518
100	0.787
100	0.640
100	0.663
100	0.878
100	0.770
100	0.555
100	0.479
100	0.687
100	0.780
100	0.831
100	0.656
100	0.477
100	0.896
100	0.724
100	0.770
100	0.575
100	0.849
100	0.606
100	0.686
100	0.893
100	0.512
100	0.601
100	0.792
100	0.690
100	0.800
100	0.737
100	0.844
100	0.532
100	0.787
100	0.662
100	0.520
100	0.821
100	0.459
100	0.788
100	0.678
100	0.578
100	0.867
100	0.806
100	0.656
100	0.865
100	0.663
100	0.656
100	0.845
100	0.744
100	0.584
100	0.679
100	0.496
100	0.726
100	0.421
100	0.842
100	0.310
100	0.545
100	0.764
100	0.591

110	0.993
110	0.859
110	0.812
110	0.735
110	0.683
110	0.625
110	0.984
110	0.979
110	0.871
110	0.810
110	0.752
110	0.935
110	1.000
110	0.600
110	0.712
110	0.994
110	0.503
110	0.946
110	0.991
110	0.783
110	0.987
110	0.823
110	0.974
110	0.982
110	0.980
110	0.990
110	0.976
110	0.761
110	0.929
110	1.000
110	0.989
110	0.459
110	0.886
110	0.979
110	0.645
110	0.415
110	0.975
110	0.416
110	0.635
110	0.857
110	0.555
110	0.795
110	1.000
110	0.994
110	0.993
110	0.692
110	0.709
110	0.842
110	1.000
110	0.979
110	0.986
110	0.991
110	0.968
110	0.915
110	1.000
110	0.722
110	0.531
110	0.688
110	0.878
110	0.918
110	0.992
110	0.753
110	0.966
110	0.992
110	0.713
110	0.511
110	0.457
110	0.987
110	1.000
110	1.000
110	0.542
110	0.998
110	0.523
110	0.774
110	1.000
110	0.617
110	0.728
110	0.689
110	0.987
110	0.985
110	0.991
110	0.665
110	0.973
110	0.879
110	0.988
110	1.000
110	0.757
110	1.000
110	0.765
110	0.997
110	0.993
110	0.793
110	0.530
110	0.683
110	0.787
110	0.827
110	0.842
110	0.987
110	0.922
110	0.991
110	0.976
110	0.701
110	0.715
110	1.000
110	0.584
110	0.714
110	0.871
110	0.506
110	0.866
110	0.721
110	1.000
110	0.236
110	0.991
110	0.796
110	0.983
110	0.429
110	1.000
110	0.992
110	1.000
110	0.870
110	1.000
110	0.901
110	0.930
110	1.000
110	1.000
110	0.667
110	0.660
110	0.853
110	0.740
110	0.875
110	0.832
110	0.426
110	0.633
110	0.139
110	0.767
110	0.634
110	0.815
110	0.990
110	0.591
110	0.777
110	0.992
110	0.538
110	0.988
110	0.985
110	0.927
110	0.987
110	0.778
110	0.497
110	0.976
110	0.510
110	0.982
110	0.998
110	1.000
110	0.795
110	0.529
110	0.562
110	0.977
110	1.000
110	0.982
110	0.293
110	0.468
110	0.650
110	0.639
110	1.000
110	0.661
110	0.994
110	0.475
110	0.988
110	0.899
110	0.440
110	0.993
110	0.763
110	0.994
110	0.729
110	1.000
110	1.000
110	0.874
110	0.667
110	1.000
110	1.000
110	0.548
110	0.728
110	0.987
110	0.992
110	0.992
110	0.733
110	0.714
110	0.807
110	0.893
110	1.000
110	0.960
110	0.834
110	0.984
110	1.000
110	1.000
110	0.988
110	0.987
110	1.000
110	0.994
110	0.643
120	0.989
120	1.000
120	0.537
120	0.518
120	0.779
120	0.436
120	0.608
120	0.994
120	0.994
120	0.659
120	0.862
120	0.828
120	0.781
120	0.575
120	0.974
120	1.000
120	0.761
120	0.978
120	0.698
120	0.698
120	1.000
120	0.837
120	0.971
120	0.899
120	0.447
120	0.776
120	0.994
120	0.517
120	1.000
120	0.986
120	1.000
120	0.695
120	0.734
120	0.642
120	0.822
120	0.994
120	0.699
120	0.549
120	0.730
120	0.518
120	0.979
120	1.000
120	0.984
120	0.994
120	0.977
120	0.993
120	0.732
120	0.867
120	1.000
120	0.924
120	0.993
120	0.778
120	0.993
120	0.990
120	0.872
120	0.985
120	0.991
120	0.803
120	0.999
120	0.980
120	0.633
120	0.993
120	0.529
120	0.805
120	0.934
120	0.818
120	1.000
120	1.000
120	0.912
120	0.936
120	0.999
120	0.976
120	0.928
120	0.994
120	0.762
120	0.989
120	0.995
120	0.965
120	0.617
120	0.992
120	0.994
120	0.804
120	0.988
120	1.000
120	0.789
120	0.984
120	0.769
120	0.548
120	0.995
120	0.988
120	0.999
120	0.739
120	1.000
120	0.982
120	0.992
120	0.806
120	0.988
120	0.643
120	0.880
120	0.983
120	0.974
120	1.000
120	0.966
120	0.988
120	0.419
120	0.891
120	0.676
120	0.954
120	1.000
120	1.000
120	0.720
120	0.991
120	1.000
120	0.658
120	0.800
120	0.993
120	1.000
120	0.997
120	0.791
120	0.804
120	0.770
120	0.998
120	0.988
120	0.947
120	1.000
120	0.981
120	0.909
120	0.769
120	0.995
120	0.820
120	0.983
120	0.572
120	1.000
120	0.537
120	1.000
120	0.374
120	0.702
120	0.997
120	0.843
120	0.839
120	1.000
120	0.991
120	0.581
120	0.861
120	0.972
120	0.991
120	0.915
120	0.984
120	0.640
120	0.992
120	0.993
120	0.959
120	0.993
120	0.673
120	0.840
120	0.994
120	0.986
120	0.994
120	0.990
120	0.995
120	0.534
120	0.764
120	0.967
120	0.921
120	0.674
120	1.000
120	0.692
120	1.000
120	0.990
120	0.984
120	0.979
120	0.669
120	1.000
120	0.939
120	0.761
120	0.601
120	1.000
120	0.975
120	0.737
120	0.993
120	0.959
120	0.784
120	0.991
120	0.832
120	1.000
120	0.614
120	0.951
120	0.789
120	0.988
120	1.000
120	0.993
120	0.626
120	0.992
120	0.598
120	0.822
120	0.982
120	0.691
120	0.882
120	0.986
120	0.660
130	0.969
130	0.590
130	0.993
130	0.959
130	0.977
130	0.995
130	0.757
130	0.605
130	0.994
130	0.984
130	0.992
130	0.912
130	0.898
130	0.767
130	0.940
130	0.992
130	0.728
130	0.770
130	1.000
130	0.715
130	0.641
130	0.977
130	0.849
130	0.975
130	1.000
130	0.815
130	0.965
130	1.000
130	0.588
130	0.726
130	0.664
130	0.973
130	0.834
130	0.916
130	0.993
130	0.781
130	0.987
130	1.000
130	0.989
130	0.692
130	0.782
130	0.965
130	0.770
130	0.807
130	0.584
130	0.736
130	0.987
130	0.988
130	0.995
130	0.987
130	1.000
130	0.355
130	0.459
130	0.801
130	0.983
130	0.719
130	1.000
130	0.976
130	0.885
130	0.992
130	1.000
130	0.844
130	1.000
130	0.927
130	0.923
130	0.954
130	0.987
130	1.000
130	0.966
130	0.751
130	0.910
130	1.000
130	0.718
130	0.993
130	0.813
130	0.745
130	0.681
130	0.994
130	0.985
130	0.791
130	1.000
130	0.731
130	1.000
130	0.988
130	1.000
130	0.997
130	0.990
130	0.995
130	0.511
130	0.846
130	1.000
130	0.990
130	0.517
130	0.995
130	0.988
130	0.994
130	0.792
130	0.993
130	0.642
130	0.994
130	0.861
130	0.992
130	0.779
130	0.591
130	0.989
130	0.580
130	0.916
130	0.970
130	0.993
130	1.000
130	0.982
130	0.909
130	0.763
130	0.983
130	0.990
130	0.836
130	0.975
130	0.975
130	1.000
130	0.994
130	0.723
130	0.839
130	0.940
130	0.530
130	0.835
130	0.988
130	0.974
130	0.760
130	0.997
130	0.992
130	0.843
130	0.641
130	0.993
130	0.632
130	0.988
130	0.313
130	0.914
130	0.791
130	0.812
130	0.934
130	0.888
130	0.824
130	0.993
130	0.518
130	0.988
130	0.953
130	0.552
130	0.990
130	0.797
130	0.965
130	1.000
130	1.000
130	0.565
130	0.879
130	0.906
130	0.985
130	0.847
130	0.918
130	0.772
130	0.709
130	1.000
130	0.983
130	0.718
130	0.993
130	0.959
130	0.990
130	0.988
130	0.595
130	1.000
130	0.992
130	0.909
130	0.993
130	0.748
130	0.984
130	1.000
130	0.994
130	0.815
130	0.994
130	0.788
130	0.586
130	0.993
130	0.891
130	1.000
130	1.000
130	0.838
130	0.992
130	0.980
130	0.988
130	0.555
130	0.989
130	0.727
130	0.989
130	0.990
130	0.799
130	1.000
130	0.808
130	0.984
130	1.000
130	0.823
130	0.990
140	0.614
140	0.680
140	0.990
140	0.590
140	0.794
140	0.994
140	0.935
140	0.991
140	0.994
140	0.858
140	1.000
140	0.503
140	0.795
140	0.766
140	0.950
140	0.992
140	0.764
140	0.493
140	0.950
140	0.922
140	1.000
140	0.993
140	0.766
140	0.685
140	0.988
140	1.000
140	0.921
140	1.000
140	0.710
140	1.000
140	0.847
140	0.695
140	0.613
140	0.844
140	0.940
140	0.707
140	0.895
140	0.651
140	0.994
140	0.993
140	0.785
140	0.995
140	0.692
140	0.862
140	1.000
140	0.794
140	0.984
140	0.791
140	0.835
140	1.000
140	0.995
140	0.992
140	1.000
140	0.996
140	0.964
140	1.000
140	0.770
140	0.897
140	0.652
140	0.836
140	0.993
140	1.000
140	1.000
140	1.000
140	1.000
140	0.825
140	1.000
140	0.980
140	0.856
140	0.599
140	0.854
140	1.000
140	0.993
140	0.994
140	0.993
140	0.820
140	0.990
140	1.000
140	1.000
140	0.896
140	0.783
140	0.993
140	0.985
140	0.643
140	0.491
140	0.987
140	0.989
140	0.838
140	0.690
140	1.000
140	0.983
140	0.503
140	0.996
140	0.991
140	0.963
140	0.832
140	0.875
140	0.682
140	0.745
140	0.607
140	0.795
140	1.000
140	0.994
140	0.772
140	0.981
140	0.953
140	0.992
140	0.976
140	0.850
140	1.000
140	0.990
140	0.815
140	0.873
140	1.000
140	0.932
140	0.994
140	0.981
140	0.411
140	0.728
140	0.865
140	1.000
140	0.994
140	0.864
140	0.720
140	0.699
140	0.956
140	0.506
140	0.993
140	0.993
140	0.994
140	1.000
140	0.993
140	0.793
140	0.916
140	0.988
140	0.994
140	0.586
140	0.805
140	0.928
140	0.991
140	0.860
140	0.995
140	1.000
140	0.751
140	0.995
140	0.706
140	0.737
140	0.945
140	0.709
140	0.867
140	0.510
140	0.737
140	1.000
140	0.994
140	0.905
140	0.597
140	0.991
140	0.993
140	0.590
140	0.987
140	0.787
140	0.724
140	0.990
140	1.000
140	1.000
140	0.759
140	1.000
140	0.696
140	0.748
140	0.671
140	1.000
140	0.511
140	0.995
140	0.811
140	0.881
140	0.594
140	1.000
140	0.994
140	0.789
140	0.858
140	0.904
140	0.892
140	0.514
140	0.773
140	0.905
140	0.994
140	0.804
140	0.840
140	0.961
140	0.957
140	0.850
140	1.000
140	0.922
140	0.958
140	0.994
140	0.832
140	0.811
140	1.000
140	0.948
140	0.937
150	0.992
150	0.630
150	0.825
150	0.995
150	0.916
150	0.865
150	0.865
150	0.674
150	0.760
150	0.752
150	0.864
150	0.868
150	0.752
150	0.717
150	0.993
150	0.856
150	0.979
150	0.992
150	0.859
150	0.986
150	1.000
150	0.627
150	1.000
150	0.992
150	0.796
150	0.949
150	0.548
150	0.995
150	0.948
150	0.529
150	0.995
150	0.528
150	0.879
150	0.874
150	0.746
150	0.814
150	0.572
150	0.826
150	0.709
150	0.992
150	0.872
150	0.993
150	0.894
150	0.820
150	0.987
150	0.994
150	1.000
150	0.801
150	0.560
150	0.760
150	0.714
150	0.569
150	1.000
150	0.758
150	0.759
150	0.961
150	1.000
150	0.990
150	0.988
150	0.867
150	0.992
150	0.566
150	0.937
150	0.941
150	0.993
150	0.993
150	0.967
150	0.991
150	0.992
150	0.722
150	0.935
150	0.988
150	0.925
150	0.641
150	0.989
150	1.000
150	0.900
150	0.782
150	0.995
150	1.000
150	1.000
150	0.835
150	1.000
150	0.995
150	0.992
150	1.000
150	1.000
150	0.995
150	0.995
150	0.992
150	0.655
150	0.859
150	1.000
150	0.828
150	0.793
150	1.000
150	0.994
150	0.645
150	1.000
150	0.809
150	0.994
150	0.809
150	0.783
150	0.890
150	0.534
150	0.766
150	0.997
150	0.858
150	0.827
150	0.974
150	0.995
150	1.000
150	0.888
150	0.970
150	0.782
150	0.898
150	0.709
150	0.793
150	0.995
150	0.994
150	0.877
150	0.995
150	0.927
150	0.995
150	0.937
150	1.000
150	0.690
150	1.000
150	0.956
150	0.812
150	0.892
150	0.903
150	1.000
150	0.844
150	0.816
150	0.280
150	0.990
150	0.859
150	1.000
150	0.732
150	1.000
150	0.986
150	0.782
150	0.993
150	0.803
150	0.994
150	1.000
150	0.949
150	1.000
150	0.983
150	0.988
150	0.666
150	1.000
150	0.684
150	0.876
150	0.858
150	0.916
150	0.998
150	0.979
150	0.587
150	0.594
150	0.804
150	0.960
150	0.956
150	0.857
150	1.000
150	0.600
150	0.685
150	0.987
150	1.000
150	0.930
150	0.800
150	1.000
150	0.997
150	1.000
150	1.000
150	0.992
150	0.639
150	1.000
150	0.805
150	0.996
150	0.994
150	0.994
150	0.753
150	0.762
150	0.545
150	0.995
150	1.000
150	0.990
150	0.760
150	0.967
150	0.938
150	0.989
150	0.995
150	0.995
150	1.000
150	0.929
150	0.972
150	1.000
150	1.000
