10	0.274
10	0.003
10	0.032
10	0.152
10	0.110
10	0.030
10	0.032
10	0.258
10	0.019
10	0.038
10	0.025
10	0.022
10	0.002
10	0.001
10	0.185
10	0.147
10	0.004
10	0.447
10	0.013
10	0.032
10	0.002
10	0.021
10	0.208
10	0.056
10	0.417
10	0.017
10	0.134
10	0.013
10	0.151
10	0.000
10	0.019
10	0.000
10	0.000
10	0.010
10	0.001
10	0.028
10	0.003
10	0.000
10	0.003
10	0.015
10	0.171
10	0.000
10	0.002
10	0.016
10	0.249
10	0.002
10	0.031
10	0.017
10	0.570
10	0.005
10	0.003
10	0.231
10	0.104
10	0.019
10	0.002
10	0.019
10	0.003
10	0.198
10	0.252
10	0.116
10	0.019
10	0.489
10	0.000
10	0.285
10	0.002
10	0.014
10	0.332
10	0.487
10	0.000
10	0.186
10	0.138
10	0.015
10	0.017
10	0.001
10	0.001
10	0.027
10	0.090
10	0.348
10	0.019
10	0.136
10	0.122
10	0.005
10	0.000
10	0.003
10	0.001
10	0.001
10	0.003
10	0.197
10	0.002
10	0.019
10	0.024
10	0.191
10	0.096
10	0.005
10	0.002
10	0.339
10	0.026
10	0.004
10	0.003
10	0.013
10	0.006
10	0.188
10	0.000
10	0.259
10	0.121
10	0.009
10	0.152
10	0.014
10	0.397
10	0.087
10	0.206
10	0.006
10	0.017
10	0.011
10	0.057
10	0.750
10	0.001
10	0.000
10	0.013
10	0.001
10	0.147
10	0.000
10	0.002
10	0.123
10	0.003
10	0.292
10	0.004
10	0.230
10	0.174
10	0.015
10	0.000
10	0.053
10	0.174
10	0.171
10	0.000
10	0.009
10	0.001
10	0.534
10	0.000
10	0.009
10	0.030
10	0.010
10	0.033
10	0.001
10	0.043
10	0.113
10	0.749
10	0.001
10	0.045
10	0.001
10	0.021
10	0.599
10	0.317
10	0.327
10	0.280
10	0.013
10	0.002
10	0.111
10	0.011
10	0.269
10	0.242
10	0.001
10	0.000
10	0.206
10	0.186
10	0.015
10	0.000
10	0.002
10	0.000
10	0.012
10	0.056
10	0.001
10	0.001
10	0.015
10	0.009
10	0.002
10	0.588
10	0.119
10	0.270
10	0.015
10	0.055
10	0.004
10	0.003
10	0.038
10	0.413
10	0.000
10	0.033
10	0.024
10	0.264
10	0.001
10	0.351
10	0.405
10	0.005
10	0.013
10	0.157
10	0.029
10	0.000
10	0.004
10	0.014
10	0.000
20	0.017
20	0.771
20	0.001
20	0.284
20	0.001
20	0.026
20	0.482
20	0.000
20	0.021
20	0.037
20	0.357
20	0.026
20	0.176
20	0.001
20	0.003
20	0.414
20	0.002
20	0.319
20	0.000
20	0.169
20	0.023
20	0.357
20	0.062
20	0.039
20	0.053
20	0.375
20	0.044
20	0.162
20	0.428
20	0.398
20	0.017
20	0.007
20	0.003
20	0.363
20	0.044
20	0.498
20	0.032
20	0.000
20	0.145
20	0.027
20	0.028
20	0.001
20	0.248
20	0.000
20	0.522
20	0.002
20	0.002
20	0.000
20	0.126
20	0.042
20	0.010
20	0.678
20	0.009
20	0.001
20	0.480
20	0.120
20	0.506
20	0.100
20	0.037
20	0.191
20	0.210
20	0.243
20	0.002
20	0.089
20	0.061
20	0.002
20	0.000
20	0.000
20	0.368
20	0.159
20	0.010
20	0.184
20	0.002
20	0.003
20	0.265
20	0.001
20	0.119
20	0.017
20	0.060
20	0.013
20	0.079
20	0.309
20	0.000
20	0.517
20	0.001
20	0.066
20	0.363
20	0.145
20	0.328
20	0.805
20	0.001
20	0.013
20	0.018
20	0.188
20	0.092
20	0.422
20	0.251
20	0.779
20	0.063
20	0.011
20	0.011
20	0.034
20	0.009
20	0.589
20	0.001
20	0.347
20	0.017
20	0.047
20	0.010
20	0.201
20	0.031
20	0.002
20	0.000
20	0.262
20	0.000
20	0.260
20	0.054
20	0.009
20	0.286
20	0.161
20	0.017
20	0.001
20	0.009
20	0.019
20	0.030
20	0.001
20	0.023
20	0.000
20	0.001
20	0.000
20	0.000
20	0.006
20	0.000
20	0.021
20	0.000
20	0.003
20	0.001
20	0.112
20	0.007
20	0.000
20	0.012
20	0.165
20	0.000
20	0.353
20	0.199
20	0.043
20	0.368
20	0.023
20	0.024
20	0.002
20	0.000
20	0.028
20	0.139
20	0.050
20	0.000
20	0.315
20	0.809
20	0.707
20	0.069
20	0.000
20	0.203
20	0.415
20	0.015
20	0.195
20	0.142
20	0.261
20	0.004
20	0.184
20	0.022
20	0.010
20	0.001
20	0.001
20	0.462
20	0.095
20	0.007
20	0.009
20	0.583
20	0.012
20	0.846
20	0.027
20	0.311
20	0.009
20	0.123
20	0.033
20	0.026
20	0.001
20	0.270
20	0.000
20	0.126
20	0.003
20	0.282
20	0.002
20	0.046
20	0.223
20	0.285
20	0.079
20	0.354
20	0.315
20	0.003
20	0.009
30	0.209
30	0.006
30	0.418
30	0.035
30	0.031
30	0.670
30	0.199
30	0.019
30	0.255
30	0.176
30	0.083
30	0.102
30	0.269
30	0.342
30	0.401
30	0.084
30	0.061
30	0.220
30	0.011
30	0.007
30	0.174
30	0.385
30	0.032
30	0.346
30	0.079
30	0.089
30	0.028
30	0.184
30	0.000
30	0.013
30	0.436
30	0.037
30	0.399
30	0.027
30	0.329
30	0.159
30	0.704
30	0.478
30	0.255
30	0.070
30	0.186
30	0.078
30	0.189
30	0.383
30	0.271
30	0.285
30	0.001
30	0.555
30	0.829
30	0.171
30	0.120
30	0.535
30	0.457
30	0.012
30	0.336
30	0.119
30	0.445
30	0.044
30	0.121
30	0.000
30	0.114
30	0.421
30	0.000
30	0.123
30	0.095
30	0.114
30	0.001
30	0.032
30	0.342
30	0.236
30	0.455
30	0.083
30	0.002
30	0.001
30	0.011
30	0.280
30	0.682
30	0.001
30	0.001
30	0.199
30	0.374
30	0.087
30	0.016
30	0.049
30	0.238
30	0.000
30	0.141
30	0.169
30	0.070
30	0.104
30	0.237
30	0.117
30	0.250
30	0.106
30	0.008
30	0.064
30	0.065
30	0.012
30	0.003
30	0.574
30	0.620
30	0.170
30	0.006
30	0.075
30	0.152
30	0.103
30	0.494
30	0.466
30	0.010
30	0.224
30	0.006
30	0.376
30	0.100
30	0.097
30	0.208
30	0.057
30	0.006
30	0.330
30	0.057
30	0.013
30	0.251
30	0.170
30	0.668
30	0.033
30	0.151
30	0.069
30	0.701
30	0.002
30	0.007
30	0.432
30	0.233
30	0.040
30	0.086
30	0.109
30	0.087
30	0.122
30	0.202
30	0.104
30	0.010
30	0.000
30	0.026
30	0.009
30	0.000
30	0.253
30	0.399
30	0.001
30	0.004
30	0.060
30	0.026
30	0.261
30	0.321
30	0.022
30	0.376
30	0.000
30	0.102
30	0.323
30	0.491
30	0.028
30	0.260
30	0.234
30	0.059
30	0.617
30	0.276
30	0.071
30	0.401
30	0.156
30	0.001
30	0.471
30	0.188
30	0.063
30	0.327
30	0.018
30	0.040
30	0.000
30	0.000
30	0.130
30	0.007
30	0.020
30	0.066
30	0.399
30	0.533
30	0.008
30	0.070
30	0.424
30	0.570
30	0.245
30	0.012
30	0.254
30	0.289
30	0.334
30	0.318
30	0.005
30	0.026
30	0.563
30	0.274
30	0.236
30	0.579
30	0.172
30	0.588
30	0.299
40	0.562
40	0.630
40	0.454
40	0.380
40	0.024
40	0.540
40	0.126
40	0.288
40	0.157
40	0.410
40	0.315
40	0.412
40	0.797
40	0.327
40	0.707
40	0.250
40	0.509
40	0.184
40	0.344
40	0.043
40	0.414
40	0.324
40	0.368
40	0.342
40	0.391
40	0.245
40	0.628
40	0.230
40	0.415
40	0.222
40	0.108
40	0.145
40	0.284
40	0.084
40	0.520
40	0.193
40	0.561
40	0.459
40	0.234
40	0.338
40	0.312
40	0.435
40	0.240
40	0.483
40	0.534
40	0.000
40	0.403
40	0.304
40	0.203
40	0.157
40	0.227
40	0.552
40	0.115
40	0.241
40	0.384
40	0.191
40	0.522
40	0.253
40	0.660
40	0.160
40	0.402
40	0.187
40	0.429
40	0.219
40	0.568
40	0.582
40	0.089
40	0.226
40	0.239
40	0.531
40	0.281
40	0.214
40	0.000
40	0.633
40	0.291
40	0.076
40	0.465
40	0.129
40	0.247
40	0.315
40	0.321
40	0.212
40	0.302
40	0.383
40	0.484
40	0.093
40	0.127
40	0.518
40	0.130
40	0.575
40	0.261
40	0.133
40	0.306
40	0.229
40	0.627
40	0.496
40	0.202
40	0.131
40	0.220
40	0.246
40	0.488
40	0.290
40	0.379
40	0.743
40	0.126
40	0.426
40	0.416
40	0.455
40	0.130
40	0.559
40	0.633
40	0.062
40	0.131
40	0.150
40	0.607
40	0.134
40	0.626
40	0.454
40	0.228
40	0.382
40	0.199
40	0.476
40	0.283
40	0.568
40	0.257
40	0.338
40	0.341
40	0.454
40	0.295
40	0.441
40	0.465
40	0.000
40	0.304
40	0.218
40	0.196
40	0.661
40	0.303
40	0.557
40	0.844
40	0.271
40	0.215
40	0.017
40	0.393
40	0.651
40	0.264
40	0.460
40	0.483
40	0.447
40	0.232
40	0.462
40	0.406
40	0.465
40	0.158
40	0.345
40	0.573
40	0.217
40	0.294
40	0.258
40	0.289
40	0.136
40	0.538
40	0.818
40	0.335
40	0.199
40	0.141
40	0.468
40	0.431
40	0.408
40	0.225
40	0.164
40	0.266
40	0.134
40	0.276
40	0.275
40	0.126
40	0.375
40	0.045
40	0.358
40	0.413
40	0.163
40	0.689
40	0.153
40	0.264
40	0.191
40	0.387
40	0.110
40	0.439
40	0.197
40	0.522
40	0.563
40	0.629
40	0.295
40	0.151
40	0.207
40	0.319
40	0.184
40	0.201
40	0.706
40	0.705
40	0.566
50	0.238
50	0.600
50	0.463
50	0.427
50	0.746
50	0.457
50	0.616
50	0.254
50	0.715
50	0.530
50	0.587
50	0.425
50	0.530
50	0.332
50	0.351
50	0.422
50	0.287
50	0.444
50	0.585
50	0.494
50	0.425
50	0.407
50	0.633
50	0.592
50	0.487
50	0.610
50	0.730
50	0.330
50	0.476
50	0.220
50	0.779
50	0.667
50	0.430
50	0.381
50	0.776
50	0.625
50	0.661
50	0.421
50	0.399
50	0.447
50	0.509
50	0.391
50	0.301
50	0.437
50	0.311
50	0.541
50	0.391
50	0.656
50	0.331
50	0.367
50	0.398
50	0.720
50	0.272
50	0.704
50	0.622
50	0.568
50	0.329
50	0.734
50	0.470
50	0.495
50	0.514
50	0.454
50	0.387
50	0.535
50	0.433
50	0.506
50	0.611
50	0.557
50	0.849
50	0.421
50	0.440
50	0.676
50	0.780
50	0.577
50	0.419
50	0.163
50	0.770
50	0.596
50	0.498
50	0.386
50	0.313
50	0.531
50	0.489
50	0.473
50	0.343
50	0.564
50	0.304
50	0.278
50	0.271
50	0.746
50	0.445
50	0.917
50	0.569
50	0.491
50	0.467
50	0.742
50	0.602
50	0.615
50	0.286
50	0.293
50	0.795
50	0.512
50	0.503
50	0.563
50	0.400
50	0.572
50	0.369
50	0.266
50	0.478
50	0.000
50	0.576
50	0.325
50	0.514
50	0.371
50	0.282
50	0.681
50	0.570
50	0.211
50	0.588
50	0.000
50	0.479
50	0.502
50	0.330
50	0.355
50	0.433
50	0.423
50	0.345
50	0.243
50	0.392
50	0.541
50	0.530
50	0.283
50	0.523
50	0.558
50	0.575
50	0.336
50	0.302
50	0.460
50	0.454
50	0.438
50	0.356
50	0.287
50	0.391
50	0.415
50	0.447
50	0.634
50	0.333
50	0.363
50	0.484
50	0.377
50	0.325
50	0.612
50	0.432
50	0.533
50	0.434
50	0.398
50	0.357
50	0.271
50	0.614
50	0.721
50	0.247
50	0.478
50	0.384
50	0.574
50	0.478
50	0.482
50	0.353
50	0.321
50	0.613
50	0.532
50	0.340
50	0.346
50	0.492
50	0.189
50	0.425
50	0.629
50	0.563
50	0.458
50	0.720
50	0.301
50	0.589
50	0.374
50	0.612
50	0.577
50	0.498
50	0.590
50	0.548
50	0.637
50	0.592
50	0.296
50	0.628
50	0.372
50	0.370
50	0.591
50	0.000
50	0.631
50	0.677
50	0.479
50	0.374
50	0.214
60	0.770
60	0.495
60	0.174
60	0.451
60	0.203
60	0.637
60	0.272
60	0.453
60	0.204
60	0.345
60	0.771
60	0.234
60	0.127
60	0.508
60	0.443
60	0.834
60	0.474
60	0.321
60	0.461
60	0.579
60	0.549
60	0.756
60	0.000
60	0.541
60	0.609
60	0.057
60	0.208
60	0.543
60	0.476
60	0.528
60	0.726
60	0.526
60	0.442
60	0.348
60	0.378
60	0.803
60	0.356
60	0.812
60	0.483
60	0.649
60	0.715
60	0.284
60	0.467
60	0.302
60	0.316
60	0.714
60	0.710
60	0.036
60	0.658
60	0.186
60	0.052
60	0.307
60	0.434
60	0.536
60	0.609
60	0.711
60	0.675
60	0.494
60	0.946
60	0.489
60	0.377
60	0.603
60	0.418
60	0.420
60	0.524
60	0.721
60	0.562
60	0.454
60	0.369
60	0.523
60	0.563
60	0.440
60	0.277
60	0.971
60	0.109
60	0.503
60	0.975
60	0.408
60	0.408
60	0.392
60	0.292
60	0.226
60	0.272
60	0.718
60	0.225
60	0.828
60	0.492
60	0.472
60	0.000
60	0.309
60	0.414
60	0.603
60	0.118
60	0.533
60	0.661
60	0.372
60	0.462
60	0.588
60	0.693
60	0.392
60	0.295
60	0.449
60	0.380
60	0.444
60	0.429
60	0.793
60	0.690
60	0.219
60	0.579
60	0.872
60	0.571
60	0.688
60	0.117
60	0.637
60	0.443
60	0.182
60	0.200
60	0.697
60	0.578
60	0.544
60	0.000
60	0.554
60	0.311
60	0.241
60	0.615
60	0.706
60	0.095
60	0.330
60	0.210
60	0.537
60	0.616
60	0.714
60	0.461
60	0.672
60	0.351
60	0.168
60	0.457
60	0.933
60	0.099
60	0.336
60	0.204
60	0.562
60	0.363
60	0.840
60	0.619
60	0.878
60	0.165
60	0.111
60	0.253
60	0.376
60	0.460
60	0.451
60	0.410
60	0.186
60	0.803
60	0.662
60	0.827
60	0.395
60	0.240
60	0.912
60	0.502
60	0.536
60	0.251
60	0.225
60	0.000
60	0.313
60	0.632
60	0.286
60	0.184
60	0.738
60	0.341
60	0.230
60	0.017
60	0.147
60	0.595
60	0.708
60	0.488
60	0.000
60	0.913
60	0.539
60	0.711
60	0.171
60	0.105
60	0.143
60	0.088
60	0.796
60	0.467
60	0.224
60	0.229
60	0.270
60	0.719
60	0.601
60	0.588
60	0.370
60	0.537
60	0.402
60	0.975
60	0.178
60	0.291
60	0.436
70	0.976
70	0.003
70	0.948
70	0.366
70	0.597
70	0.854
70	0.511
70	0.204
70	0.700
70	0.342
70	0.471
70	0.324
70	0.888
70	0.925
70	0.604
70	0.439
70	0.541
70	0.776
70	0.753
70	0.511
70	0.768
70	0.217
70	0.557
70	0.412
70	0.395
70	0.726
70	0.687
70	0.496
70	0.606
70	0.672
70	0.490
70	0.357
70	0.309
70	0.658
70	0.191
70	0.461
70	0.401
70	0.694
70	0.238
70	0.432
70	0.791
70	0.782
70	0.191
70	0.633
70	0.730
70	0.569
70	0.967
70	0.587
70	0.506
70	0.585
70	0.501
70	0.540
70	0.753
70	0.875
70	0.786
70	0.303
70	0.686
70	0.678
70	0.502
70	0.348
70	0.875
70	0.326
70	0.504
70	0.780
70	0.657
70	0.806
70	0.660
70	0.753
70	0.556
70	0.672
70	0.855
70	0.549
70	0.639
70	0.473
70	0.363
70	0.582
70	0.760
70	0.523
70	0.502
70	0.429
70	0.784
70	0.697
70	0.510
70	0.572
70	0.718
70	0.833
70	0.945
70	0.710
70	0.506
70	0.980
70	0.304
70	0.580
70	0.621
70	0.550
70	0.565
70	0.513
70	0.995
70	0.464
70	0.676
70	0.600
70	0.807
70	0.570
70	0.643
70	0.177
70	0.712
70	0.231
70	0.214
70	0.435
70	0.612
70	0.567
70	0.688
70	0.978
70	0.460
70	0.571
70	0.320
70	0.859
70	0.634
70	0.589
70	0.480
70	0.300
70	0.381
70	0.520
70	0.432
70	0.227
70	0.173
70	0.650
70	0.398
70	0.419
70	0.496
70	0.198
70	0.749
70	0.127
70	0.513
70	0.895
70	0.142
70	0.467
70	0.535
70	0.498
70	0.583
70	0.447
70	0.792
70	0.231
70	0.285
70	0.938
70	0.201
70	0.556
70	0.660
70	0.856
70	0.535
70	0.354
70	0.714
70	0.368
70	0.442
70	0.775
70	0.453
70	0.673
70	0.550
70	0.416
70	0.563
70	0.095
70	0.293
70	0.479
70	0.968
70	0.668
70	0.582
70	0.553
70	0.348
70	0.578
70	0.704
70	0.623
70	0.603
70	0.649
70	0.324
70	0.367
70	0.948
70	0.407
70	0.548
70	0.310
70	0.721
70	0.844
70	0.584
70	0.261
70	0.580
70	0.391
70	0.146
70	0.525
70	0.604
70	0.639
70	0.812
70	0.552
70	0.293
70	0.561
70	0.682
70	0.690
70	0.670
70	0.890
70	0.616
70	0.866
70	0.507
70	0.509
80	0.538
80	0.673
80	0.746
80	0.330
80	0.569
80	0.855
80	0.750
80	0.857
80	0.440
80	0.591
80	0.375
80	0.753
80	0.701
80	0.727
80	0.713
80	0.482
80	0.491
80	0.971
80	0.559
80	0.855
80	0.540
80	0.562
80	0.791
80	0.691
80	0.734
80	0.805
80	0.418
80	0.711
80	0.837
80	0.684
80	0.969
80	0.501
80	0.510
80	0.458
80	0.507
80	0.570
80	0.327
80	0.464
80	0.716
80	0.680
80	0.390
80	0.418
80	0.207
80	0.721
80	0.223
80	0.475
80	0.723
80	0.344
80	0.438
80	0.468
80	0.314
80	0.540
80	0.712
80	0.699
80	0.568
80	0.767
80	0.443
80	0.732
80	0.715
80	0.235
80	0.994
80	0.588
80	0.520
80	0.694
80	0.442
80	0.673
80	0.459
80	0.227
80	0.532
80	0.507
80	0.716
80	0.334
80	0.610
80	0.839
80	0.599
80	0.787
80	0.584
80	0.877
80	0.295
80	0.233
80	0.719
80	0.503
80	0.542
80	0.376
80	0.225
80	0.652
80	0.319
80	0.775
80	0.261
80	0.258
80	0.529
80	0.783
80	0.394
80	0.704
80	0.860
80	0.778
80	0.614
80	0.457
80	0.686
80	0.839
80	0.402
80	0.259
80	0.632
80	0.749
80	0.526
80	0.649
80	0.695
80	0.703
80	0.487
80	0.688
80	0.580
80	0.496
80	0.787
80	0.590
80	0.456
80	0.525
80	0.671
80	0.486
80	0.900
80	0.897
80	0.306
80	0.631
80	0.727
80	0.519
80	0.610
80	0.391
80	0.679
80	0.848
80	0.549
80	0.443
80	0.552
80	0.256
80	0.780
80	0.618
80	0.502
80	0.830
80	0.796
80	0.924
80	0.624
80	0.693
80	0.679
80	0.576
80	0.615
80	0.629
80	0.272
80	0.758
80	0.629
80	0.690
80	0.593
80	0.681
80	0.395
80	0.710
80	0.578
80	0.862
80	0.748
80	0.608
80	0.747
80	0.805
80	0.476
80	0.435
80	0.957
80	0.250
80	0.420
80	0.782
80	0.722
80	0.539
80	0.337
80	0.333
80	0.723
80	0.563
80	0.618
80	0.627
80	0.000
80	0.492
80	0.910
80	0.767
80	0.641
80	0.419
80	0.432
80	0.451
80	0.719
80	0.613
80	0.337
80	0.480
80	0.618
80	0.519
80	0.684
80	0.476
80	0.518
80	0.558
80	0.795
80	0.846
80	0.602
80	0.486
80	0.638
80	0.435
80	0.728
80	0.711
80	0.693
80	0.594
90	0.368
90	0.459
90	0.408
90	0.504
90	0.603
90	0.804
90	0.278
90	0.607
90	0.399
90	0.566
90	0.748
90	0.781
90	0.748
90	0.713
90	0.841
90	0.457
90	0.611
90	0.810
90	0.626
90	0.624
90	0.837
90	0.404
90	0.683
90	0.630
90	0.690
90	0.647
90	0.682
90	0.907
90	0.880
90	0.617
90	0.381
90	0.459
90	0.645
90	0.487
90	0.564
90	0.429
90	0.331
90	0.340
90	0.633
90	0.719
90	0.496
90	0.602
90	0.571
90	0.406
90	0.929
90	0.948
90	0.613
90	0.676
90	0.597
90	0.556
90	0.707
90	0.619
90	0.606
90	0.761
90	0.576
90	0.682
90	0.911
90	0.744
90	0.988
90	0.405
90	0.758
90	0.681
90	0.738
90	0.793
90	0.662
90	0.746
90	0.618
90	0.534
90	0.580
90	0.514
90	0.881
90	0.465
90	0.310
90	0.667
90	0.424
90	0.353
90	0.419
90	0.488
90	0.568
90	0.754
90	0.542
90	0.672
90	0.812
90	0.743
90	0.427
90	0.856
90	0.701
90	0.350
90	0.763
90	0.792
90	0.619
90	0.472
90	0.749
90	0.503
90	0.357
90	0.415
90	0.725
90	0.439
90	0.525
90	0.433
90	0.721
90	0.794
90	0.655
90	0.797
90	0.579
90	0.514
90	0.851
90	0.695
90	0.302
90	0.492
90	0.583
90	0.443
90	0.918
90	0.588
90	0.930
90	0.636
90	0.465
90	0.638
90	0.345
90	0.581
90	0.703
90	0.864
90	0.726
90	0.555
90	0.717
90	0.511
90	0.374
90	0.657
90	0.474
90	0.818
90	0.000
90	0.717
90	0.691
90	0.657
90	0.724
90	0.922
90	0.447
90	0.983
90	0.782
90	0.289
90	0.446
90	0.638
90	0.539
90	0.729
90	0.517
90	0.712
90	0.602
90	0.799
90	0.418
90	0.542
90	0.000
90	0.963
90	0.661
90	0.591
90	0.315
90	0.754
90	0.690
90	0.528
90	0.693
90	0.809
90	0.816
90	0.826
90	0.782
90	0.833
90	0.797
90	0.663
90	0.642
90	0.677
90	0.597
90	0.435
90	0.362
90	0.843
90	0.676
90	0.735
90	0.870
90	0.803
90	0.684
90	0.484
90	0.742
90	0.606
90	0.286
90	0.325
90	0.673
90	0.758
90	0.459
90	0.841
90	0.674
90	0.620
90	0.724
90	0.664
90	0.560
90	0.862
90	0.540
90	0.985
90	0.711
90	0.783
90	0.810
90	0.795
90	0.378
90	0.883
100	0.696
100	0.962
100	0.381
100	0.816
100	0.488
100	0.522
100	0.404
100	0.691
100	0.659
100	0.534
100	0.947
100	0.888
100	0.743
100	0.721
100	0.736
100	0.572
100	0.430
100	1.000
100	0.816
100	0.785
100	0.816
100	0.803
100	0.725
100	0.970
100	0.669
100	0.000
100	0.767
100	0.663
100	0.799
100	0.698
100	0.811
100	0.502
100	0.626
100	0.517
100	0.417
100	0.472
100	0.773
100	0.904
100	0.829
100	0.974
100	0.604
100	0.814
100	0.659
100	0.663
100	0.951
100	0.811
100	0.816
100	0.636
100	0.531
100	0.677
100	0.373
100	0.718
100	0.455
100	0.625
100	0.258
100	0.714
100	0.530
100	0.714
100	0.714
100	0.534
100	0.461
100	0.978
100	0.644
100	0.800
100	0.497
100	0.391
100	0.721
100	0.444
100	0.370
100	0.339
100	0.495
100	0.791
100	0.590
100	0.711
100	0.542
100	0.623
100	0.734
100	0.751
100	0.871
100	0.578
100	0.772
100	0.564
100	0.619
100	0.607
100	0.759
100	0.434
100	0.459
100	0.549
100	0.755
100	0.586
100	0.821
100	0.496
100	0.661
100	0.806
100	0.735
100	0.857
100	0.645
100	0.717
100	0.655
100	0.597
100	0.447
100	0.783
100	0.871
100	0.666
100	0.513
100	0.430
100	0.781
100	0.709
100	0.681
100	0.733
100	0.672
100	0.686
100	0.728
100	0.760
100	0.670
100	0.739
100	0.354
100	0.530
100	0.828
100	0.826
100	0.624
100	0.446
100	0.978
100	0.658
100	0.379
100	0.724
100	0.789
100	0.811
100	0.711
100	0.975
100	0.773
100	0.785
100	0.536
100	0.594
100	0.657
100	0.839
100	0.739
100	0.772
100	0.651
100	0.673
100	0.517
100	0.604
100	0.572
100	0.483
100	0.000
100	0.663
100	0.836
100	0.772
100	0.678
100	0.649
100	0.665
100	0.534
100	0.570
100	0.537
100	0.668
100	0.421
100	0.790
100	0.584
100	0.000
100	0.813
100	0.723
100	0.988
100	0.666
100	0.780
100	0.568
100	0.815
100	0.703
100	0.786
100	0.825
100	0.494
100	0.607
100	0.619
100	0.765
100	0.781
100	0.821
100	0.626
100	0.330
100	0.704
100	0.921
100	0.808
100	0.717
100	0.506
100	0.753
100	0.566
100	0.609
100	0.473
100	0.541
100	0.612
100	0.469
100	0.538
100	0.640
100	0.606
100	0.863
100	0.872
100	0.734
100	0.635
100	0.511
100	0.955
100	0.784
100	0.676
110	0.456
110	0.655
110	0.944
110	0.689
110	0.655
110	0.545
110	0.505
110	0.809
110	0.871
110	0.758
110	0.825
110	0.631
110	0.502
110	0.579
110	0.807
110	0.407
110	0.724
110	0.567
110	0.458
110	0.841
110	0.768
110	0.704
110	0.855
110	0.904
110	0.779
110	0.865
110	0.563
110	0.607
110	0.745
110	0.619
110	0.803
110	0.493
110	0.791
110	0.992
110	0.853
110	0.917
110	0.628
110	0.740
110	0.608
110	0.788
110	0.897
110	0.913
110	0.764
110	0.668
110	0.779
110	0.860
110	0.674
110	0.677
110	0.503
110	0.803
110	0.717
110	0.547
110	0.536
110	0.787
110	0.538
110	0.701
110	0.593
110	0.686
110	0.731
110	0.846
110	0.912
110	0.772
110	0.550
110	0.481
110	0.588
110	0.611
110	0.634
110	0.893
110	0.902
110	0.614
110	0.523
110	0.691
110	0.592
110	0.850
110	0.754
110	0.446
110	0.558
110	0.454
110	0.928
110	0.779
110	0.380
110	0.742
110	0.688
110	0.930
110	0.909
110	0.669
110	0.847
110	0.711
110	0.537
110	0.424
110	0.601
110	0.771
110	0.678
110	1.000
110	0.921
110	0.812
110	0.760
110	0.920
110	0.658
110	0.810
110	0.802
110	0.760
110	0.737
110	0.961
110	0.895
110	0.599
110	0.707
110	0.675
110	0.466
110	0.804
110	0.787
110	0.549
110	0.545
110	0.762
110	0.448
110	0.602
110	0.784
110	0.468
110	0.878
110	0.484
110	0.763
110	0.631
110	0.838
110	0.864
110	0.688
110	0.889
110	0.753
110	0.630
110	0.672
110	0.793
110	0.834
110	0.589
110	0.724
110	0.947
110	0.853
110	0.706
110	0.578
110	0.815
110	0.727
110	0.762
110	0.436
110	0.639
110	0.844
110	0.748
110	0.804
110	0.838
110	0.570
110	0.784
110	0.475
110	0.763
110	0.588
110	0.747
110	0.786
110	0.690
110	0.758
110	0.680
110	0.844
110	0.847
110	0.703
110	0.391
110	0.456
110	0.643
110	0.968
110	0.532
110	0.681
110	0.724
110	0.556
110	0.580
110	0.805
110	0.587
110	0.536
110	0.530
110	0.916
110	0.718
110	0.421
110	0.689
110	0.681
110	0.636
110	0.804
110	0.931
110	0.733
110	0.555
110	0.782
110	0.669
110	0.777
110	0.812
110	0.616
110	0.705
110	0.732
110	0.850
110	0.776
110	0.737
110	0.613
110	0.526
110	0.739
110	0.891
110	0.802
110	0.510
110	0.668
110	0.953
120	0.902
120	0.664
120	1.000
120	0.983
120	0.917
120	0.738
120	0.739
120	0.471
120	0.573
120	0.750
120	0.992
120	0.918
120	1.000
120	0.578
120	0.673
120	0.760
120	0.993
120	0.689
120	0.614
120	0.991
120	1.000
120	0.606
120	0.976
120	0.964
120	0.550
120	0.742
120	0.990
120	0.727
120	0.613
120	0.917
120	0.865
120	0.760
120	0.483
120	0.849
120	0.889
120	0.456
120	1.000
120	0.969
120	0.645
120	0.992
120	0.477
120	0.812
120	0.750
120	0.384
120	0.456
120	1.000
120	0.839
120	0.983
120	0.646
120	0.971
120	0.906
120	0.993
120	0.778
120	0.539
120	0.834
120	0.808
120	0.590
120	0.779
120	0.450
120	0.855
120	0.428
120	0.683
120	0.737
120	0.626
120	0.903
120	0.667
120	0.822
120	0.795
120	0.877
120	0.824
120	0.385
120	0.679
120	0.843
120	0.983
120	0.622
120	0.531
120	0.792
120	0.605
120	0.784
120	1.000
120	0.986
120	1.000
120	0.895
120	0.846
120	0.865
120	0.749
120	0.742
120	0.791
120	0.670
120	0.619
120	0.748
120	0.759
120	0.885
120	0.850
120	0.778
120	0.836
120	0.742
120	0.805
120	0.712
120	0.600
120	0.794
120	0.832
120	0.833
120	0.978
120	0.386
120	0.728
120	0.579
120	0.740
120	0.819
120	0.426
120	0.985
120	0.567
120	0.428
120	0.585
120	0.958
120	1.000
120	0.751
120	0.983
120	0.808
120	0.796
120	1.000
120	0.645
120	0.765
120	0.700
120	0.362
120	0.746
120	0.569
120	0.781
120	0.731
120	0.972
120	0.424
120	0.716
120	0.980
120	0.746
120	0.739
120	0.389
120	0.752
120	0.746
120	0.991
120	0.890
120	0.936
120	0.890
120	0.521
120	0.809
120	0.833
120	0.985
120	0.880
120	0.867
120	0.901
120	0.709
120	0.556
120	0.348
120	0.767
120	0.980
120	0.695
120	1.000
120	0.764
120	0.734
120	0.850
120	0.794
120	0.681
120	0.782
120	0.984
120	1.000
120	1.000
120	0.993
120	0.772
120	0.509
120	0.794
120	0.535
120	0.302
120	0.994
120	0.887
120	1.000
120	0.749
120	0.817
120	0.644
120	0.993
120	0.976
120	0.605
120	0.886
120	0.745
120	0.911
120	0.485
120	0.680
120	0.824
120	0.752
120	1.000
120	0.996
120	0.797
120	0.490
120	0.721
120	0.991
120	0.767
120	0.590
120	0.838
120	0.913
120	0.548
120	0.788
120	0.686
130	0.797
130	0.858
130	0.458
130	0.990
130	0.992
130	0.963
130	0.856
130	0.919
130	0.944
130	0.797
130	0.594
130	0.987
130	0.786
130	0.792
130	0.430
130	0.887
130	0.867
130	0.574
130	0.518
130	0.594
130	0.811
130	0.444
130	0.800
130	0.878
130	0.995
130	0.991
130	0.994
130	0.916
130	0.644
130	0.787
130	0.985
130	0.730
130	0.797
130	0.759
130	0.971
130	0.701
130	0.714
130	0.712
130	0.830
130	0.814
130	0.818
130	0.356
130	0.489
130	0.765
130	0.858
130	0.478
130	0.666
130	0.833
130	0.572
130	0.577
130	0.826
130	0.956
130	0.692
130	0.475
130	0.607
130	0.420
130	0.930
130	0.793
130	0.556
130	0.788
130	0.665
130	0.801
130	0.993
130	0.866
130	0.913
130	0.683
130	0.654
130	0.538
130	0.782
130	0.796
130	0.734
130	0.706
130	0.763
130	1.000
130	1.000
130	0.783
130	0.866
130	0.631
130	1.000
130	0.823
130	0.977
130	0.939
130	0.504
130	0.814
130	0.616
130	0.810
130	0.534
130	0.959
130	0.796
130	0.923
130	0.689
130	0.484
130	0.606
130	0.467
130	0.989
130	0.718
130	0.879
130	0.861
130	0.618
130	0.860
130	0.974
130	0.670
130	0.777
130	0.640
130	0.989
130	0.596
130	0.761
130	0.636
130	0.634
130	0.867
130	0.560
130	0.990
130	0.851
130	0.735
130	0.647
130	0.366
130	0.836
130	0.386
130	0.883
130	0.947
130	0.626
130	0.706
130	0.793
130	0.934
130	0.881
130	0.953
130	0.598
130	0.853
130	0.758
130	0.630
130	0.902
130	0.886
130	0.906
130	0.940
130	0.507
130	0.912
130	0.863
130	0.507
130	0.723
130	0.955
130	0.506
130	0.679
130	0.926
130	0.670
130	0.823
130	0.584
130	0.814
130	0.738
130	0.992
130	0.761
130	0.934
130	0.789
130	0.929
130	0.348
130	0.430
130	0.985
130	0.456
130	1.000
130	0.817
130	0.608
130	0.821
130	0.892
130	0.533
130	0.982
130	0.985
130	0.761
130	0.879
130	0.844
130	0.780
130	0.861
130	0.724
130	0.631
130	0.446
130	0.458
130	0.786
130	0.895
130	0.892
130	0.516
130	0.993
130	0.516
130	0.597
130	0.904
130	0.722
130	0.991
130	0.753
130	0.547
130	0.736
130	0.704
130	0.913
130	0.790
130	0.707
130	0.865
130	0.774
130	0.783
130	0.630
130	0.952
130	0.684
130	0.719
130	0.704
130	0.828
140	0.938
140	0.871
140	0.762
140	0.498
140	0.798
140	0.694
140	0.984
140	0.842
140	0.963
140	0.846
140	0.946
140	0.783
140	0.697
140	0.472
140	0.684
140	0.494
140	0.907
140	0.755
140	0.632
140	0.990
140	0.669
140	0.825
140	0.969
140	0.509
140	0.645
140	0.901
140	0.716
140	0.832
140	0.732
140	0.788
140	0.759
140	0.647
140	0.728
140	0.994
140	0.871
140	0.705
140	0.776
140	0.941
140	0.976
140	0.981
140	0.774
140	0.955
140	0.947
140	0.750
140	0.980
140	0.636
140	0.827
140	0.615
140	0.742
140	0.901
140	0.835
140	0.992
140	0.882
140	0.806
140	0.752
140	0.781
140	0.307
140	0.850
140	0.989
140	0.625
140	0.920
140	0.921
140	1.000
140	0.665
140	0.776
140	0.590
140	0.831
140	0.702
140	0.769
140	0.745
140	0.871
140	0.543
140	0.993
140	0.991
140	0.652
140	1.000
140	0.857
140	0.524
140	0.781
140	0.595
140	0.906
140	0.765
140	0.991
140	0.883
140	0.604
140	0.750
140	0.536
140	0.981
140	0.718
140	0.747
140	0.691
140	0.983
140	0.707
140	0.590
140	0.794
140	0.951
140	0.802
140	0.579
140	0.810
140	0.719
140	0.834
140	0.621
140	0.887
140	0.814
140	0.771
140	0.581
140	0.588
140	0.843
140	1.000
140	0.760
140	0.756
140	0.995
140	0.792
140	0.897
140	0.911
140	0.995
140	0.619
140	0.544
140	0.494
140	0.707
140	0.731
140	0.788
140	0.639
140	0.931
140	0.919
140	0.707
140	0.830
140	0.649
140	0.778
140	0.809
140	0.975
140	0.608
140	0.712
140	0.631
140	0.846
140	0.823
140	0.991
140	0.686
140	0.836
140	0.860
140	0.862
140	0.731
140	0.528
140	0.979
140	1.000
140	0.786
140	0.820
140	0.800
140	0.869
140	0.757
140	0.862
140	0.792
140	0.975
140	0.781
140	0.731
140	0.793
140	0.877
140	0.831
140	0.800
140	0.912
140	0.999
140	0.864
140	0.991
140	0.935
140	0.992
140	0.733
140	0.734
140	0.759
140	0.812
140	0.728
140	0.891
140	0.986
140	0.637
140	0.813
140	0.994
140	0.915
140	0.992
140	0.736
140	0.989
140	0.868
140	0.822
140	0.754
140	0.791
140	0.511
140	0.709
140	0.703
140	0.753
140	0.990
140	0.733
140	0.635
140	0.753
140	0.767
140	0.820
140	0.785
140	0.981
140	0.947
140	0.838
140	0.501
140	0.983
140	1.000
150	0.733
150	0.758
150	0.822
150	0.668
150	0.805
150	0.890
150	0.800
150	0.622
150	0.510
150	0.957
150	0.556
150	0.947
150	0.662
150	0.936
150	0.959
150	0.714
150	0.743
150	0.715
150	0.911
150	0.796
150	0.917
150	0.638
150	0.829
150	0.597
150	0.697
150	0.897
150	0.769
150	0.733
150	0.816
150	0.709
150	0.869
150	0.666
150	0.874
150	0.711
150	0.707
150	0.870
150	0.924
150	0.906
150	0.771
150	0.685
150	0.682
150	0.939
150	0.815
150	0.831
150	0.660
150	0.887
150	0.716
150	0.993
150	0.990
150	0.906
150	0.827
150	1.000
150	0.858
150	0.754
150	0.606
150	0.814
150	0.991
150	0.949
150	0.898
150	0.390
150	0.731
150	0.605
150	0.864
150	0.825
150	0.677
150	0.492
150	0.597
150	0.956
150	0.383
150	0.843
150	0.824
150	0.987
150	0.559
150	0.743
150	0.955
150	0.522
150	0.795
150	0.986
150	0.681
150	0.993
150	0.786
150	0.898
150	0.898
150	0.986
150	0.694
150	0.623
150	0.933
150	0.639
150	0.866
150	0.750
150	0.955
150	0.964
150	0.751
150	0.800
150	0.681
150	0.884
150	1.000
150	0.420
150	0.568
150	0.911
150	0.787
150	0.751
150	0.837
150	0.982
150	0.614
150	0.823
150	0.736
150	0.950
150	0.660
150	0.994
150	0.712
150	0.822
150	0.943
150	0.607
150	0.788
150	0.776
150	0.859
150	0.813
150	0.815
150	0.839
150	1.000
150	0.750
150	0.469
150	0.843
150	1.000
150	0.827
150	0.784
150	0.991
150	0.983
150	0.458
150	0.870
150	0.523
150	0.488
150	0.595
150	0.859
150	0.841
150	0.691
150	0.689
150	0.993
150	0.798
150	0.775
150	0.986
150	0.733
150	0.979
150	0.813
150	0.995
150	0.704
150	0.718
150	0.973
150	1.000
150	0.784
150	0.813
150	0.873
150	0.725
150	0.983
150	0.700
150	0.884
150	0.484
150	0.719
150	1.000
150	0.597
150	0.694
150	0.515
150	0.993
150	0.994
150	0.728
150	0.904
150	0.993
150	0.593
150	0.993
150	0.976
150	0.706
150	0.621
150	0.994
150	0.682
150	0.977
150	0.949
150	0.596
150	0.901
150	0.700
150	0.927
150	0.910
150	0.810
150	0.759
150	0.969
150	0.677
150	0.534
150	0.731
150	0.881
150	0.889
150	0.965
150	0.726
150	0.760
150	0.919
150	0.613
150	0.914
150	0.810
150	0.887
150	0.974
150	0.669
