10	0.285600
10	2.906400
10	6.552000
10	0.000000
10	6.148800
10	3.007200
10	13.574400
10	0.823200
10	2.520000
10	7.980000
10	4.183200
10	0.000000
10	9.240000
10	1.142400
10	3.561600
10	6.552000
10	9.038400
10	5.644800
10	8.500800
10	9.760800
10	2.083200
10	7.257600
10	7.644000
10	0.487200
10	1.646400
10	0.604800
10	4.838400
10	4.704000
10	3.595200
10	5.208000
10	0.856800
10	2.654400
10	6.820800
10	4.620000
10	7.593600
10	3.376800
10	1.495200
10	9.643200
10	7.442400
10	3.091200
10	10.768800
10	4.603200
10	7.980000
10	6.216000
10	4.670400
10	3.192000
10	6.972000
10	6.384000
10	2.251200
10	6.484800
10	5.275200
10	9.139200
10	3.914400
10	7.257600
10	11.995200
10	2.990400
10	2.486400
10	0.907200
10	1.394400
10	6.652800
10	4.569600
10	4.754400
10	3.477600
10	1.411200
10	3.175200
10	6.921600
10	6.232800
10	1.041600
10	3.645600
10	4.620000
10	3.645600
10	7.089600
10	7.341600
10	13.708800
10	6.266400
10	5.224800
10	4.922400
10	5.124000
10	5.023200
10	4.536000
10	4.216800
10	2.755200
10	0.016800
10	1.612800
10	9.559200
10	1.176000
10	5.292000
10	2.906400
10	4.771200
10	0.000000
10	0.756000
10	7.190400
10	8.584800
10	4.872000
10	10.920000
10	5.762400
10	10.567200
10	12.180000
10	3.780000
10	7.375200
10	0.806400
10	3.998400
10	2.620800
10	6.568800
10	4.569600
10	5.863200
10	9.038400
10	13.776000
10	6.552000
10	0.974400
10	7.123200
10	3.208800
10	10.684800
10	11.508000
10	2.100000
10	9.256800
10	9.156000
10	2.604000
10	4.552800
10	1.125600
10	6.081600
10	2.536800
10	6.501600
10	4.687200
10	2.604000
10	3.309600
10	1.629600
10	5.090400
10	0.487200
10	3.276000
10	4.132800
10	9.038400
10	7.744800
10	5.493600
10	6.669600
10	7.677600
10	7.711200
10	4.687200
10	6.787200
10	3.192000
10	7.089600
10	0.571200
10	7.879200
10	3.712800
10	5.829600
10	1.780800
10	0.000000
10	1.764000
10	3.746400
10	4.368000
10	7.106400
10	5.611200
10	4.956000
10	11.424000
10	2.268000
10	3.242400
10	4.502400
10	4.183200
10	1.512000
10	10.416000
10	0.722400
10	8.232000
10	3.628800
10	7.173600
10	0.302400
10	2.889600
10	6.972000
10	2.956800
10	2.049600
10	0.504000
10	12.314400
10	5.510400
10	3.024000
10	6.619200
10	4.922400
10	7.509600
10	1.461600
10	10.533600
10	2.738400
10	8.282400
10	8.164800
10	3.124800
10	3.528000
10	6.921600
10	2.217600
10	9.324000
10	6.837600
10	10.920000
10	6.316800
10	7.408800
10	2.940000
10	7.274400
10	7.140000
10	1.428000
10	3.544800
10	5.023200
10	2.301600
10	2.704800
10	3.645600
10	10.281600
20	0.487200
20	20.311200
20	13.322400
20	3.746400
20	12.180000
20	0.672000
20	12.045600
20	2.738400
20	6.552000
20	7.190400
20	4.788000
20	18.194400
20	6.266400
20	24.948000
20	14.448000
20	18.093600
20	14.028000
20	17.068800
20	5.258400
20	12.919200
20	17.875200
20	15.960000
20	13.994400
20	14.397600
20	0.722400
20	2.688000
20	15.540000
20	4.452000
20	12.045600
20	11.793600
20	6.451200
20	1.864800
20	19.034400
20	16.363200
20	11.776800
20	15.170400
20	4.435200
20	12.465600
20	9.256800
20	7.795200
20	1.797600
20	17.808000
20	1.696800
20	8.635200
20	22.428000
20	12.700800
20	16.396800
20	10.080000
20	0.151200
20	4.788000
20	0.672000
20	14.179200
20	23.184000
20	14.078400
20	4.384800
20	1.075200
20	22.260000
20	4.620000
20	3.259200
20	2.688000
20	8.971200
20	7.543200
20	12.297600
20	3.964800
20	15.624000
20	10.819200
20	6.804000
20	20.983200
20	7.526400
20	8.299200
20	13.641600
20	6.636000
20	19.336800
20	9.895200
20	9.811200
20	20.361600
20	4.754400
20	12.616800
20	8.467200
20	4.536000
20	20.210400
20	12.028800
20	18.412800
20	10.180800
20	16.917600
20	22.948800
20	18.480000
20	0.000000
20	2.251200
20	0.000000
20	6.148800
20	23.268000
20	10.516800
20	11.676000
20	17.085600
20	0.000000
20	6.216000
20	7.173600
20	15.506400
20	9.744000
20	5.560800
20	14.212800
20	12.633600
20	6.484800
20	0.000000
20	13.305600
20	15.573600
20	5.947200
20	15.019200
20	7.257600
20	6.636000
20	5.695200
20	6.619200
20	9.928800
20	9.777600
20	2.133600
20	13.406400
20	7.492800
20	13.473600
20	15.691200
20	2.436000
20	6.216000
20	13.272000
20	16.060800
20	4.099200
20	0.117600
20	7.324800
20	17.623200
20	5.964000
20	15.825600
20	11.575200
20	12.348000
20	10.164000
20	4.737600
20	23.049600
20	9.223200
20	24.326400
20	14.397600
20	10.869600
20	9.660000
20	8.568000
20	17.808000
20	3.645600
20	11.390400
20	14.296800
20	0.352800
20	7.022400
20	9.844800
20	1.428000
20	12.297600
20	13.053600
20	6.216000
20	1.176000
20	2.620800
20	2.587200
20	7.660800
20	0.000000
20	6.619200
20	11.121600
20	17.488800
20	20.428800
20	11.491200
20	9.139200
20	3.964800
20	12.650400
20	9.895200
20	8.584800
20	25.015200
20	9.172800
20	18.782400
20	17.152800
20	18.009600
20	2.990400
20	15.993600
20	11.709600
20	4.368000
20	7.526400
20	4.032000
20	3.612000
20	14.296800
20	7.274400
20	5.258400
20	13.994400
20	4.972800
20	12.616800
20	29.517600
20	14.532000
20	18.984000
20	16.144800
20	0.285600
20	8.517600
20	11.289600
20	3.914400
20	17.304000
20	8.299200
20	10.332000
20	3.276000
20	1.008000
20	14.448000
20	9.844800
30	4.485600
30	21.016800
30	12.146400
30	21.369600
30	30.021600
30	20.344800
30	10.012800
30	3.746400
30	14.128800
30	6.400800
30	14.196000
30	17.623200
30	24.645600
30	22.360800
30	27.300000
30	10.197600
30	30.374400
30	15.355200
30	15.926400
30	5.460000
30	21.823200
30	22.612800
30	12.616800
30	20.563200
30	14.851200
30	10.264800
30	28.778400
30	12.516000
30	18.446400
30	10.651200
30	18.127200
30	30.004800
30	27.333600
30	10.970400
30	8.400000
30	0.000000
30	22.377600
30	12.465600
30	21.789600
30	2.772000
30	16.195200
30	12.196800
30	6.736800
30	1.596000
30	4.939200
30	24.124800
30	5.493600
30	19.454400
30	16.732800
30	12.751200
30	17.018400
30	16.884000
30	11.373600
30	17.388000
30	3.376800
30	19.437600
30	12.768000
30	19.420800
30	11.491200
30	13.742400
30	8.500800
30	28.156800
30	8.248800
30	0.000000
30	4.804800
30	19.975200
30	15.019200
30	23.268000
30	21.336000
30	6.988800
30	24.561600
30	2.721600
30	18.614400
30	14.330400
30	8.904000
30	16.027200
30	13.406400
30	7.845600
30	5.006400
30	25.905600
30	6.669600
30	19.252800
30	9.794400
30	35.952000
30	23.973600
30	13.070400
30	13.708800
30	31.634400
30	23.570400
30	8.299200
30	17.236800
30	12.700800
30	16.531200
30	19.840800
30	13.406400
30	20.680800
30	1.444800
30	23.654400
30	13.087200
30	8.904000
30	1.646400
30	16.396800
30	24.074400
30	19.672800
30	15.993600
30	14.548800
30	0.453600
30	25.233600
30	19.000800
30	12.835200
30	6.451200
30	5.443200
30	14.884800
30	17.052000
30	22.965600
30	13.456800
30	19.135200
30	12.936000
30	20.227200
30	32.793600
30	14.800800
30	3.796800
30	4.502400
30	18.631200
30	8.517600
30	9.206400
30	23.822400
30	27.619200
30	39.564000
30	19.236000
30	14.800800
30	6.249600
30	39.631200
30	6.837600
30	2.200800
30	28.156800
30	13.759200
30	23.066400
30	24.628800
30	17.690400
30	20.932800
30	18.681600
30	30.189600
30	13.372800
30	4.048800
30	8.047200
30	24.964800
30	24.528000
30	9.996000
30	4.972800
30	16.027200
30	17.690400
30	5.275200
30	26.661600
30	15.321600
30	7.896000
30	25.939200
30	10.735200
30	11.827200
30	12.986400
30	30.072000
30	0.000000
30	30.828000
30	20.630400
30	1.814400
30	2.133600
30	19.118400
30	23.486400
30	10.449600
30	13.255200
30	24.427200
30	25.788000
30	12.112800
30	12.314400
30	6.031200
30	30.559200
30	42.756000
30	27.770400
30	24.612000
30	15.506400
30	9.693600
30	11.020800
30	15.422400
30	0.000000
30	12.902400
30	32.944800
30	12.717600
30	13.725600
30	15.388800
30	13.288800
30	15.556800
30	7.610400
30	26.258400
30	20.664000
30	19.840800
30	20.596800
30	14.414400
30	25.620000
30	20.160000
30	9.710400
40	19.538400
40	28.812000
40	29.450400
40	25.704000
40	11.474400
40	19.488000
40	7.845600
40	17.673600
40	7.543200
40	35.128800
40	47.611200
40	37.010400
40	39.732000
40	27.736800
40	7.526400
40	18.379200
40	18.496800
40	23.016000
40	5.880000
40	24.696000
40	38.942400
40	26.577600
40	16.850400
40	15.388800
40	31.130400
40	18.480000
40	12.314400
40	13.540800
40	3.645600
40	5.628000
40	18.446400
40	25.670400
40	14.061600
40	22.260000
40	27.938400
40	33.213600
40	12.364800
40	37.934400
40	8.568000
40	23.990400
40	16.178400
40	15.909600
40	9.273600
40	17.136000
40	28.896000
40	56.179200
40	16.228800
40	1.209600
40	8.500800
40	20.983200
40	28.274400
40	19.236000
40	24.007200
40	22.461600
40	27.736800
40	21.604800
40	26.695200
40	42.252000
40	37.094400
40	34.036800
40	34.759200
40	27.888000
40	50.786400
40	31.567200
40	25.418400
40	5.476800
40	33.667200
40	8.853600
40	23.620800
40	10.298400
40	1.108800
40	16.951200
40	34.507200
40	24.847200
40	20.193600
40	3.612000
40	10.718400
40	5.308800
40	31.701600
40	9.559200
40	8.299200
40	13.204800
40	18.748800
40	6.804000
40	12.952800
40	17.925600
40	13.339200
40	33.180000
40	15.237600
40	19.454400
40	20.512800
40	18.933600
40	12.616800
40	24.494400
40	4.216800
40	4.334400
40	9.223200
40	15.052800
40	20.193600
40	21.655200
40	39.446400
40	23.654400
40	9.055200
40	27.938400
40	24.897600
40	16.413600
40	34.305600
40	12.482400
40	28.123200
40	0.134400
40	10.836000
40	31.214400
40	21.369600
40	45.376800
40	26.712000
40	2.251200
40	29.652000
40	14.968800
40	18.429600
40	35.229600
40	26.359200
40	45.645600
40	12.398400
40	37.195200
40	19.740000
40	33.532800
40	34.255200
40	11.172000
40	17.337600
40	26.476800
40	20.109600
40	17.757600
40	18.664800
40	49.005600
40	29.769600
40	35.498400
40	12.348000
40	6.266400
40	12.549600
40	23.688000
40	18.412800
40	47.275200
40	30.693600
40	16.346400
40	9.643200
40	13.742400
40	35.784000
40	12.566400
40	3.393600
40	39.244800
40	8.937600
40	25.384800
40	36.976800
40	29.265600
40	10.768800
40	4.468800
40	19.068000
40	19.639200
40	8.752800
40	26.829600
40	12.247200
40	12.499200
40	15.775200
40	19.420800
40	17.606400
40	13.843200
40	9.912000
40	14.061600
40	13.927200
40	0.000000
40	11.088000
40	18.480000
40	6.888000
40	33.465600
40	49.761600
40	3.225600
40	21.470400
40	12.784800
40	49.257600
40	17.169600
40	10.416000
40	24.897600
40	29.517600
40	31.516800
40	28.476000
40	5.594400
40	41.496000
40	31.584000
40	20.865600
40	27.602400
40	19.370400
40	32.877600
40	13.843200
40	25.015200
40	13.036800
40	22.898400
40	30.693600
40	19.824000
40	20.546400
40	13.708800
50	8.484000
50	36.657600
50	8.904000
50	17.388000
50	50.164800
50	25.468800
50	21.100800
50	39.631200
50	39.463200
50	30.357600
50	0.520800
50	51.223200
50	39.631200
50	26.779200
50	3.964800
50	27.014400
50	24.040800
50	32.793600
50	14.397600
50	16.447200
50	28.946400
50	1.092000
50	6.199200
50	24.108000
50	21.151200
50	27.014400
50	20.596800
50	11.037600
50	9.206400
50	3.376800
50	13.708800
50	25.670400
50	38.203200
50	37.648800
50	18.664800
50	32.793600
50	12.684000
50	15.775200
50	0.000000
50	22.293600
50	5.023200
50	12.314400
50	21.739200
50	14.616000
50	2.335200
50	49.257600
50	27.300000
50	9.038400
50	15.943200
50	44.116800
50	54.818400
50	44.620800
50	27.048000
50	48.199200
50	45.460800
50	44.671200
50	22.663200
50	29.349600
50	7.744800
50	21.705600
50	33.482400
50	22.629600
50	33.583200
50	7.627200
50	4.250400
50	38.320800
50	26.258400
50	10.785600
50	4.536000
50	4.704000
50	32.676000
50	23.637600
50	0.369600
50	27.434400
50	19.236000
50	18.732000
50	28.845600
50	13.255200
50	27.552000
50	30.240000
50	24.981600
50	26.661600
50	32.642400
50	19.689600
50	18.782400
50	6.837600
50	38.992800
50	23.704800
50	0.000000
50	35.968800
50	3.124800
50	4.183200
50	18.312000
50	5.846400
50	20.529600
50	37.665600
50	10.147200
50	22.881600
50	39.530400
50	23.167200
50	33.230400
50	22.612800
50	30.122400
50	28.072800
50	4.048800
50	21.957600
50	55.171200
50	6.484800
50	20.227200
50	6.484800
50	30.374400
50	31.701600
50	41.294400
50	30.727200
50	26.611200
50	26.275200
50	44.856000
50	9.794400
50	36.523200
50	22.478400
50	21.252000
50	40.992000
50	39.295200
50	36.573600
50	11.424000
50	52.920000
50	18.715200
50	25.569600
50	4.132800
50	25.166400
50	4.250400
50	9.004800
50	26.443200
50	23.872800
50	0.268800
50	24.628800
50	33.129600
50	13.876800
50	11.356800
50	0.000000
50	13.860000
50	47.712000
50	7.459200
50	44.587200
50	32.558400
50	27.216000
50	16.464000
50	24.108000
50	33.650400
50	49.627200
50	14.212800
50	3.208800
50	29.820000
50	7.291200
50	24.040800
50	24.628800
50	0.000000
50	29.887200
50	27.098400
50	10.197600
50	9.290400
50	31.584000
50	32.155200
50	29.097600
50	12.583200
50	32.978400
50	11.424000
50	33.180000
50	24.124800
50	2.923200
50	14.565600
50	22.965600
50	16.833600
50	16.900800
50	42.705600
50	0.000000
50	35.532000
50	17.119200
50	43.192800
50	46.032000
50	40.840800
50	45.192000
50	22.310400
50	2.604000
50	25.233600
50	38.808000
50	15.136800
50	7.560000
50	45.796800
50	22.730400
50	24.712800
50	32.155200
50	14.112000
50	22.965600
50	32.188800
50	26.208000
50	44.419200
50	5.594400
50	19.152000
50	29.030400
60	18.849600
60	60.144000
60	43.411200
60	27.316800
60	23.032800
60	3.444000
60	40.404000
60	20.143200
60	1.680000
60	38.102400
60	52.113600
60	11.205600
60	60.580800
60	32.575200
60	23.822400
60	14.481600
60	44.133600
60	39.228000
60	24.225600
60	14.397600
60	25.334400
60	31.953600
60	37.884000
60	20.076000
60	30.811200
60	7.274400
60	29.349600
60	7.425600
60	42.016800
60	21.604800
60	36.489600
60	20.781600
60	21.151200
60	36.170400
60	35.532000
60	41.596800
60	28.627200
60	11.524800
60	20.025600
60	27.132000
60	3.864000
60	32.054400
60	58.077600
60	13.288800
60	38.656800
60	33.381600
60	28.980000
60	26.124000
60	43.932000
60	50.164800
60	18.127200
60	17.354400
60	34.591200
60	54.045600
60	5.241600
60	17.169600
60	56.061600
60	30.744000
60	44.385600
60	25.468800
60	16.178400
60	21.319200
60	11.222400
60	7.324800
60	15.741600
60	29.568000
60	28.005600
60	44.284800
60	19.840800
60	25.821600
60	13.255200
60	32.138400
60	41.832000
60	32.575200
60	35.061600
60	41.865600
60	14.112000
60	55.792800
60	56.851200
60	6.619200
60	11.608800
60	30.727200
60	7.912800
60	22.310400
60	49.190400
60	51.038400
60	47.796000
60	26.006400
60	0.000000
60	62.462400
60	57.624000
60	10.046400
60	27.249600
60	55.540800
60	37.900800
60	13.893600
60	30.492000
60	13.876800
60	22.041600
60	40.941600
60	38.371200
60	30.458400
60	36.103200
60	23.284800
60	25.670400
60	18.732000
60	0.604800
60	33.028800
60	27.064800
60	42.302400
60	46.771200
60	27.165600
60	19.370400
60	21.772800
60	40.387200
60	68.913600
60	45.948000
60	47.863200
60	1.696800
60	37.900800
60	19.404000
60	22.293600
60	24.074400
60	41.378400
60	27.552000
60	2.637600
60	11.709600
60	35.061600
60	23.100000
60	43.545600
60	39.412800
60	24.914400
60	0.000000
60	61.488000
60	23.066400
60	25.653600
60	7.560000
60	5.594400
60	58.027200
60	7.694400
60	11.642400
60	32.289600
60	15.859200
60	53.860800
60	30.828000
60	19.454400
60	30.273600
60	44.284800
60	28.879200
60	0.000000
60	15.758400
60	24.561600
60	10.348800
60	49.207200
60	3.360000
60	30.324000
60	26.880000
60	58.716000
60	27.468000
60	12.180000
60	13.792800
60	44.755200
60	63.974400
60	16.111200
60	40.152000
60	5.947200
60	28.324800
60	30.004800
60	8.685600
60	30.088800
60	25.502400
60	25.788000
60	3.981600
60	52.634400
60	28.812000
60	45.225600
60	8.148000
60	24.746400
60	16.380000
60	24.360000
60	25.687200
60	35.296800
60	12.432000
60	51.559200
60	50.316000
60	21.991200
60	41.412000
60	32.508000
60	47.325600
60	31.617600
60	28.879200
60	27.736800
60	35.061600
60	36.304800
60	38.253600
60	23.352000
60	23.200800
60	10.248000
60	33.381600
60	29.887200
70	41.445600
70	21.100800
70	24.427200
70	13.406400
70	15.388800
70	40.051200
70	53.323200
70	37.783200
70	26.829600
70	19.672800
70	31.768800
70	11.692800
70	14.112000
70	10.768800
70	24.410400
70	12.398400
70	63.856800
70	40.068000
70	28.240800
70	20.647200
70	11.272800
70	10.970400
70	26.846400
70	19.504800
70	19.622400
70	2.772000
70	19.924800
70	24.780000
70	17.438400
70	34.238400
70	32.104800
70	28.341600
70	23.385600
70	45.309600
70	38.556000
70	41.059200
70	0.000000
70	45.511200
70	5.174400
70	17.186400
70	23.654400
70	14.851200
70	30.609600
70	2.150400
70	1.024800
70	23.452800
70	78.825600
70	28.862400
70	1.058400
70	12.482400
70	45.628800
70	54.364800
70	14.935200
70	1.344000
70	30.660000
70	22.075200
70	10.281600
70	21.050400
70	62.832000
70	7.929600
70	16.329600
70	40.454400
70	7.627200
70	44.889600
70	12.768000
70	15.187200
70	48.064800
70	26.392800
70	53.256000
70	31.164000
70	21.016800
70	6.199200
70	21.789600
70	25.972800
70	3.746400
70	0.000000
70	8.332800
70	3.091200
70	23.889600
70	12.549600
70	31.567200
70	16.128000
70	36.741600
70	13.809600
70	14.464800
70	31.785600
70	21.520800
70	19.034400
70	15.993600
70	39.110400
70	17.186400
70	26.779200
70	23.772000
70	50.080800
70	33.196800
70	20.949600
70	42.940800
70	8.702400
70	8.551200
70	5.124000
70	13.960800
70	58.984800
70	44.016000
70	23.150400
70	22.394400
70	35.044800
70	21.604800
70	40.185600
70	44.654400
70	7.442400
70	29.702400
70	27.400800
70	33.465600
70	5.863200
70	26.560800
70	44.234400
70	11.004000
70	43.092000
70	0.571200
70	6.417600
70	27.014400
70	12.230400
70	24.040800
70	21.823200
70	61.252800
70	38.119200
70	52.836000
70	36.002400
70	47.913600
70	2.150400
70	6.804000
70	31.046400
70	45.040800
70	35.935200
70	1.075200
70	64.999200
70	28.862400
70	33.129600
70	9.072000
70	47.124000
70	33.952800
70	12.768000
70	23.637600
70	29.971200
70	0.000000
70	10.819200
70	47.241600
70	20.412000
70	52.819200
70	21.386400
70	13.204800
70	32.356800
70	21.302400
70	23.016000
70	24.679200
70	24.964800
70	39.429600
70	45.880800
70	24.276000
70	81.345600
70	12.028800
70	36.758400
70	35.431200
70	14.716800
70	25.317600
70	22.512000
70	25.620000
70	26.762400
70	23.184000
70	26.611200
70	26.376000
70	36.691200
70	10.752000
70	9.223200
70	26.779200
70	7.526400
70	22.814400
70	4.872000
70	47.628000
70	37.514400
70	21.924000
70	53.860800
70	29.467200
70	45.292800
70	36.170400
70	47.258400
70	23.587200
70	29.181600
70	22.612800
70	22.747200
70	24.494400
70	20.260800
70	12.499200
70	12.247200
70	21.050400
70	20.899200
70	0.235200
70	49.207200
70	24.225600
70	27.753600
80	46.149600
80	3.746400
80	14.515200
80	4.804800
80	14.397600
80	57.640800
80	44.217600
80	11.827200
80	34.120800
80	31.516800
80	8.937600
80	4.603200
80	8.685600
80	46.670400
80	49.509600
80	14.028000
80	26.157600
80	16.816800
80	49.711200
80	18.076800
80	1.075200
80	20.412000
80	37.396800
80	30.609600
80	30.945600
80	9.828000
80	20.731200
80	34.608000
80	16.380000
80	66.007200
80	18.614400
80	18.564000
80	3.091200
80	55.406400
80	25.872000
80	35.733600
80	56.834400
80	5.124000
80	27.400800
80	20.277600
80	10.197600
80	46.401600
80	13.742400
80	41.260800
80	28.375200
80	44.906400
80	29.467200
80	9.408000
80	22.881600
80	34.843200
80	31.281600
80	53.793600
80	26.107200
80	35.683200
80	21.050400
80	37.850400
80	25.485600
80	33.079200
80	53.659200
80	34.053600
80	46.216800
80	7.156800
80	25.956000
80	14.212800
80	30.038400
80	46.099200
80	0.000000
80	57.792000
80	19.975200
80	5.745600
80	36.388800
80	14.985600
80	61.269600
80	44.839200
80	15.943200
80	26.090400
80	34.406400
80	27.736800
80	50.937600
80	8.836800
80	8.332800
80	47.997600
80	38.908800
80	14.952000
80	44.066400
80	30.744000
80	35.414400
80	32.877600
80	19.488000
80	53.726400
80	1.075200
80	30.391200
80	22.848000
80	60.631200
80	73.550400
80	25.972800
80	1.041600
80	16.010400
80	6.199200
80	27.048000
80	37.615200
80	23.234400
80	18.278400
80	20.496000
80	21.537600
80	16.430400
80	0.000000
80	34.003200
80	28.929600
80	45.494400
80	15.993600
80	5.090400
80	8.668800
80	19.924800
80	61.656000
80	0.000000
80	6.081600
80	2.453040
80	35.800800
80	2.889600
80	5.560800
80	26.980800
80	1.478400
80	18.345600
80	23.604000
80	24.864000
80	17.976000
80	38.320800
80	0.000000
80	60.295200
80	27.770400
80	25.183200
80	42.403200
80	44.520000
80	19.101600
80	19.051200
80	1.008000
80	43.696800
80	28.963200
80	24.914400
80	43.243200
80	23.234400
80	19.874400
80	25.418400
80	4.317600
80	19.370400
80	23.335200
80	49.912800
80	20.848800
80	48.854400
80	53.793600
80	38.152800
80	15.825600
80	36.540000
80	7.795200
80	24.595200
80	3.007200
80	17.404800
80	62.294400
80	23.755200
80	32.625600
80	25.586400
80	29.332800
80	15.909600
80	30.760800
80	29.870400
80	26.476800
80	15.069600
80	19.924800
80	13.675200
80	20.395200
80	25.922400
80	30.139200
80	24.662400
80	28.056000
80	42.688800
80	26.661600
80	25.317600
80	27.300000
80	4.166400
80	10.735200
80	33.146400
80	30.794400
80	26.342400
80	27.182400
80	1.058400
80	29.652000
80	10.718400
80	1.075200
80	32.793600
80	14.800800
80	11.390400
80	11.659200
80	0.823200
80	30.626400
80	60.009600
80	30.592800
80	6.871200
80	37.010400
80	49.442400
90	14.179200
90	38.455200
90	42.218400
90	10.483200
90	18.849600
90	46.485600
90	43.848000
90	6.552000
90	11.340000
90	55.792800
90	26.258400
90	17.959200
90	17.942400
90	37.044000
90	41.781600
90	6.854400
90	8.064000
90	18.816000
90	17.388000
90	17.505600
90	37.077600
90	45.679200
90	19.521600
90	13.960800
90	56.683200
90	30.794400
90	29.467200
90	29.736000
90	34.154400
90	22.209600
90	14.263200
90	4.149600
90	29.517600
90	41.479200
90	32.810400
90	21.252000
90	44.368800
90	53.894400
90	41.479200
90	5.678400
90	27.451200
90	44.721600
90	46.737600
90	10.785600
90	18.177600
90	3.897600
90	17.908800
90	42.924000
90	44.923200
90	13.826400
90	43.696800
90	19.252800
90	16.044000
90	40.958400
90	16.245600
90	11.995200
90	40.336800
90	25.956000
90	26.325600
90	47.392800
90	12.028800
90	19.773600
90	43.327200
90	34.389600
90	22.831200
90	29.198400
90	13.843200
90	14.128800
90	42.386400
90	2.654400
90	19.320000
90	9.055200
90	25.183200
90	19.236000
90	10.500000
90	17.186400
90	73.130400
90	2.150400
90	37.632000
90	20.479200
90	41.781600
90	38.505600
90	39.463200
90	10.046400
90	33.432000
90	26.174400
90	3.309600
90	8.971200
90	23.335200
90	14.582400
90	9.122400
90	9.374400
90	37.665600
90	5.695200
90	15.976800
90	44.284800
90	16.346400
90	36.876000
90	36.220800
90	25.586400
90	14.750400
90	22.495200
90	33.079200
90	46.838400
90	25.771200
90	41.613600
90	37.111200
90	39.261600
90	14.112000
90	63.336000
90	10.180800
90	40.572000
90	7.123200
90	44.167200
90	14.784000
90	26.292000
90	24.763200
90	3.494400
90	25.569600
90	49.980000
90	4.552800
90	15.019200
90	20.916000
90	1.075200
90	49.476000
90	30.139200
90	3.914400
90	22.495200
90	0.000000
90	18.060000
90	32.793600
90	5.762400
90	41.680800
90	15.792000
90	0.000000
90	10.584000
90	45.746400
90	22.764000
90	42.638400
90	50.736000
90	20.781600
90	0.000000
90	29.215200
90	17.589600
90	23.637600
90	34.339200
90	15.204000
90	27.904800
90	14.397600
90	15.489600
90	45.780000
90	21.873600
90	10.096800
90	38.606400
90	31.365600
90	23.234400
90	34.540800
90	26.107200
90	6.972000
90	37.800000
90	39.345600
90	37.884000
90	29.131200
90	45.544800
90	27.871200
90	68.829600
90	16.161600
90	40.706400
90	30.004800
90	53.827200
90	16.060800
90	31.063200
90	19.286400
90	34.759200
90	29.517600
90	49.358400
90	19.857600
90	17.623200
90	44.839200
90	15.019200
90	36.237600
90	17.253600
90	13.843200
90	46.939200
90	0.000000
90	33.751200
90	24.427200
90	28.644000
90	17.052000
90	23.066400
90	41.008800
90	47.863200
90	25.183200
90	23.536800
90	49.089600
90	27.585600
90	3.813600
90	18.480000
90	15.792000
90	35.448000
100	44.368800
100	13.608000
100	23.301600
100	3.578400
100	15.052800
100	0.000000
100	47.090400
100	48.938400
100	29.080800
100	19.488000
100	6.888000
100	35.868000
100	40.320000
100	22.680000
100	29.517600
100	11.356800
100	36.187200
100	1.780800
100	26.997600
100	59.371200
100	17.992800
100	28.879200
100	18.261600
100	35.028000
100	74.676000
100	20.664000
100	28.526400
100	9.357600
100	47.594400
100	34.977600
100	13.960800
100	8.769600
100	31.533600
100	31.970400
100	22.713600
100	10.567200
100	15.976800
100	32.407200
100	15.624000
100	17.589600
100	22.428000
100	1.125600
100	34.070400
100	37.833600
100	46.720800
100	20.344800
100	19.521600
100	30.424800
100	26.695200
100	26.342400
100	49.240800
100	19.807200
100	31.080000
100	12.952800
100	13.104000
100	30.979200
100	14.616000
100	62.529600
100	23.032800
100	0.991200
100	21.856800
100	16.984800
100	10.164000
100	22.612800
100	59.404800
100	20.428800
100	17.287200
100	36.926400
100	33.398400
100	15.892800
100	13.826400
100	4.922400
100	44.352000
100	5.040000
100	35.716800
100	32.172000
100	27.098400
100	48.669600
100	47.460000
100	51.828000
100	20.580000
100	25.401600
100	21.806400
100	41.042400
100	9.912000
100	75.516000
100	3.477600
100	8.836800
100	22.176000
100	30.256800
100	24.074400
100	44.335200
100	27.871200
100	34.255200
100	30.760800
100	41.748000
100	81.883200
100	57.187200
100	20.126400
100	22.528800
100	43.999200
100	46.132800
100	19.236000
100	19.454400
100	21.268800
100	27.249600
100	21.319200
100	53.407200
100	0.000000
100	34.238400
100	18.278400
100	20.512800
100	16.766400
100	16.128000
100	35.347200
100	39.614400
100	26.208000
100	67.519200
100	19.958400
100	9.542400
100	53.608800
100	16.161600
100	6.636000
100	23.368800
100	36.187200
100	30.576000
100	30.004800
100	40.538400
100	33.465600
100	46.939200
100	1.764000
100	36.624000
100	1.041600
100	2.284800
100	36.909600
100	9.088800
100	21.134400
100	42.890400
100	29.601600
100	18.984000
100	46.099200
100	14.716800
100	29.484000
100	42.336000
100	23.049600
100	23.738400
100	14.280000
100	44.620800
100	58.480800
100	46.099200
100	0.000000
100	65.654400
100	17.992800
100	23.704800
100	0.000000
100	37.161600
100	18.026400
100	26.829600
100	0.000000
100	17.404800
100	23.822400
100	43.629600
100	24.477600
100	22.680000
100	44.503200
100	39.782400
100	38.606400
100	20.832000
100	37.917600
100	48.770400
100	45.847200
100	22.545600
100	67.586400
100	24.746400
100	21.050400
100	22.512000
100	26.510400
100	21.050400
100	18.261600
100	27.720000
100	5.040000
100	14.128800
100	46.519200
100	25.838400
100	39.748800
100	18.614400
100	9.559200
100	6.904800
100	31.987200
100	17.035200
100	30.240000
100	26.208000
100	13.759200
100	7.526400
100	37.111200
100	31.567200
100	44.805600
100	23.805600
100	24.007200
100	20.126400
110	53.625600
110	0.033600
110	0.000000
110	0.000000
110	0.000000
110	17.640000
110	0.000000
110	39.984000
110	15.556800
110	68.292000
110	51.559200
110	23.150400
110	0.000000
110	18.967200
110	0.537600
110	2.923200
110	2.604000
110	51.307200
110	35.464800
110	0.336000
110	0.000000
110	0.000000
110	0.000000
110	16.531200
110	0.823200
110	0.000000
110	0.000000
110	73.819200
110	27.014400
110	42.016800
110	18.849600
110	0.218400
110	0.000000
110	4.485600
110	70.744800
110	0.000000
110	0.000000
110	0.000000
110	0.000000
110	59.253600
110	0.000000
110	36.372000
110	27.266400
110	4.771200
110	6.804000
110	1.075200
110	0.000000
110	47.157600
110	11.743200
110	0.000000
110	0.000000
110	0.000000
110	11.894400
110	16.951200
110	0.000000
110	58.447200
110	46.905600
110	0.000000
110	38.858400
110	44.200800
110	6.652800
110	27.988800
110	0.000000
110	10.617600
110	14.868000
110	0.000000
110	55.272000
110	3.746400
110	0.000000
110	0.000000
110	78.708000
110	0.000000
110	49.039200
110	0.000000
110	0.000000
110	27.619200
110	0.000000
110	0.000000
110	0.000000
110	9.072000
110	63.319200
110	68.056800
110	0.000000
110	54.465600
110	11.944800
110	51.340800
110	3.225600
110	0.000000
110	48.400800
110	0.000000
110	0.000000
110	5.040000
110	4.300800
110	36.355200
110	25.099200
110	17.740800
110	6.669600
110	59.640000
110	21.957600
110	0.000000
110	0.000000
110	0.000000
110	81.849600
110	0.000000
110	1.075200
110	0.000000
110	0.000000
110	0.000000
110	20.076000
110	1.075200
110	33.112800
110	0.000000
110	0.000000
110	14.414400
110	0.000000
110	6.148800
110	37.077600
110	0.000000
110	59.841600
110	74.508000
110	0.000000
110	13.272000
110	23.402400
110	0.000000
110	7.459200
110	35.179200
110	0.000000
110	36.019200
110	49.644000
110	13.339200
110	13.524000
110	37.850400
110	53.944800
110	0.000000
110	0.588000
110	0.000000
110	0.000000
110	43.075200
110	1.075200
110	23.083200
110	0.000000
110	22.881600
110	0.000000
110	20.126400
110	62.042400
110	1.344000
110	43.394400
110	0.000000
110	0.000000
110	0.000000
110	0.000000
110	0.000000
110	0.000000
110	17.304000
110	22.764000
110	29.484000
110	39.295200
110	21.655200
110	20.899200
110	31.567200
110	53.692800
110	43.965600
110	33.415200
110	11.356800
110	0.000000
110	38.035200
110	45.057600
110	39.043200
110	16.766400
110	0.000000
110	39.093600
110	38.035200
110	25.838400
110	4.065600
110	3.276000
110	0.000000
110	0.000000
110	0.000000
110	0.000000
110	0.000000
110	0.000000
110	0.000000
110	8.080800
110	33.381600
110	0.000000
110	0.000000
110	0.000000
110	0.000000
110	53.491200
110	19.790400
110	27.182400
110	0.000000
110	0.000000
110	3.225600
110	0.000000
110	0.000000
110	0.000000
110	0.000000
110	0.000000
110	0.000000
120	1.075200
120	22.108800
120	27.048000
120	18.984000
120	22.125600
120	79.380000
120	10.382400
120	0.000000
120	24.528000
120	0.000000
120	1.075200
120	39.110400
120	12.432000
120	0.000000
120	7.761600
120	1.075200
120	14.616000
120	0.000000
120	12.364800
120	76.120800
120	0.000000
120	0.000000
120	14.229600
120	18.883200
120	1.545600
120	13.456800
120	0.000000
120	0.000000
120	0.000000
120	3.729600
120	30.424800
120	2.234400
120	38.808000
120	33.717600
120	0.000000
120	0.000000
120	45.544800
120	0.000000
120	22.663200
120	21.756000
120	0.000000
120	0.000000
120	0.000000
120	0.000000
120	2.234400
120	37.144800
120	11.088000
120	0.000000
120	0.000000
120	35.212800
120	17.371200
120	0.000000
120	6.081600
120	0.000000
120	52.180800
120	58.363200
120	9.508800
120	21.974400
120	0.000000
120	2.788800
120	5.628000
120	10.180800
120	41.781600
120	20.781600
120	42.403200
120	0.000000
120	97.120800
120	0.000000
120	28.022400
120	0.000000
120	0.000000
120	0.000000
120	53.306400
120	14.481600
120	36.103200
120	0.000000
120	22.932000
120	51.441600
120	0.000000
120	0.000000
120	0.000000
120	20.008800
120	0.000000
120	14.229600
120	24.763200
120	33.045600
120	3.124800
120	12.852000
120	37.648800
120	31.584000
120	13.322400
120	49.728000
120	6.132000
120	0.000000
120	53.709600
120	43.041600
120	31.382400
120	38.320800
120	50.114400
120	0.000000
120	0.000000
120	26.124000
120	54.432000
120	0.000000
120	0.000000
120	0.000000
120	0.000000
120	82.420800
120	13.440000
120	19.068000
120	60.648000
120	16.178400
120	10.382400
120	108.964800
120	23.167200
120	43.377600
120	6.552000
120	0.000000
120	0.000000
120	0.000000
120	46.250400
120	3.729600
120	19.168800
120	0.000000
120	0.000000
120	0.000000
120	3.880800
120	16.699200
120	36.758400
120	52.130400
120	35.028000
120	0.000000
120	0.000000
120	27.249600
120	58.917600
120	0.000000
120	33.868800
120	0.000000
120	60.429600
120	16.128000
120	0.000000
120	28.879200
120	0.000000
120	0.000000
120	48.400800
120	0.000000
120	0.000000
120	41.143200
120	37.430400
120	34.188000
120	1.075200
120	0.000000
120	0.000000
120	1.075200
120	11.760000
120	1.075200
120	0.000000
120	0.000000
120	0.000000
120	50.164800
120	27.686400
120	0.000000
120	34.944000
120	0.000000
120	0.000000
120	1.075200
120	0.000000
120	36.657600
120	0.000000
120	23.318400
120	36.052800
120	33.180000
120	0.000000
120	0.000000
120	0.000000
120	0.000000
120	24.124800
120	28.711200
120	0.000000
120	0.000000
120	41.244000
120	0.000000
120	53.776800
120	19.370400
120	0.000000
120	11.373600
120	10.936800
120	0.000000
120	68.476800
120	9.693600
120	3.108000
120	0.000000
120	0.000000
120	0.000000
120	0.000000
120	65.100000
120	0.000000
120	0.000000
120	0.000000
120	0.000000
130	46.888800
130	11.844000
130	0.000000
130	13.759200
130	0.840000
130	1.075200
130	18.530400
130	75.902400
130	12.180000
130	0.000000
130	31.164000
130	40.538400
130	57.876000
130	29.131200
130	6.367200
130	64.327200
130	4.183200
130	0.000000
130	0.000000
130	52.348800
130	0.000000
130	0.000000
130	0.000000
130	0.000000
130	0.000000
130	0.000000
130	0.000000
130	9.038400
130	0.000000
130	49.896000
130	13.944000
130	16.447200
130	0.000000
130	0.000000
130	73.449600
130	0.000000
130	0.000000
130	78.237600
130	13.104000
130	47.628000
130	0.000000
130	0.000000
130	0.000000
130	0.000000
130	0.000000
130	60.832800
130	34.960800
130	7.644000
130	0.000000
130	7.627200
130	3.712800
130	0.000000
130	36.640800
130	0.000000
130	0.252000
130	1.075200
130	26.880000
130	0.000000
130	44.167200
130	5.678400
130	0.000000
130	33.700800
130	0.000000
130	0.000000
130	20.630400
130	0.000000
130	40.303200
130	21.823200
130	10.365600
130	0.000000
130	28.845600
130	90.636000
130	45.141600
130	47.275200
130	0.302400
130	55.389600
130	51.038400
130	40.672800
130	8.803200
130	33.532800
130	18.664800
130	21.302400
130	26.930400
130	14.414400
130	0.000000
130	29.937600
130	37.010400
130	22.696800
130	15.724800
130	0.000000
130	32.457600
130	0.000000
130	0.000000
130	13.641600
130	50.736000
130	0.000000
130	6.871200
130	0.000000
130	0.000000
130	4.603200
130	21.520800
130	0.000000
130	0.000000
130	68.258400
130	40.454400
130	63.840000
130	54.045600
130	20.445600
130	32.760000
130	47.040000
130	0.000000
130	36.943200
130	0.000000
130	0.000000
130	10.399200
130	0.000000
130	37.245600
130	85.545600
130	36.187200
130	0.000000
130	0.000000
130	10.180800
130	51.156000
130	38.925600
130	49.728000
130	1.478400
130	0.000000
130	13.759200
130	65.788800
130	0.000000
130	5.056800
130	0.000000
130	16.480800
130	1.612800
130	45.292800
130	0.000000
130	35.263200
130	0.084000
130	0.000000
130	1.041600
130	50.517600
130	9.357600
130	15.120000
130	71.954400
130	0.000000
130	1.075200
130	0.000000
130	0.000000
130	0.000000
130	41.899200
130	67.939200
130	0.000000
130	0.000000
130	47.006400
130	6.652800
130	0.000000
130	0.000000
130	43.663200
130	69.636000
130	38.068800
130	0.000000
130	45.948000
130	22.797600
130	20.596800
130	38.740800
130	24.410400
130	42.285600
130	0.016800
130	8.097600
130	9.828000
130	23.839200
130	47.359200
130	0.000000
130	39.916800
130	26.980800
130	0.000000
130	85.512000
130	25.670400
130	49.106400
130	46.653600
130	0.000000
130	0.000000
130	53.793600
130	0.000000
130	53.709600
130	5.846400
130	27.820800
130	1.932000
130	39.412800
130	0.000000
130	0.000000
130	0.000000
130	0.403200
130	4.233600
130	52.802400
130	14.061600
130	43.243200
130	46.972800
130	5.628000
130	31.668000
140	28.963200
140	0.000000
140	1.075200
140	39.664800
140	5.124000
140	0.000000
140	41.076000
140	0.000000
140	0.000000
140	100.480800
140	43.344000
140	41.143200
140	17.976000
140	1.075200
140	0.000000
140	0.000000
140	38.253600
140	9.542400
140	0.000000
140	35.280000
140	23.100000
140	20.798400
140	0.000000
140	16.699200
140	5.510400
140	26.174400
140	56.212800
140	0.000000
140	79.094400
140	19.891200
140	0.000000
140	0.000000
140	0.000000
140	15.724800
140	16.984800
140	0.000000
140	26.443200
140	0.000000
140	13.658400
140	54.112800
140	42.470400
140	20.344800
140	26.846400
140	0.000000
140	0.000000
140	6.837600
140	47.964000
140	40.689600
140	0.000000
140	0.000000
140	0.000000
140	0.000000
140	55.843200
140	0.000000
140	0.000000
140	30.945600
140	6.804000
140	0.000000
140	1.058400
140	38.959200
140	0.000000
140	57.036000
140	97.120800
140	35.397600
140	0.000000
140	53.306400
140	0.000000
140	60.009600
140	29.601600
140	0.000000
140	53.911200
140	0.000000
140	0.000000
140	1.075200
140	9.912000
140	3.175200
140	6.972000
140	0.000000
140	0.000000
140	0.000000
140	34.759200
140	36.422400
140	32.944800
140	70.744800
140	31.466400
140	0.000000
140	0.000000
140	9.441600
140	61.975200
140	0.000000
140	4.015200
140	0.000000
140	51.559200
140	0.000000
140	0.000000
140	0.000000
140	26.796000
140	26.308800
140	0.000000
140	0.000000
140	0.000000
140	0.000000
140	51.643200
140	11.121600
140	51.088800
140	49.728000
140	0.000000
140	0.000000
140	12.196800
140	67.300800
140	0.000000
140	25.116000
140	4.384800
140	38.673600
140	63.772800
140	1.797600
140	0.000000
140	0.000000
140	0.000000
140	14.263200
140	45.964800
140	0.000000
140	1.075200
140	11.659200
140	1.075200
140	21.924000
140	0.000000
140	36.422400
140	15.019200
140	0.000000
140	21.268800
140	42.403200
140	10.214400
140	102.681600
140	0.000000
140	0.000000
140	0.000000
140	0.000000
140	8.299200
140	0.000000
140	43.797600
140	87.040800
140	1.075200
140	48.283200
140	0.000000
140	52.634400
140	44.604000
140	26.476800
140	53.844000
140	1.075200
140	16.800000
140	0.000000
140	0.000000
140	11.625600
140	0.000000
140	0.000000
140	0.000000
140	37.850400
140	20.932800
140	0.000000
140	0.000000
140	0.000000
140	0.000000
140	0.000000
140	37.732800
140	8.148000
140	6.552000
140	8.685600
140	31.987200
140	13.272000
140	0.000000
140	0.000000
140	14.263200
140	16.749600
140	39.429600
140	48.468000
140	0.319200
140	0.000000
140	0.940800
140	17.421600
140	0.151200
140	0.000000
140	8.836800
140	0.000000
140	60.597600
140	19.152000
140	52.920000
140	0.000000
140	0.000000
140	19.622400
140	63.168000
140	40.740000
140	8.248800
140	65.604000
140	29.198400
140	38.606400
140	0.000000
140	0.000000
140	51.004800
140	0.000000
150	0.000000
150	62.311200
150	50.450400
150	4.620000
150	58.245600
150	3.326400
150	15.506400
150	0.000000
150	0.000000
150	0.000000
150	0.000000
150	67.065600
150	2.016000
150	14.313600
150	63.453600
150	78.153600
150	34.557600
150	0.000000
150	0.000000
150	12.633600
150	0.000000
150	33.532800
150	44.100000
150	31.416000
150	34.641600
150	35.632800
150	0.000000
150	3.511200
150	26.695200
150	3.276000
150	0.000000
150	23.268000
150	17.892000
150	0.000000
150	6.938400
150	0.000000
150	37.430400
150	24.477600
150	23.906400
150	44.469600
150	1.041600
150	0.000000
150	0.000000
150	19.857600
150	0.000000
150	48.081600
150	67.216800
150	7.358400
150	0.000000
150	0.000000
150	15.624000
150	40.857600
150	38.186400
150	31.752000
150	20.042400
150	0.000000
150	0.000000
150	30.744000
150	0.000000
150	0.000000
150	54.314400
150	0.000000
150	0.000000
150	6.720000
150	94.096800
150	27.938400
150	87.007200
150	47.527200
150	61.437600
150	0.000000
150	13.708800
150	0.000000
150	27.602400
150	23.100000
150	23.167200
150	89.678400
150	32.508000
150	1.864800
150	0.000000
150	1.058400
150	23.167200
150	28.375200
150	26.779200
150	4.300800
150	25.468800
150	55.020000
150	0.000000
150	49.308000
150	0.000000
150	0.000000
150	77.868000
150	0.000000
150	6.283200
150	17.169600
150	7.660800
150	0.000000
150	0.000000
150	26.342400
150	0.000000
150	0.000000
150	0.000000
150	17.236800
150	4.132800
150	0.940800
150	9.861600
150	4.032000
150	0.000000
150	45.057600
150	0.000000
150	0.000000
150	33.028800
150	11.625600
150	0.000000
150	41.395200
150	30.609600
150	5.342400
150	29.652000
150	5.292000
150	4.485600
150	0.000000
150	0.000000
150	32.356800
150	0.000000
150	0.000000
150	28.039200
150	1.075200
150	32.692800
150	38.724000
150	6.820800
150	42.302400
150	52.785600
150	0.000000
150	11.743200
150	23.520000
150	0.000000
150	28.140000
150	42.924000
150	0.000000
150	0.000000
150	0.000000
150	64.461600
150	67.267200
150	51.105600
150	11.188800
150	48.787200
150	30.996000
150	0.000000
150	0.000000
150	25.838400
150	0.000000
150	12.364800
150	0.000000
150	0.000000
150	15.271200
150	0.000000
150	8.383200
150	28.123200
150	53.726400
150	0.000000
150	0.000000
150	24.729600
150	0.000000
150	28.039200
150	0.000000
150	76.137600
150	4.485600
150	0.000000
150	8.820000
150	40.924800
150	0.000000
150	33.129600
150	0.000000
150	1.360800
150	24.746400
150	0.000000
150	45.040800
150	0.000000
150	9.508800
150	43.797600
150	37.951200
150	8.248800
150	29.786400
150	23.973600
150	0.000000
150	4.267200
150	0.000000
150	38.018400
150	0.000000
150	26.342400
150	0.000000
150	0.000000
150	30.945600
150	40.168800
150	0.000000
150	1.075200
150	13.389600
150	7.492800
150	18.664800
150	0.000000
150	37.480800
