10	6.720000
10	13.557600
10	9.912000
10	3.544800
10	7.408800
10	1.864800
10	9.861600
10	5.258400
10	6.804000
10	7.492800
10	8.080800
10	13.725600
10	7.627200
10	13.255200
10	6.081600
10	6.484800
10	9.744000
10	7.039200
10	11.340000
10	11.810400
10	6.921600
10	9.559200
10	8.685600
10	9.475200
10	10.903200
10	14.078400
10	2.368800
10	7.207200
10	9.844800
10	8.232000
10	7.442400
10	6.602400
10	14.380800
10	6.232800
10	13.356000
10	8.181600
10	10.617600
10	12.885600
10	14.229600
10	10.113600
10	8.080800
10	14.296800
10	0.000000
10	11.659200
10	5.611200
10	6.972000
10	6.384000
10	8.803200
10	13.742400
10	6.770400
10	6.182400
10	7.560000
10	8.702400
10	9.996000
10	1.663200
10	6.686400
10	6.115200
10	8.635200
10	7.324800
10	9.441600
10	10.936800
10	12.314400
10	14.548800
10	7.560000
10	6.081600
10	8.484000
10	7.492800
10	10.180800
10	7.778400
10	8.080800
10	7.358400
10	9.072000
10	0.000000
10	10.231200
10	12.028800
10	9.324000
10	5.426400
10	6.871200
10	16.128000
10	8.551200
10	15.254400
10	3.040800
10	7.610400
10	5.090400
10	10.416000
10	11.978400
10	12.415200
10	7.476000
10	8.786400
10	6.182400
10	2.654400
10	9.928800
10	13.608000
10	8.500800
10	9.744000
10	12.549600
10	10.466400
10	9.307200
10	13.204800
10	12.986400
10	9.105600
10	12.700800
10	6.333600
10	14.616000
10	9.559200
10	2.301600
10	13.658400
10	4.502400
10	8.601600
10	17.808000
10	11.172000
10	10.718400
10	8.148000
10	5.174400
10	5.829600
10	9.660000
10	9.156000
10	7.459200
10	10.903200
10	8.114400
10	12.196800
10	10.365600
10	10.012800
10	5.628000
10	7.963200
10	10.382400
10	7.308000
10	6.770400
10	1.596000
10	8.601600
10	13.557600
10	9.643200
10	9.307200
10	9.811200
10	12.415200
10	8.114400
10	12.264000
10	12.331200
10	10.416000
10	9.374400
10	10.029600
10	5.712000
10	0.789600
10	10.466400
10	0.806400
10	8.685600
10	1.125600
10	9.357600
10	9.962400
10	10.550400
10	8.080800
10	0.401600
10	5.527200
10	8.954400
10	7.257600
10	10.651200
10	9.559200
10	4.267200
10	7.660800
10	9.340800
10	8.366400
10	5.040000
10	6.619200
10	9.559200
10	1.965600
10	0.756000
10	7.257600
10	11.692800
10	6.484800
10	11.608800
10	4.838400
10	10.500000
10	4.704000
10	9.592800
10	9.391200
10	13.843200
10	11.743200
10	6.871200
10	5.359200
10	5.023200
10	9.609600
10	6.568800
10	13.759200
10	12.247200
10	13.456800
10	8.316000
10	7.660800
10	6.535200
10	1.579200
10	7.492800
10	9.172800
10	6.367200
10	7.761600
10	9.307200
10	9.962400
10	3.763200
10	4.317600
10	10.802400
10	9.660000
10	9.727200
20	11.004000
20	26.325600
20	16.044000
20	15.489600
20	27.316800
20	29.853600
20	11.558400
20	13.154400
20	14.498400
20	15.842400
20	16.968000
20	15.523200
20	24.040800
20	22.024800
20	21.504000
20	20.916000
20	6.064800
20	14.683200
20	26.023200
20	9.542400
20	19.958400
20	29.904000
20	23.083200
20	19.387200
20	11.004000
20	24.645600
20	12.079200
20	19.975200
20	7.862400
20	18.765600
20	20.764800
20	20.680800
20	22.058400
20	19.320000
20	20.496000
20	15.036000
20	16.716000
20	16.615200
20	14.128800
20	13.204800
20	8.198400
20	6.316800
20	19.370400
20	23.049600
20	19.656000
20	29.047200
20	12.465600
20	18.597600
20	18.009600
20	20.949600
20	10.701600
20	25.317600
20	15.640800
20	17.656800
20	23.990400
20	0.000000
20	21.789600
20	26.292000
20	5.308800
20	15.422400
20	23.755200
20	22.192800
20	14.448000
20	13.305600
20	12.885600
20	12.415200
20	16.144800
20	10.550400
20	7.761600
20	23.402400
20	15.573600
20	12.045600
20	10.348800
20	26.930400
20	24.276000
20	30.424800
20	20.008800
20	13.893600
20	21.067200
20	10.819200
20	21.100800
20	20.412000
20	10.281600
20	10.533600
20	23.536800
20	16.632000
20	24.175200
20	29.685600
20	12.297600
20	13.087200
20	17.942400
20	36.573600
20	20.143200
20	16.262400
20	18.866400
20	17.539200
20	27.720000
20	3.427200
20	15.456000
20	21.991200
20	23.721600
20	15.136800
20	5.073600
20	0.184800
20	24.343200
20	18.144000
20	24.813600
20	14.364000
20	21.789600
20	21.168000
20	0.000000
20	22.864800
20	24.595200
20	18.412800
20	33.583200
20	11.524800
20	15.775200
20	13.490400
20	26.174400
20	7.862400
20	21.016800
20	24.141600
20	13.120800
20	23.066400
20	16.464000
20	19.135200
20	15.926400
20	15.372000
20	18.564000
20	11.474400
20	15.069600
20	17.253600
20	17.220000
20	14.599200
20	16.682400
20	10.365600
20	28.929600
20	0.000000
20	18.732000
20	20.731200
20	22.932000
20	22.680000
20	20.882400
20	22.764000
20	23.553600
20	16.027200
20	6.837600
20	10.012800
20	22.999200
20	24.326400
20	32.995200
20	12.516000
20	16.312800
20	23.788800
20	15.842400
20	17.959200
20	22.814400
20	15.489600
20	10.113600
20	15.657600
20	24.074400
20	0.000000
20	14.666400
20	26.745600
20	12.885600
20	21.352800
20	19.639200
20	6.132000
20	24.511200
20	22.209600
20	17.035200
20	0.840000
20	21.873600
20	27.098400
20	11.995200
20	27.904800
20	19.908000
20	17.001600
20	23.620800
20	12.717600
20	11.088000
20	10.449600
20	28.089600
20	7.425600
20	10.012800
20	14.397600
20	24.242400
20	20.042400
20	12.566400
20	15.876000
20	15.523200
20	24.124800
20	8.265600
20	0.117600
20	20.983200
20	19.202400
20	7.862400
20	19.605600
20	16.363200
20	5.476800
30	32.340000
30	30.609600
30	31.684800
30	19.168800
30	41.428800
30	28.392000
30	23.200800
30	28.543200
30	28.005600
30	27.703200
30	17.808000
30	15.657600
30	33.852000
30	26.796000
30	22.461600
30	22.680000
30	19.471200
30	21.907200
30	11.037600
30	21.672000
30	40.353600
30	38.270400
30	19.269600
30	31.432800
30	4.720800
30	24.410400
30	33.902400
30	13.708800
30	15.036000
30	27.434400
30	29.534400
30	35.683200
30	34.624800
30	37.548000
30	21.890400
30	3.561600
30	13.960800
30	32.222400
30	0.638400
30	20.731200
30	14.884800
30	18.732000
30	16.984800
30	33.163200
30	32.155200
30	23.385600
30	8.786400
30	13.188000
30	20.613600
30	17.992800
30	27.081600
30	13.692000
30	19.588800
30	19.236000
30	20.260800
30	23.637600
30	20.076000
30	13.540800
30	24.914400
30	31.533600
30	25.468800
30	19.387200
30	4.334400
30	25.754400
30	28.812000
30	12.952800
30	17.623200
30	25.401600
30	6.518400
30	15.876000
30	9.895200
30	10.399200
30	33.028800
30	12.415200
30	40.118400
30	23.570400
30	36.204000
30	26.292000
30	16.850400
30	17.724000
30	11.390400
30	32.004000
30	31.147200
30	20.512800
30	21.084000
30	22.915200
30	0.000000
30	23.150400
30	25.737600
30	10.584000
30	19.941600
30	19.152000
30	33.314400
30	26.107200
30	22.108800
30	34.053600
30	22.444800
30	17.908800
30	19.958400
30	19.992000
30	26.812800
30	29.467200
30	21.571200
30	31.718400
30	18.547200
30	35.968800
30	17.606400
30	14.448000
30	36.657600
30	16.060800
30	24.360000
30	11.037600
30	24.780000
30	11.642400
30	27.098400
30	29.584800
30	32.978400
30	38.068800
30	21.621600
30	15.321600
30	32.928000
30	34.876800
30	17.942400
30	5.880000
30	13.188000
30	25.065600
30	31.920000
30	29.668800
30	21.100800
30	26.880000
30	28.694400
30	14.280000
30	29.467200
30	6.199200
30	26.964000
30	21.252000
30	42.386400
30	3.528000
30	25.418400
30	17.052000
30	40.672800
30	36.506400
30	25.250400
30	7.677600
30	21.201600
30	15.019200
30	23.268000
30	38.035200
30	34.440000
30	34.456800
30	30.727200
30	19.420800
30	30.828000
30	24.544800
30	27.501600
30	30.760800
30	13.020000
30	27.753600
30	28.207200
30	31.617600
30	16.766400
30	13.322400
30	13.893600
30	7.812000
30	34.423200
30	21.974400
30	33.381600
30	10.298400
30	31.617600
30	16.480800
30	9.088800
30	30.256800
30	23.940000
30	27.921600
30	21.688800
30	20.529600
30	32.776800
30	34.137600
30	18.396000
30	21.168000
30	29.467200
30	26.560800
30	13.389600
30	27.182400
30	27.820800
30	17.253600
30	23.956800
30	20.949600
30	16.531200
30	19.958400
30	21.168000
30	17.976000
30	25.855200
30	37.984800
30	12.146400
30	37.380000
30	13.994400
30	21.319200
30	26.342400
30	36.808800
40	23.167200
40	22.545600
40	32.860800
40	15.338400
40	37.060800
40	28.896000
40	20.966400
40	0.386400
40	24.897600
40	29.232000
40	23.553600
40	20.428800
40	39.295200
40	43.764000
40	31.130400
40	33.868800
40	17.354400
40	28.341600
40	22.411200
40	14.767200
40	20.697600
40	53.222400
40	11.491200
40	9.693600
40	15.808800
40	32.894400
40	38.858400
40	47.359200
40	28.795200
40	30.374400
40	22.612800
40	18.816000
40	26.812800
40	28.862400
40	24.696000
40	44.956800
40	24.612000
40	11.776800
40	17.438400
40	20.176800
40	9.172800
40	22.226400
40	20.092800
40	13.994400
40	13.137600
40	17.220000
40	31.264800
40	26.342400
40	33.516000
40	22.814400
40	13.574400
40	19.958400
40	13.456800
40	7.610400
40	17.186400
40	23.503200
40	33.818400
40	18.816000
40	11.407200
40	12.751200
40	34.708800
40	25.821600
40	18.799200
40	3.880800
40	29.030400
40	30.189600
40	40.152000
40	19.504800
40	27.014400
40	14.498400
40	23.721600
40	26.409600
40	30.542400
40	22.444800
40	21.268800
40	15.943200
40	41.848800
40	26.308800
40	14.196000
40	38.925600
40	23.217600
40	24.696000
40	10.416000
40	20.076000
40	33.952800
40	13.994400
40	20.630400
40	37.480800
40	38.337600
40	25.334400
40	29.080800
40	36.271200
40	13.188000
40	0.000000
40	21.252000
40	24.444000
40	39.446400
40	39.866400
40	20.311200
40	17.942400
40	19.504800
40	26.023200
40	22.797600
40	6.232800
40	36.052800
40	23.772000
40	4.502400
40	30.576000
40	17.572800
40	0.000000
40	25.653600
40	37.111200
40	28.610400
40	22.629600
40	38.371200
40	13.020000
40	16.850400
40	16.783200
40	25.418400
40	29.148000
40	36.372000
40	18.597600
40	28.140000
40	26.073600
40	25.099200
40	17.522400
40	27.417600
40	16.228800
40	34.624800
40	35.952000
40	19.756800
40	30.307200
40	30.979200
40	33.264000
40	17.186400
40	22.629600
40	27.098400
40	29.685600
40	33.902400
40	20.227200
40	23.335200
40	15.892800
40	28.459200
40	27.770400
40	30.324000
40	17.035200
40	37.044000
40	25.317600
40	19.051200
40	24.141600
40	23.973600
40	25.552800
40	21.453600
40	34.389600
40	30.508800
40	19.689600
40	26.812800
40	20.748000
40	39.715200
40	35.464800
40	52.248000
40	23.536800
40	38.337600
40	21.067200
40	33.146400
40	29.618400
40	26.644800
40	29.467200
40	42.134400
40	26.124000
40	25.284000
40	27.367200
40	21.856800
40	28.173600
40	9.357600
40	15.439200
40	28.207200
40	15.052800
40	26.208000
40	27.602400
40	34.994400
40	28.240800
40	15.355200
40	29.904000
40	17.774400
40	18.345600
40	35.784000
40	30.592800
40	0.000000
40	29.971200
40	49.509600
40	16.312800
40	10.752000
40	20.966400
40	49.375200
40	21.100800
40	38.388000
40	30.072000
40	33.398400
40	38.724000
50	17.421600
50	26.409600
50	24.141600
50	20.109600
50	40.538400
50	23.570400
50	30.492000
50	22.142400
50	42.991200
50	29.769600
50	21.016800
50	24.645600
50	16.228800
50	19.017600
50	14.515200
50	30.038400
50	35.616000
50	15.472800
50	0.000000
50	37.245600
50	29.719200
50	25.468800
50	27.753600
50	19.118400
50	35.112000
50	19.689600
50	15.086400
50	9.794400
50	14.229600
50	30.458400
50	24.796800
50	39.564000
50	26.124000
50	15.304800
50	26.678400
50	37.060800
50	16.212000
50	29.097600
50	21.705600
50	33.297600
50	13.792800
50	29.836800
50	28.072800
50	23.973600
50	15.775200
50	31.012800
50	33.801600
50	17.354400
50	25.972800
50	22.848000
50	21.655200
50	12.465600
50	10.315200
50	25.922400
50	26.527200
50	19.723200
50	25.485600
50	32.037600
50	12.835200
50	31.382400
50	19.538400
50	18.480000
50	20.613600
50	34.524000
50	50.400000
50	39.513600
50	27.400800
50	27.720000
50	39.043200
50	23.032800
50	25.435200
50	20.647200
50	26.964000
50	48.619200
50	31.634400
50	16.766400
50	10.432800
50	33.163200
50	38.589600
50	49.812000
50	27.434400
50	27.165600
50	11.592000
50	34.977600
50	36.909600
50	26.560800
50	25.603200
50	38.119200
50	30.794400
50	39.412800
50	34.809600
50	40.857600
50	28.190400
50	9.189600
50	9.710400
50	19.857600
50	42.218400
50	19.740000
50	24.292800
50	0.789600
50	11.121600
50	20.966400
50	41.697600
50	10.668000
50	39.412800
50	18.698400
50	34.406400
50	22.176000
50	25.821600
50	18.597600
50	30.844800
50	13.238400
50	25.653600
50	25.216800
50	21.352800
50	15.187200
50	19.336800
50	21.436800
50	21.016800
50	16.564800
50	22.864800
50	21.000000
50	19.387200
50	24.813600
50	28.862400
50	46.704000
50	7.173600
50	37.161600
50	15.825600
50	46.888800
50	23.486400
50	31.668000
50	24.712800
50	16.178400
50	24.578400
50	18.278400
50	26.056800
50	22.327200
50	17.589600
50	32.625600
50	34.440000
50	27.804000
50	18.530400
50	23.570400
50	29.097600
50	25.300800
50	13.305600
50	0.772800
50	21.218400
50	26.863200
50	21.403200
50	29.836800
50	21.117600
50	29.047200
50	27.249600
50	22.780800
50	22.612800
50	16.447200
50	22.848000
50	20.344800
50	41.328000
50	26.560800
50	25.821600
50	24.561600
50	26.409600
50	30.710400
50	9.122400
50	24.024000
50	36.758400
50	16.514400
50	30.340800
50	12.583200
50	22.713600
50	27.468000
50	7.459200
50	21.705600
50	15.909600
50	43.915200
50	21.621600
50	32.995200
50	21.235200
50	35.649600
50	25.922400
50	35.901600
50	26.006400
50	11.356800
50	25.015200
50	30.038400
50	20.496000
50	15.607200
50	26.292000
50	29.299200
50	9.609600
50	29.232000
50	19.320000
50	29.282400
50	36.187200
50	17.186400
50	31.920000
50	20.294400
60	48.736800
60	3.511200
60	48.350400
60	41.815200
60	39.715200
60	9.240000
60	54.650400
60	47.796000
60	32.121600
60	5.275200
60	0.000000
60	28.240800
60	34.288800
60	15.187200
60	26.476800
60	45.007200
60	32.810400
60	11.440800
60	34.020000
60	51.828000
60	50.920800
60	30.928800
60	19.152000
60	16.632000
60	41.361600
60	52.651200
60	27.266400
60	58.296000
60	33.667200
60	18.698400
60	31.768800
60	32.440800
60	7.123200
60	48.585600
60	34.322400
60	11.692800
60	47.275200
60	8.467200
60	36.758400
60	14.347200
60	26.174400
60	31.500000
60	60.496800
60	68.023200
60	30.542400
60	49.257600
60	49.224000
60	18.009600
60	38.152800
60	65.755200
60	36.120000
60	22.696800
60	32.608800
60	37.447200
60	27.333600
60	1.730400
60	12.633600
60	35.145600
60	21.067200
60	48.568800
60	52.600800
60	25.065600
60	37.329600
60	50.769600
60	21.470400
60	29.097600
60	53.104800
60	29.820000
60	53.491200
60	37.380000
60	64.243200
60	27.921600
60	18.883200
60	12.364800
60	46.519200
60	33.129600
60	68.325600
60	33.398400
60	45.427200
60	31.668000
60	12.717600
60	18.580800
60	25.939200
60	33.902400
60	47.023200
60	35.599200
60	15.372000
60	6.501600
60	39.765600
60	57.960000
60	30.340800
60	5.460000
60	32.810400
60	16.464000
60	10.315200
60	21.688800
60	1.680000
60	20.042400
60	19.252800
60	47.443200
60	10.130400
60	13.356000
60	20.176800
60	55.658400
60	50.887200
60	35.347200
60	31.248000
60	47.073600
60	33.180000
60	17.421600
60	40.236000
60	52.080000
60	5.896800
60	29.248800
60	93.576000
60	54.717600
60	21.084000
60	72.878400
60	55.238400
60	29.803200
60	15.573600
60	24.158400
60	44.688000
60	41.260800
60	38.018400
60	53.104800
60	0.000000
60	14.599200
60	38.690400
60	12.280800
60	6.770400
60	55.742400
60	11.491200
60	6.333600
60	41.412000
60	30.693600
60	24.175200
60	18.681600
60	39.026400
60	51.206400
60	27.669600
60	13.507200
60	35.280000
60	1.125600
60	26.258400
60	48.804000
60	14.364000
60	5.544000
60	7.828800
60	46.972800
60	24.595200
60	18.127200
60	24.192000
60	44.284800
60	11.121600
60	6.636000
60	25.905600
60	30.156000
60	34.171200
60	48.652800
60	30.492000
60	0.789600
60	13.490400
60	50.937600
60	63.638400
60	47.577600
60	17.774400
60	38.287200
60	36.456000
60	2.452800
60	27.199200
60	17.640000
60	69.266400
60	33.936000
60	35.868000
60	45.914400
60	53.659200
60	4.149600
60	27.669600
60	37.212000
60	50.148000
60	26.325600
60	27.921600
60	64.881600
60	22.898400
60	43.159200
60	28.056000
60	46.989600
60	32.508000
60	10.214400
60	10.987200
60	19.824000
60	12.129600
60	43.058400
60	32.709600
60	26.426400
60	4.905600
60	16.867200
60	21.252000
60	37.027200
70	6.669600
70	25.334400
70	56.028000
70	44.620800
70	50.299200
70	1.041600
70	22.915200
70	37.077600
70	13.893600
70	66.007200
70	2.604000
70	51.542400
70	16.380000
70	36.187200
70	22.982400
70	31.449600
70	59.388000
70	27.081600
70	6.249600
70	10.802400
70	7.442400
70	11.071200
70	41.647200
70	38.556000
70	18.597600
70	46.284000
70	34.876800
70	19.471200
70	1.075200
70	40.202400
70	0.000000
70	20.059200
70	23.839200
70	28.896000
70	74.071200
70	0.000000
70	55.221600
70	21.050400
70	39.799200
70	23.234400
70	38.186400
70	4.216800
70	50.366400
70	0.151200
70	26.241600
70	33.045600
70	72.004800
70	14.834400
70	35.884800
70	39.177600
70	37.296000
70	4.838400
70	43.898400
70	42.319200
70	22.209600
70	26.275200
70	63.537600
70	28.677600
70	32.844000
70	66.259200
70	18.816000
70	52.735200
70	39.093600
70	89.577600
70	34.759200
70	7.711200
70	14.767200
70	5.258400
70	39.396000
70	57.170400
70	57.808800
70	18.967200
70	33.213600
70	29.164800
70	36.422400
70	31.500000
70	1.764000
70	13.456800
70	54.986400
70	40.975200
70	48.921600
70	43.696800
70	46.032000
70	63.319200
70	58.732800
70	72.912000
70	30.458400
70	14.397600
70	28.123200
70	11.810400
70	46.149600
70	58.598400
70	39.127200
70	7.576800
70	32.928000
70	29.652000
70	12.885600
70	39.009600
70	63.722400
70	32.340000
70	28.761600
70	24.326400
70	19.135200
70	17.354400
70	31.248000
70	50.887200
70	26.493600
70	18.597600
70	15.892800
70	61.420800
70	33.180000
70	29.500800
70	22.797600
70	33.532800
70	54.818400
70	24.158400
70	6.972000
70	28.492800
70	7.711200
70	37.430400
70	32.877600
70	41.630400
70	39.060000
70	21.823200
70	35.716800
70	49.106400
70	30.088800
70	41.748000
70	22.125600
70	66.897600
70	34.843200
70	56.884800
70	28.291200
70	43.495200
70	54.549600
70	33.650400
70	16.396800
70	26.292000
70	16.766400
70	42.285600
70	44.049600
70	40.639200
70	52.080000
70	38.136000
70	35.952000
70	8.013600
70	49.761600
70	42.890400
70	8.215200
70	0.000000
70	69.468000
70	10.651200
70	35.347200
70	8.568000
70	39.681600
70	52.936800
70	10.953600
70	31.516800
70	37.312800
70	23.654400
70	44.620800
70	44.805600
70	11.474400
70	44.016000
70	30.458400
70	67.435200
70	0.000000
70	21.890400
70	18.748800
70	35.901600
70	44.553600
70	67.872000
70	20.496000
70	72.710400
70	39.866400
70	37.060800
70	14.918400
70	31.348800
70	24.511200
70	4.972800
70	31.802400
70	67.300800
70	17.169600
70	38.220000
70	19.588800
70	10.987200
70	30.844800
70	15.304800
70	52.785600
70	15.758400
70	15.086400
70	25.149600
70	69.669600
70	12.717600
70	34.288800
70	57.506400
70	10.852800
70	49.291200
70	44.032800
70	7.224000
80	41.428800
80	2.150400
80	57.624000
80	47.023200
80	56.263200
80	43.680000
80	36.758400
80	29.820000
80	29.937600
80	27.955200
80	24.360000
80	20.798400
80	3.696000
80	40.488000
80	16.430400
80	23.503200
80	0.974400
80	35.128800
80	50.299200
80	37.648800
80	46.989600
80	44.923200
80	7.576800
80	22.646400
80	16.800000
80	23.755200
80	55.725600
80	36.909600
80	38.522400
80	34.322400
80	21.252000
80	31.080000
80	40.168800
80	10.315200
80	33.432000
80	43.713600
80	40.572000
80	30.744000
80	33.516000
80	38.388000
80	21.789600
80	52.197600
80	24.948000
80	11.642400
80	1.075200
80	53.743200
80	49.778400
80	26.695200
80	31.651200
80	40.773600
80	1.008000
80	22.092000
80	12.902400
80	28.896000
80	12.028800
80	36.422400
80	21.974400
80	14.397600
80	5.594400
80	40.269600
80	41.512800
80	15.691200
80	33.801600
80	23.856000
80	33.835200
80	19.824000
80	18.916800
80	49.173600
80	60.144000
80	54.448800
80	23.570400
80	42.688800
80	34.641600
80	45.175200
80	51.811200
80	19.773600
80	1.075200
80	41.227200
80	36.153600
80	49.677600
80	62.596800
80	32.625600
80	27.686400
80	11.373600
80	68.308800
80	21.621600
80	46.384800
80	21.117600
80	40.521600
80	72.559200
80	17.673600
80	50.433600
80	36.775200
80	30.660000
80	30.508800
80	15.506400
80	27.871200
80	84.453600
80	35.800800
80	48.636000
80	22.243200
80	27.585600
80	20.512800
80	0.000000
80	39.379200
80	22.965600
80	16.447200
80	12.717600
80	60.883200
80	5.661600
80	91.442400
80	18.883200
80	54.986400
80	14.968800
80	39.564000
80	50.568000
80	30.475200
80	43.612800
80	3.091200
80	45.830400
80	15.422400
80	62.311200
80	30.357600
80	32.121600
80	27.249600
80	4.300800
80	35.162400
80	31.550400
80	28.442400
80	39.513600
80	29.904000
80	8.433600
80	24.897600
80	17.354400
80	22.579200
80	39.446400
80	5.796000
80	19.504800
80	13.003200
80	51.744000
80	32.995200
80	44.755200
80	13.759200
80	35.683200
80	50.030400
80	46.838400
80	41.361600
80	28.896000
80	2.150400
80	71.148000
80	0.000000
80	54.348000
80	16.531200
80	42.705600
80	25.334400
80	52.584000
80	56.296800
80	35.061600
80	56.347200
80	58.749600
80	16.396800
80	27.115200
80	49.980000
80	48.451200
80	4.300800
80	13.255200
80	24.830400
80	46.468800
80	49.408800
80	4.317600
80	49.056000
80	39.043200
80	51.962400
80	64.612800
80	49.156800
80	16.564800
80	48.199200
80	47.695200
80	28.240800
80	47.779200
80	31.651200
80	19.101600
80	62.697600
80	41.395200
80	10.063200
80	62.815200
80	0.000000
80	30.777600
80	32.877600
80	50.450400
80	44.200800
80	0.000000
80	23.822400
80	42.050400
80	23.049600
80	35.884800
80	25.116000
80	28.425600
80	22.596000
80	48.367200
90	44.872800
90	36.775200
90	33.549600
90	13.372800
90	40.471200
90	24.494400
90	47.745600
90	11.726400
90	28.358400
90	28.963200
90	64.444800
90	44.536800
90	69.232800
90	32.592000
90	34.356000
90	16.329600
90	32.978400
90	53.524800
90	21.823200
90	16.212000
90	58.514400
90	23.940000
90	49.173600
90	19.588800
90	65.167200
90	44.049600
90	55.826400
90	26.527200
90	59.724000
90	34.826400
90	63.655200
90	14.952000
90	39.009600
90	68.426400
90	20.395200
90	22.041600
90	8.769600
90	25.922400
90	40.891200
90	53.776800
90	54.902400
90	32.104800
90	9.962400
90	27.904800
90	53.088000
90	32.121600
90	27.199200
90	44.637600
90	8.064000
90	22.545600
90	39.429600
90	11.894400
90	28.392000
90	31.281600
90	28.509600
90	11.810400
90	30.424800
90	47.241600
90	23.116800
90	36.657600
90	44.839200
90	14.078400
90	45.528000
90	21.201600
90	25.704000
90	40.118400
90	31.432800
90	19.908000
90	62.546400
90	27.132000
90	29.282400
90	28.392000
90	57.170400
90	14.280000
90	19.723200
90	52.332000
90	55.020000
90	34.070400
90	24.427200
90	36.422400
90	23.268000
90	21.873600
90	35.397600
90	28.980000
90	44.906400
90	19.857600
90	27.468000
90	27.266400
90	20.815200
90	39.681600
90	14.952000
90	40.740000
90	30.408000
90	29.752800
90	51.945600
90	11.944800
90	45.007200
90	41.462400
90	61.168800
90	39.160800
90	35.145600
90	6.585600
90	29.383200
90	34.456800
90	58.716000
90	10.970400
90	21.789600
90	6.686400
90	38.488800
90	58.884000
90	28.341600
90	25.972800
90	26.460000
90	34.238400
90	48.703200
90	44.301600
90	49.593600
90	10.147200
90	29.467200
90	22.898400
90	29.836800
90	30.928800
90	27.400800
90	28.392000
90	39.328800
90	22.142400
90	28.845600
90	59.253600
90	2.553600
90	30.592800
90	52.281600
90	37.699200
90	7.963200
90	45.511200
90	39.950400
90	46.048800
90	37.044000
90	30.122400
90	45.192000
90	57.573600
90	46.267200
90	10.970400
90	1.747200
90	43.243200
90	22.696800
90	30.626400
90	32.592000
90	31.869600
90	14.347200
90	29.400000
90	12.432000
90	36.069600
90	77.515200
90	25.939200
90	68.980800
90	2.049600
90	37.077600
90	39.412800
90	46.519200
90	42.151200
90	23.486400
90	28.560000
90	31.164000
90	70.778400
90	26.745600
90	37.245600
90	11.138400
90	25.670400
90	45.612000
90	16.279200
90	31.382400
90	30.340800
90	18.412800
90	43.293600
90	60.026400
90	76.540800
90	47.745600
90	39.345600
90	5.342400
90	4.569600
90	68.762400
90	11.323200
90	9.643200
90	63.907200
90	7.358400
90	11.961600
90	23.872800
90	56.884800
90	35.179200
90	61.824000
90	25.989600
90	9.475200
90	33.616800
90	10.281600
90	20.647200
90	29.719200
90	63.184800
90	13.944000
90	50.551200
90	57.372000
100	25.200000
100	48.115200
100	5.947200
100	4.670400
100	27.484800
100	23.839200
100	14.750400
100	19.790400
100	29.752800
100	34.339200
100	12.549600
100	18.883200
100	28.224000
100	0.000000
100	43.898400
100	3.796800
100	13.910400
100	28.912800
100	58.312800
100	41.428800
100	41.882400
100	30.693600
100	29.752800
100	39.211200
100	62.176800
100	19.454400
100	63.067200
100	29.248800
100	51.340800
100	14.868000
100	8.618400
100	43.092000
100	24.175200
100	39.681600
100	7.089600
100	37.648800
100	13.524000
100	47.728800
100	47.796000
100	38.841600
100	55.389600
100	7.442400
100	33.062400
100	22.260000
100	67.636800
100	28.224000
100	0.000000
100	33.986400
100	21.319200
100	43.092000
100	21.940800
100	31.348800
100	33.532800
100	50.719200
100	55.742400
100	25.972800
100	38.220000
100	35.868000
100	75.448800
100	33.650400
100	18.110400
100	30.408000
100	42.352800
100	28.980000
100	75.398400
100	38.556000
100	58.195200
100	2.133600
100	19.924800
100	28.996800
100	26.527200
100	3.981600
100	72.878400
100	24.612000
100	49.308000
100	23.251200
100	37.682400
100	0.000000
100	28.022400
100	36.775200
100	49.207200
100	31.080000
100	47.812800
100	48.854400
100	40.572000
100	25.687200
100	33.835200
100	2.167200
100	31.987200
100	22.730400
100	87.830400
100	30.139200
100	37.144800
100	27.400800
100	36.472800
100	58.900800
100	35.800800
100	55.171200
100	22.041600
100	39.547200
100	64.058400
100	0.218400
100	36.960000
100	44.570400
100	49.492800
100	53.020800
100	58.632000
100	59.892000
100	36.489600
100	32.827200
100	17.556000
100	27.552000
100	19.353600
100	47.829600
100	20.983200
100	49.593600
100	13.305600
100	33.163200
100	24.175200
100	70.526400
100	63.302400
100	50.383200
100	34.809600
100	18.412800
100	17.841600
100	13.725600
100	50.836800
100	41.328000
100	32.743200
100	32.104800
100	71.484000
100	16.010400
100	43.848000
100	13.574400
100	61.723200
100	42.604800
100	24.796800
100	24.007200
100	23.940000
100	34.792800
100	41.462400
100	51.592800
100	60.328800
100	22.394400
100	26.880000
100	29.198400
100	0.000000
100	0.000000
100	19.488000
100	10.869600
100	27.602400
100	51.105600
100	44.637600
100	66.376800
100	70.560000
100	10.298400
100	49.644000
100	3.292800
100	32.642400
100	31.063200
100	38.052000
100	77.431200
100	39.648000
100	35.380800
100	40.101600
100	13.036800
100	30.072000
100	20.647200
100	15.640800
100	48.770400
100	41.143200
100	45.276000
100	29.584800
100	21.268800
100	16.917600
100	22.478400
100	62.916000
100	0.000000
100	65.200800
100	21.907200
100	34.624800
100	31.836000
100	50.299200
100	36.002400
100	48.720000
100	23.536800
100	40.370400
100	67.905600
100	2.671200
100	34.608000
100	29.114400
100	25.452000
100	17.942400
100	58.111200
100	26.493600
100	21.571200
100	12.969600
100	0.000000
100	31.197600
100	23.217600
110	47.040000
110	51.895200
110	39.396000
110	24.410400
110	56.464800
110	64.982400
110	48.048000
110	31.718400
110	28.392000
110	47.308800
110	42.184800
110	30.273600
110	24.662400
110	37.161600
110	54.633600
110	38.404800
110	8.097600
110	15.657600
110	47.140800
110	33.684000
110	49.173600
110	21.319200
110	44.671200
110	42.520800
110	48.249600
110	39.614400
110	61.622400
110	41.815200
110	78.993600
110	2.856000
110	27.098400
110	3.040800
110	17.169600
110	24.796800
110	29.803200
110	30.458400
110	63.705600
110	36.187200
110	7.660800
110	26.040000
110	12.247200
110	48.283200
110	67.838400
110	56.800800
110	54.868800
110	36.657600
110	50.383200
110	10.399200
110	21.235200
110	29.366400
110	21.033600
110	60.967200
110	24.360000
110	45.981600
110	35.044800
110	46.989600
110	39.530400
110	18.715200
110	4.737600
110	12.667200
110	41.630400
110	30.996000
110	27.686400
110	29.870400
110	28.308000
110	15.926400
110	32.491200
110	41.546400
110	6.804000
110	3.914400
110	55.557600
110	8.131200
110	25.233600
110	44.839200
110	71.736000
110	28.526400
110	35.868000
110	62.748000
110	75.096000
110	19.588800
110	10.550400
110	35.700000
110	23.822400
110	20.361600
110	12.448800
110	43.377600
110	30.172800
110	22.663200
110	20.395200
110	32.272800
110	37.968000
110	35.414400
110	38.774400
110	40.891200
110	21.151200
110	62.395200
110	24.494400
110	56.011200
110	25.687200
110	42.000000
110	32.222400
110	26.107200
110	25.468800
110	11.608800
110	29.030400
110	22.612800
110	71.786400
110	31.903200
110	30.458400
110	27.804000
110	23.788800
110	25.334400
110	35.985600
110	16.934400
110	22.747200
110	43.092000
110	12.432000
110	18.866400
110	1.965600
110	39.513600
110	62.008800
110	25.569600
110	42.470400
110	45.612000
110	60.732000
110	43.159200
110	29.299200
110	31.315200
110	26.880000
110	54.364800
110	45.024000
110	11.995200
110	43.024800
110	27.736800
110	42.201600
110	21.487200
110	51.105600
110	28.694400
110	61.975200
110	42.050400
110	27.098400
110	44.772000
110	25.334400
110	43.579200
110	51.055200
110	36.002400
110	21.520800
110	29.601600
110	12.482400
110	38.371200
110	31.416000
110	45.628800
110	33.230400
110	14.128800
110	43.327200
110	61.286400
110	34.003200
110	6.988800
110	14.700000
110	30.156000
110	44.032800
110	60.446400
110	45.276000
110	26.090400
110	34.725600
110	33.717600
110	33.516000
110	12.482400
110	42.084000
110	21.806400
110	4.704000
110	41.529600
110	26.896800
110	31.096800
110	28.459200
110	46.536000
110	42.403200
110	27.333600
110	48.468000
110	20.277600
110	34.171200
110	9.559200
110	9.676800
110	53.524800
110	19.790400
110	31.080000
110	39.412800
110	63.940800
110	70.644000
110	28.005600
110	15.338400
110	35.750400
110	17.304000
110	29.148000
110	35.481600
110	32.776800
110	50.064000
110	9.189600
110	44.637600
110	12.600000
120	85.260000
120	48.451200
120	32.978400
120	18.396000
120	26.409600
120	18.043200
120	43.008000
120	46.620000
120	29.467200
120	61.252800
120	73.802400
120	23.738400
120	0.000000
120	65.116800
120	53.659200
120	0.000000
120	47.829600
120	20.697600
120	16.749600
120	48.048000
120	0.000000
120	4.384800
120	20.008800
120	0.000000
120	21.991200
120	0.000000
120	29.148000
120	71.282400
120	102.362400
120	5.208000
120	35.817600
120	40.975200
120	6.871200
120	93.559200
120	0.000000
120	58.212000
120	37.968000
120	51.458400
120	50.416800
120	2.049600
120	38.488800
120	21.907200
120	57.439200
120	45.410400
120	18.681600
120	32.373600
120	0.000000
120	20.193600
120	11.877600
120	22.226400
120	44.503200
120	15.573600
120	89.090400
120	0.000000
120	42.168000
120	77.145600
120	17.875200
120	0.000000
120	18.564000
120	17.556000
120	36.036000
120	31.802400
120	16.917600
120	20.798400
120	5.376000
120	34.087200
120	18.043200
120	10.752000
120	34.322400
120	17.841600
120	42.235200
120	13.137600
120	14.616000
120	38.270400
120	8.080800
120	18.026400
120	54.247200
120	67.233600
120	28.828800
120	6.316800
120	50.181600
120	20.529600
120	32.088000
120	34.540800
120	0.974400
120	58.010400
120	43.848000
120	1.075200
120	40.555200
120	24.259200
120	32.222400
120	1.948800
120	39.597600
120	46.384800
120	27.568800
120	36.170400
120	36.607200
120	0.000000
120	4.939200
120	44.116800
120	53.928000
120	11.020800
120	19.420800
120	41.748000
120	51.979200
120	3.410400
120	0.873600
120	57.775200
120	41.210400
120	45.074400
120	40.286400
120	9.727200
120	14.296800
120	29.870400
120	29.937600
120	15.607200
120	12.902400
120	0.000000
120	24.948000
120	27.652800
120	32.491200
120	20.210400
120	68.728800
120	40.588800
120	24.393600
120	45.326400
120	40.303200
120	16.917600
120	43.864800
120	62.647200
120	1.075200
120	44.520000
120	32.760000
120	39.446400
120	35.481600
120	12.398400
120	52.869600
120	27.283200
120	31.113600
120	0.000000
120	54.751200
120	33.532800
120	4.569600
120	0.000000
120	31.819200
120	30.878400
120	7.728000
120	15.422400
120	34.944000
120	22.512000
120	46.956000
120	34.305600
120	9.912000
120	9.693600
120	8.416800
120	0.000000
120	1.075200
120	23.570400
120	0.000000
120	10.802400
120	63.352800
120	15.372000
120	21.067200
120	10.096800
120	17.673600
120	16.212000
120	0.000000
120	1.075200
120	66.696000
120	35.078400
120	38.354400
120	0.000000
120	65.217600
120	30.861600
120	43.058400
120	16.144800
120	8.349600
120	71.954400
120	26.728800
120	17.455200
120	0.000000
120	27.854400
120	74.659200
120	31.012800
120	2.066400
120	26.527200
120	45.124800
120	37.329600
120	9.156000
120	0.000000
120	10.214400
120	31.852800
120	13.288800
120	1.075200
120	78.540000
120	28.744800
120	28.459200
120	40.504800
120	39.009600
120	62.059200
130	22.764000
130	0.000000
130	0.000000
130	7.274400
130	25.704000
130	40.236000
130	0.000000
130	107.956800
130	36.573600
130	16.430400
130	51.072000
130	60.933600
130	52.029600
130	8.668800
130	37.514400
130	6.249600
130	52.886400
130	16.279200
130	18.732000
130	90.518400
130	16.178400
130	14.011200
130	0.000000
130	32.054400
130	44.167200
130	7.644000
130	0.000000
130	48.216000
130	0.000000
130	28.963200
130	15.204000
130	18.648000
130	52.080000
130	11.860800
130	43.495200
130	68.527200
130	52.718400
130	41.479200
130	0.000000
130	10.533600
130	45.628800
130	32.054400
130	42.840000
130	29.988000
130	37.951200
130	15.120000
130	72.122400
130	22.478400
130	1.075200
130	33.146400
130	0.000000
130	7.862400
130	2.520000
130	11.558400
130	1.075200
130	44.268000
130	0.000000
130	28.140000
130	26.829600
130	0.000000
130	37.531200
130	0.000000
130	1.075200
130	0.000000
130	32.138400
130	43.327200
130	1.075200
130	62.059200
130	10.365600
130	32.810400
130	69.972000
130	0.000000
130	26.040000
130	23.116800
130	9.072000
130	126.604800
130	37.968000
130	38.505600
130	7.224000
130	32.944800
130	40.756800
130	32.860800
130	31.584000
130	26.829600
130	34.305600
130	87.192000
130	39.496800
130	50.248800
130	34.356000
130	31.365600
130	0.369600
130	43.041600
130	19.908000
130	39.496800
130	18.967200
130	11.004000
130	43.360800
130	51.374400
130	5.107200
130	19.202400
130	23.049600
130	38.724000
130	49.778400
130	37.632000
130	15.187200
130	0.000000
130	12.969600
130	38.253600
130	40.034400
130	8.971200
130	0.000000
130	68.779200
130	63.352800
130	7.173600
130	47.997600
130	76.809600
130	28.526400
130	14.246400
130	15.573600
130	0.000000
130	40.034400
130	42.033600
130	17.774400
130	3.746400
130	47.544000
130	97.356000
130	47.342400
130	19.656000
130	14.128800
130	5.124000
130	64.293600
130	46.636800
130	19.689600
130	22.495200
130	48.518400
130	5.510400
130	43.663200
130	0.000000
130	0.000000
130	28.224000
130	25.384800
130	27.132000
130	5.359200
130	20.210400
130	38.875200
130	7.156800
130	3.427200
130	42.100800
130	38.892000
130	58.312800
130	30.324000
130	24.746400
130	0.000000
130	0.000000
130	32.340000
130	44.284800
130	17.656800
130	68.661600
130	39.715200
130	28.442400
130	22.814400
130	38.102400
130	24.024000
130	56.632800
130	54.230400
130	4.636800
130	74.877600
130	28.324800
130	33.650400
130	66.074400
130	35.347200
130	15.439200
130	41.479200
130	10.987200
130	24.141600
130	64.293600
130	0.000000
130	31.399200
130	0.000000
130	2.318400
130	45.444000
130	55.238400
130	9.374400
130	61.437600
130	11.289600
130	45.612000
130	45.628800
130	17.875200
130	42.789600
130	0.000000
130	0.000000
130	69.585600
130	57.691200
130	28.240800
130	10.802400
130	11.524800
130	21.050400
130	35.683200
130	54.432000
130	9.038400
140	0.000000
140	28.828800
140	8.652000
140	40.740000
140	22.780800
140	89.006400
140	43.159200
140	34.910400
140	45.460800
140	25.636800
140	7.324800
140	39.866400
140	17.320800
140	26.846400
140	27.048000
140	44.839200
140	17.421600
140	40.639200
140	110.560800
140	0.000000
140	72.592800
140	4.401600
140	24.628800
140	51.878400
140	32.239200
140	13.860000
140	35.229600
140	33.734400
140	78.758400
140	24.444000
140	33.398400
140	1.276800
140	52.365600
140	68.812800
140	0.000000
140	27.300000
140	8.752800
140	44.469600
140	2.973600
140	13.624800
140	24.998400
140	34.003200
140	36.288000
140	14.784000
140	60.547200
140	18.278400
140	11.205600
140	61.202400
140	0.000000
140	25.317600
140	42.386400
140	24.007200
140	0.000000
140	40.975200
140	15.321600
140	0.000000
140	15.892800
140	35.229600
140	1.075200
140	44.604000
140	47.628000
140	31.533600
140	30.811200
140	33.986400
140	57.960000
140	28.828800
140	0.000000
140	50.668800
140	37.732800
140	21.840000
140	14.548800
140	41.647200
140	43.495200
140	31.920000
140	30.240000
140	6.367200
140	36.691200
140	0.000000
140	16.161600
140	20.630400
140	25.905600
140	7.039200
140	39.396000
140	56.498400
140	16.161600
140	43.579200
140	41.378400
140	4.552800
140	0.000000
140	1.075200
140	27.820800
140	98.918400
140	55.994400
140	39.698400
140	27.098400
140	9.710400
140	0.000000
140	30.559200
140	38.808000
140	29.416800
140	31.449600
140	35.212800
140	28.291200
140	0.336000
140	5.275200
140	11.659200
140	4.233600
140	0.000000
140	97.288800
140	6.165600
140	71.551200
140	15.691200
140	0.000000
140	39.547200
140	0.000000
140	43.999200
140	18.110400
140	26.527200
140	30.525600
140	52.332000
140	33.936000
140	5.409600
140	9.391200
140	42.520800
140	35.515200
140	70.526400
140	42.100800
140	0.000000
140	40.303200
140	42.420000
140	34.423200
140	5.594400
140	0.000000
140	43.293600
140	45.393600
140	69.182400
140	3.813600
140	4.099200
140	5.056800
140	50.769600
140	22.764000
140	15.825600
140	20.294400
140	63.604800
140	18.312000
140	8.954400
140	6.182400
140	26.208000
140	75.213600
140	39.177600
140	23.335200
140	11.138400
140	26.443200
140	61.084800
140	7.560000
140	8.332800
140	70.694400
140	27.720000
140	45.796800
140	85.864800
140	30.475200
140	43.680000
140	66.091200
140	35.498400
140	54.835200
140	42.924000
140	48.216000
140	4.099200
140	53.575200
140	53.474400
140	54.045600
140	25.804800
140	59.791200
140	9.777600
140	2.772000
140	27.736800
140	0.000000
140	0.016800
140	37.262400
140	30.979200
140	0.000000
140	0.000000
140	8.114400
140	11.356800
140	72.038400
140	54.180000
140	2.301600
140	0.000000
140	25.720800
140	0.000000
140	43.848000
140	14.011200
140	29.635200
140	0.000000
140	1.075200
140	87.393600
140	41.210400
140	29.164800
140	61.588800
140	47.863200
150	38.354400
150	7.677600
150	5.695200
150	39.984000
150	54.364800
150	22.008000
150	82.404000
150	27.938400
150	69.098400
150	11.121600
150	26.308800
150	34.540800
150	46.956000
150	10.332000
150	18.429600
150	31.752000
150	72.777600
150	21.386400
150	4.519200
150	15.103200
150	38.253600
150	53.692800
150	50.416800
150	40.521600
150	43.915200
150	39.748800
150	27.535200
150	45.948000
150	37.766400
150	34.339200
150	35.952000
150	0.000000
150	0.000000
150	24.108000
150	76.339200
150	84.554400
150	11.676000
150	24.292800
150	32.776800
150	56.044800
150	32.356800
150	21.890400
150	14.296800
150	24.712800
150	23.822400
150	14.246400
150	18.446400
150	62.428800
150	50.416800
150	0.000000
150	1.075200
150	3.964800
150	41.496000
150	63.840000
150	45.410400
150	0.000000
150	22.008000
150	49.140000
150	57.573600
150	16.329600
150	43.663200
150	32.155200
150	31.432800
150	0.000000
150	0.000000
150	51.777600
150	106.159200
150	25.149600
150	61.824000
150	72.290400
150	70.912800
150	44.637600
150	5.208000
150	34.490400
150	23.368800
150	64.125600
150	5.090400
150	30.979200
150	21.823200
150	7.442400
150	41.983200
150	22.881600
150	80.740800
150	6.199200
150	25.099200
150	30.458400
150	47.712000
150	17.253600
150	2.940000
150	0.000000
150	47.124000
150	18.043200
150	42.084000
150	10.768800
150	11.844000
150	21.722400
150	0.000000
150	29.584800
150	73.046400
150	21.537600
150	2.906400
150	19.639200
150	0.000000
150	34.423200
150	13.524000
150	17.304000
150	18.648000
150	62.630400
150	51.172800
150	42.974400
150	68.544000
150	54.801600
150	78.422400
150	20.126400
150	41.496000
150	36.405600
150	60.110400
150	38.203200
150	71.820000
150	0.151200
150	50.937600
150	49.862400
150	14.817600
150	55.708800
150	77.817600
150	44.032800
150	11.944800
150	12.952800
150	6.283200
150	0.000000
150	73.264800
150	1.075200
150	0.000000
150	28.224000
150	32.541600
150	0.000000
150	24.410400
150	0.000000
150	13.221600
150	45.242400
150	26.308800
150	56.767200
150	11.138400
150	15.708000
150	40.891200
150	64.092000
150	45.931200
150	3.376800
150	49.610400
150	46.972800
150	26.896800
150	60.513600
150	28.660800
150	38.035200
150	0.000000
150	25.166400
150	47.325600
150	5.964000
150	14.431200
150	45.595200
150	42.436800
150	0.000000
150	19.958400
150	12.969600
150	84.336000
150	53.810400
150	0.000000
150	0.588000
150	0.000000
150	6.787200
150	44.100000
150	14.229600
150	32.827200
150	5.527200
150	115.248000
150	40.236000
150	45.074400
150	84.470400
150	7.879200
150	45.124800
150	26.359200
150	31.987200
150	45.612000
150	0.000000
150	38.472000
150	0.000000
150	64.041600
150	22.360800
150	37.581600
150	40.555200
150	25.418400
150	65.234400
150	0.000000
150	24.679200
150	68.628000
150	41.176800
150	59.337600
150	47.258400
150	0.000000
150	57.405600
