30	17.724000
30	13.708800
30	24.477600
30	7.291200
30	20.865600
30	20.664000
30	12.314400
30	27.283200
30	43.562400
30	22.360800
30	13.036800
30	22.075200
30	26.191200
30	27.384000
30	28.173600
30	40.051200
30	11.676000
30	25.116000
30	31.063200
30	24.612000
30	27.636000
30	24.393600
30	22.041600
30	38.808000
30	32.407200
30	25.653600
30	13.473600
30	18.681600
30	43.226400
30	15.036000
30	25.670400
30	25.065600
30	14.380800
30	20.428800
30	7.560000
30	25.872000
30	42.151200
30	34.893600
30	22.411200
30	27.871200
30	29.736000
30	13.725600
30	36.019200
30	25.233600
30	18.160800
30	18.933600
30	27.266400
30	19.420800
30	24.544800
30	13.792800
30	10.029600
30	21.621600
30	7.812000
30	24.712800
30	27.232800
30	29.484000
30	27.350400
30	34.574400
30	18.278400
30	24.141600
30	31.029600
30	26.980800
30	21.520800
30	14.666400
30	23.116800
30	23.688000
30	33.784800
30	12.448800
30	23.402400
30	29.954400
30	29.685600
30	30.592800
30	18.026400
30	27.048000
30	22.579200
30	17.724000
30	35.700000
30	15.590400
30	18.748800
30	0.000000
30	34.843200
30	11.827200
30	33.163200
30	7.224000
30	12.398400
30	22.108800
30	18.933600
30	18.429600
30	17.270400
30	27.266400
30	0.000000
30	13.809600
30	23.956800
30	22.495200
30	29.064000
30	14.112000
30	25.771200
30	13.389600
30	11.390400
30	26.493600
30	22.260000
30	3.494400
30	20.546400
30	19.286400
30	22.461600
30	32.104800
30	23.788800
30	25.922400
30	23.066400
30	30.962400
30	19.320000
30	6.787200
30	26.409600
30	20.344800
30	19.320000
30	28.980000
30	31.113600
30	29.232000
30	33.129600
30	8.786400
30	19.336800
30	5.997600
30	8.904000
30	25.015200
30	8.232000
30	24.662400
30	21.016800
30	16.228800
30	44.856000
30	32.004000
30	26.426400
30	31.298400
30	5.409600
30	26.812800
30	19.236000
30	27.703200
30	20.260800
30	23.637600
30	24.864000
30	28.492800
30	22.024800
30	36.724800
30	10.584000
30	22.058400
30	26.577600
30	22.596000
30	35.011200
30	17.102400
30	18.009600
30	1.612800
30	28.828800
30	35.263200
30	21.604800
30	29.920800
30	25.065600
30	17.539200
30	11.239200
30	18.564000
30	20.277600
30	0.000000
30	10.684800
30	15.456000
30	22.276800
30	17.824800
30	25.065600
30	43.293600
30	34.070400
30	27.182400
30	19.454400
30	24.158400
30	38.287200
30	24.309600
30	26.493600
30	25.082400
30	43.730400
30	33.112800
30	5.779200
30	5.779200
30	24.393600
30	17.908800
30	15.892800
30	28.442400
30	30.122400
30	26.896800
30	25.872000
30	32.222400
30	25.636800
30	29.635200
30	21.890400
30	26.544000
30	43.730400
30	12.028800
30	16.044000
30	25.132800
30	24.729600
30	28.728000
30	30.324000
30	21.756000
30	29.736000
30	41.798400
40	33.616800
40	29.702400
40	20.764800
40	29.618400
40	30.021600
40	19.135200
40	12.297600
40	22.932000
40	32.558400
40	39.396000
40	19.437600
40	15.808800
40	19.773600
40	24.780000
40	7.627200
40	27.871200
40	8.786400
40	18.043200
40	27.904800
40	38.119200
40	26.762400
40	27.014400
40	22.663200
40	25.099200
40	29.484000
40	29.400000
40	14.884800
40	45.780000
40	31.836000
40	19.538400
40	29.736000
40	37.010400
40	11.138400
40	10.836000
40	31.651200
40	27.400800
40	30.206400
40	13.944000
40	16.413600
40	30.340800
40	18.900000
40	18.698400
40	5.745600
40	30.777600
40	15.321600
40	31.416000
40	16.699200
40	35.313600
40	32.961600
40	6.535200
40	27.014400
40	39.866400
40	17.656800
40	30.004800
40	21.487200
40	16.060800
40	19.017600
40	0.000000
40	25.972800
40	20.748000
40	31.012800
40	18.547200
40	35.935200
40	41.395200
40	30.424800
40	30.256800
40	18.614400
40	36.170400
40	28.375200
40	21.436800
40	18.160800
40	17.438400
40	0.000000
40	35.414400
40	19.370400
40	40.471200
40	15.523200
40	15.960000
40	17.472000
40	31.248000
40	13.759200
40	14.095200
40	34.372800
40	26.258400
40	31.869600
40	24.477600
40	25.788000
40	32.407200
40	26.712000
40	16.161600
40	37.615200
40	27.888000
40	26.947200
40	18.799200
40	32.776800
40	36.472800
40	40.824000
40	30.324000
40	3.528000
40	29.803200
40	29.114400
40	29.097600
40	27.300000
40	37.380000
40	19.521600
40	33.936000
40	25.082400
40	20.328000
40	24.679200
40	7.509600
40	32.020800
40	17.052000
40	25.065600
40	22.848000
40	18.681600
40	24.897600
40	17.707200
40	40.504800
40	26.628000
40	32.020800
40	19.840800
40	22.125600
40	29.248800
40	24.544800
40	16.951200
40	30.828000
40	27.686400
40	23.604000
40	33.280800
40	9.391200
40	34.171200
40	24.880800
40	3.259200
40	29.954400
40	17.438400
40	27.686400
40	29.920800
40	36.506400
40	27.820800
40	29.467200
40	38.186400
40	28.240800
40	14.296800
40	24.074400
40	24.796800
40	23.688000
40	9.357600
40	28.576800
40	14.128800
40	26.913600
40	27.182400
40	13.977600
40	29.887200
40	20.277600
40	22.495200
40	30.004800
40	35.599200
40	11.373600
40	3.343200
40	23.738400
40	21.705600
40	37.128000
40	28.324800
40	31.617600
40	22.629600
40	31.197600
40	6.955200
40	26.896800
40	17.640000
40	40.504800
40	25.687200
40	44.620800
40	19.723200
40	16.648800
40	23.368800
40	12.583200
40	1.612800
40	18.849600
40	29.400000
40	29.971200
40	22.276800
40	21.957600
40	29.685600
40	32.104800
40	16.060800
40	16.917600
40	24.561600
40	37.380000
40	16.296000
40	13.910400
40	32.037600
40	35.817600
40	36.926400
40	26.342400
40	26.174400
40	19.017600
40	14.280000
40	16.581600
40	20.848800
40	19.706400
50	30.441600
50	22.108800
50	27.703200
50	24.024000
50	16.279200
50	31.718400
50	32.709600
50	18.496800
50	22.562400
50	27.535200
50	14.095200
50	31.365600
50	14.817600
50	29.887200
50	34.708800
50	22.360800
50	24.141600
50	26.342400
50	8.114400
50	18.328800
50	15.909600
50	20.126400
50	9.576000
50	40.353600
50	20.076000
50	45.847200
50	22.629600
50	20.714400
50	16.564800
50	31.836000
50	39.866400
50	25.838400
50	22.999200
50	11.155200
50	21.571200
50	20.932800
50	18.832800
50	25.250400
50	21.016800
50	20.781600
50	22.680000
50	23.419200
50	21.319200
50	11.575200
50	20.731200
50	16.279200
50	31.046400
50	13.490400
50	25.670400
50	25.720800
50	19.992000
50	30.794400
50	22.579200
50	22.260000
50	33.028800
50	27.400800
50	33.919200
50	17.606400
50	41.210400
50	18.127200
50	27.249600
50	11.944800
50	18.396000
50	17.203200
50	33.936000
50	25.300800
50	39.866400
50	21.655200
50	21.033600
50	32.004000
50	14.716800
50	36.069600
50	41.596800
50	29.416800
50	44.772000
50	24.931200
50	26.325600
50	10.617600
50	21.739200
50	39.446400
50	22.495200
50	41.227200
50	23.200800
50	21.050400
50	22.528800
50	24.276000
50	25.569600
50	24.578400
50	48.972000
50	35.767200
50	11.407200
50	17.488800
50	8.248800
50	37.413600
50	1.108800
50	25.317600
50	3.040800
50	29.416800
50	29.920800
50	39.883200
50	23.368800
50	28.022400
50	18.396000
50	3.998400
50	20.546400
50	0.000000
50	18.967200
50	15.103200
50	21.924000
50	16.346400
50	32.844000
50	27.484800
50	30.760800
50	18.345600
50	24.628800
50	21.218400
50	25.989600
50	45.158400
50	14.800800
50	6.686400
50	0.000000
50	24.696000
50	48.636000
50	14.347200
50	12.146400
50	4.468800
50	22.948800
50	42.840000
50	15.624000
50	26.846400
50	33.348000
50	33.213600
50	23.167200
50	28.896000
50	33.801600
50	35.616000
50	44.284800
50	39.799200
50	22.142400
50	38.354400
50	27.148800
50	12.952800
50	16.699200
50	26.728800
50	31.029600
50	4.233600
50	34.524000
50	10.550400
50	13.272000
50	30.122400
50	36.674400
50	15.489600
50	31.399200
50	23.150400
50	29.887200
50	24.595200
50	27.804000
50	25.502400
50	25.267200
50	16.682400
50	6.451200
50	26.829600
50	15.775200
50	20.546400
50	13.339200
50	21.487200
50	21.823200
50	27.249600
50	31.785600
50	28.140000
50	25.435200
50	4.922400
50	29.769600
50	34.944000
50	11.524800
50	33.180000
50	40.051200
50	37.934400
50	22.310400
50	35.196000
50	11.491200
50	0.000000
50	30.559200
50	18.328800
50	17.438400
50	27.837600
50	16.800000
50	28.089600
50	26.140800
50	17.169600
50	20.580000
50	28.896000
50	27.568800
50	18.984000
50	37.178400
50	30.710400
50	39.883200
50	17.606400
50	17.085600
50	25.233600
80	25.200000
80	45.511200
80	13.255200
80	26.460000
80	32.457600
80	7.812000
80	55.708800
80	9.895200
80	28.459200
80	4.116000
80	16.917600
80	69.787200
80	34.507200
80	43.344000
80	33.213600
80	52.869600
80	7.560000
80	21.218400
80	1.579200
80	26.560800
80	21.789600
80	34.960800
80	20.479200
80	27.518400
80	17.707200
80	41.949600
80	24.460800
80	40.572000
80	32.692800
80	36.724800
80	47.040000
80	34.305600
80	21.336000
80	27.720000
80	28.358400
80	39.496800
80	40.135200
80	40.336800
80	38.505600
80	20.815200
80	33.566400
80	24.024000
80	11.827200
80	51.559200
80	49.576800
80	66.074400
80	39.177600
80	23.368800
80	57.892800
80	17.236800
80	45.158400
80	51.307200
80	25.300800
80	57.355200
80	37.766400
80	52.869600
80	3.360000
80	63.974400
80	45.696000
80	3.158400
80	41.916000
80	1.075200
80	6.938400
80	16.044000
80	21.588000
80	27.148800
80	78.338400
80	1.713600
80	9.660000
80	13.574400
80	18.866400
80	10.449600
80	6.837600
80	27.652800
80	6.736800
80	12.667200
80	34.305600
80	49.980000
80	9.189600
80	9.592800
80	48.804000
80	4.888800
80	22.192800
80	25.032000
80	0.000000
80	28.543200
80	5.628000
80	14.179200
80	54.868800
80	58.161600
80	66.696000
80	31.248000
80	51.576000
80	36.086400
80	18.127200
80	41.680800
80	68.947200
80	27.938400
80	40.101600
80	24.124800
80	68.796000
80	48.115200
80	11.424000
80	57.456000
80	41.210400
80	24.410400
80	42.890400
80	50.097600
80	3.242400
80	69.115200
80	35.044800
80	39.732000
80	46.989600
80	38.858400
80	30.156000
80	9.324000
80	2.251200
80	37.346400
80	48.266400
80	47.275200
80	46.250400
80	30.744000
80	50.836800
80	16.262400
80	43.310400
80	0.000000
80	50.433600
80	15.523200
80	26.174400
80	31.819200
80	34.742400
80	29.517600
80	53.020800
80	0.000000
80	6.955200
80	28.728000
80	71.853600
80	35.229600
80	10.600800
80	25.401600
80	53.088000
80	42.672000
80	43.713600
80	21.537600
80	68.073600
80	3.813600
80	12.314400
80	31.852800
80	39.345600
80	40.236000
80	48.753600
80	43.663200
80	28.291200
80	39.009600
80	36.439200
80	23.419200
80	36.002400
80	28.728000
80	32.440800
80	53.760000
80	16.833600
80	29.584800
80	29.668800
80	48.148800
80	29.097600
80	23.990400
80	30.357600
80	48.434400
80	18.379200
80	41.361600
80	2.150400
80	25.502400
80	29.248800
80	52.567200
80	23.637600
80	24.477600
80	28.627200
80	65.436000
80	24.746400
80	31.197600
80	38.522400
80	6.837600
80	63.336000
80	48.636000
80	30.525600
80	33.146400
80	23.133600
80	49.140000
80	9.710400
80	42.235200
80	39.698400
80	36.388800
80	18.530400
80	35.868000
80	74.944800
80	14.313600
80	36.237600
80	20.160000
80	41.563200
80	9.189600
110	43.327200
110	34.238400
110	24.326400
110	32.289600
110	70.929600
110	38.421600
110	26.661600
110	43.680000
110	24.897600
110	60.849600
110	29.803200
110	59.539200
110	40.824000
110	38.001600
110	23.856000
110	46.972800
110	21.655200
110	25.048800
110	18.816000
110	32.004000
110	41.395200
110	28.660800
110	18.463200
110	24.746400
110	10.063200
110	35.296800
110	30.828000
110	27.988800
110	16.884000
110	62.512800
110	34.507200
110	71.232000
110	58.161600
110	37.598400
110	34.944000
110	9.643200
110	23.520000
110	52.164000
110	69.350400
110	20.630400
110	66.763200
110	15.321600
110	32.659200
110	20.848800
110	32.625600
110	9.374400
110	40.790400
110	35.481600
110	3.813600
110	79.329600
110	47.040000
110	27.434400
110	44.385600
110	37.800000
110	45.544800
110	33.516000
110	41.832000
110	8.887200
110	54.818400
110	58.665600
110	43.428000
110	32.944800
110	6.921600
110	28.526400
110	3.343200
110	31.315200
110	20.832000
110	24.628800
110	49.862400
110	74.121600
110	7.879200
110	31.029600
110	7.761600
110	24.477600
110	22.461600
110	33.213600
110	48.232800
110	33.633600
110	35.935200
110	41.193600
110	77.263200
110	40.521600
110	21.638400
110	44.200800
110	37.497600
110	39.177600
110	34.120800
110	32.894400
110	67.737600
110	18.144000
110	34.053600
110	34.507200
110	53.827200
110	42.369600
110	54.280800
110	30.256800
110	58.581600
110	36.691200
110	39.496800
110	18.412800
110	13.154400
110	61.588800
110	1.075200
110	43.596000
110	28.996800
110	45.192000
110	14.263200
110	35.078400
110	17.220000
110	34.423200
110	14.464800
110	20.328000
110	32.642400
110	63.168000
110	65.570400
110	64.881600
110	4.569600
110	34.809600
110	29.013600
110	22.528800
110	8.164800
110	7.593600
110	44.604000
110	22.848000
110	28.324800
110	33.062400
110	38.320800
110	4.804800
110	9.508800
110	79.430400
110	35.868000
110	12.734400
110	29.635200
110	24.696000
110	38.690400
110	35.212800
110	8.366400
110	16.380000
110	11.004000
110	21.168000
110	26.493600
110	50.652000
110	25.855200
110	5.611200
110	51.038400
110	42.907200
110	20.143200
110	8.047200
110	53.760000
110	69.938400
110	23.083200
110	1.663200
110	72.189600
110	15.825600
110	2.150400
110	25.855200
110	53.004000
110	39.345600
110	64.730400
110	36.187200
110	16.329600
110	75.280800
110	41.748000
110	36.943200
110	25.166400
110	22.226400
110	58.833600
110	56.061600
110	42.722400
110	20.260800
110	61.857600
110	33.432000
110	13.188000
110	24.763200
110	40.588800
110	42.487200
110	37.464000
110	34.927200
110	51.844800
110	9.492000
110	45.040800
110	27.451200
110	39.060000
110	25.788000
110	33.465600
110	42.319200
110	27.300000
110	33.600000
110	77.548800
110	1.008000
110	57.540000
110	26.577600
110	27.132000
110	23.318400
110	17.438400
110	50.265600
110	27.384000
110	3.108000
110	19.790400
110	31.668000
120	8.836800
120	41.025600
120	66.108000
120	45.830400
120	87.780000
120	25.972800
120	16.951200
120	63.638400
120	33.818400
120	0.000000
120	27.350400
120	92.248800
120	11.289600
120	87.192000
120	61.874400
120	0.000000
120	49.039200
120	54.112800
120	46.704000
120	8.702400
120	52.886400
120	44.553600
120	27.316800
120	23.469600
120	46.653600
120	6.972000
120	0.000000
120	108.427200
120	56.632800
120	63.571200
120	67.116000
120	0.000000
120	40.488000
120	38.505600
120	2.973600
120	29.181600
120	27.988800
120	13.540800
120	15.153600
120	73.651200
120	45.628800
120	21.571200
120	63.168000
120	30.038400
120	53.508000
120	6.770400
120	27.266400
120	24.360000
120	35.380800
120	8.601600
120	41.160000
120	6.804000
120	40.723200
120	16.766400
120	20.294400
120	39.950400
120	71.836800
120	31.533600
120	28.744800
120	32.088000
120	47.745600
120	49.795200
120	7.980000
120	4.485600
120	40.068000
120	34.557600
120	15.019200
120	34.977600
120	42.756000
120	1.293600
120	59.169600
120	73.584000
120	12.852000
120	56.733600
120	6.182400
120	49.996800
120	55.641600
120	10.634400
120	0.000000
120	0.000000
120	1.814400
120	30.861600
120	0.000000
120	32.642400
120	63.907200
120	42.151200
120	19.790400
120	43.545600
120	10.584000
120	32.390400
120	0.000000
120	31.785600
120	16.867200
120	33.969600
120	59.892000
120	88.132800
120	32.188800
120	81.950400
120	27.535200
120	28.056000
120	37.968000
120	35.834400
120	0.000000
120	26.829600
120	64.394400
120	32.289600
120	60.849600
120	79.749600
120	0.000000
120	9.492000
120	35.431200
120	48.820800
120	23.822400
120	10.533600
120	1.075200
120	13.792800
120	38.690400
120	36.909600
120	36.170400
120	54.348000
120	0.000000
120	72.391200
120	25.536000
120	25.905600
120	56.616000
120	62.395200
120	15.153600
120	20.647200
120	36.472800
120	0.000000
120	10.802400
120	37.598400
120	49.408800
120	115.735200
120	0.000000
120	52.432800
120	13.272000
120	74.054400
120	58.934400
120	98.028000
120	53.709600
120	6.098400
120	91.896000
120	44.032800
120	49.845600
120	15.607200
120	19.790400
120	77.700000
120	38.757600
120	5.930400
120	65.856000
120	49.677600
120	10.953600
120	30.172800
120	25.771200
120	24.460800
120	0.000000
120	32.659200
120	46.771200
120	45.931200
120	15.002400
120	86.637600
120	11.676000
120	61.605600
120	12.952800
120	54.045600
120	45.124800
120	33.532800
120	43.881600
120	27.686400
120	44.671200
120	28.476000
120	42.705600
120	103.824000
120	0.000000
120	56.632800
120	54.986400
120	10.130400
120	21.823200
120	27.165600
120	6.602400
120	16.884000
120	71.601600
120	52.483200
120	1.075200
120	0.000000
120	40.622400
120	0.000000
120	33.163200
120	41.664000
120	1.075200
120	81.429600
120	47.174400
120	0.000000
120	20.580000
120	20.764800
120	81.984000
120	0.000000
120	51.004800
120	35.683200
