10	3.175200
10	0.000000
10	8.433600
10	0.084000
10	7.543200
10	0.000000
10	3.393600
10	0.000000
10	5.258400
10	0.184800
10	2.805600
10	2.671200
10	1.293600
10	0.000000
10	7.173600
10	0.000000
10	2.637600
10	0.000000
10	4.586400
10	0.000000
10	0.000000
10	4.300800
10	2.822400
10	0.067200
10	0.000000
10	4.116000
10	2.234400
10	3.662400
10	0.000000
10	0.000000
10	0.000000
10	0.000000
10	1.377600
10	0.000000
10	6.736800
10	0.487200
10	0.000000
10	1.142400
10	0.000000
10	3.494400
10	6.384000
10	4.821600
10	6.081600
10	1.848000
10	2.385600
10	6.048000
10	0.000000
10	0.000000
10	0.000000
10	0.050400
10	0.000000
10	0.000000
10	0.352800
10	1.545600
10	0.000000
10	6.148800
10	0.000000
10	5.443200
10	0.907200
10	2.688000
10	0.000000
10	1.646400
10	0.000000
10	3.914400
10	2.553600
10	1.360800
10	0.000000
10	0.000000
10	0.504000
10	0.000000
10	9.055200
10	7.207200
10	2.284800
10	0.000000
10	0.000000
10	2.520000
10	1.327200
10	0.000000
10	0.151200
10	0.201600
10	0.000000
10	0.000000
10	2.587200
10	4.972800
10	1.461600
10	0.655200
10	0.000000
10	0.000000
10	1.999200
10	0.000000
10	0.000000
10	12.936000
10	0.000000
10	0.000000
10	0.000000
10	0.235200
10	2.637600
10	7.257600
10	0.000000
10	0.000000
10	0.000000
10	0.000000
10	3.511200
10	0.621600
10	0.756000
10	0.957600
10	0.000000
10	2.620800
10	4.788000
10	5.073600
10	2.587200
10	3.511200
10	0.000000
10	0.000000
10	0.571200
10	2.200800
10	0.000000
10	3.931200
10	0.000000
10	0.000000
10	1.629600
10	3.175200
10	0.000000
10	1.831200
10	4.620000
10	3.057600
10	3.830400
10	2.788800
10	0.319200
10	0.000000
10	0.000000
10	0.403200
10	5.695200
10	2.200800
10	1.495200
10	3.208800
10	5.678400
10	0.067200
10	1.327200
10	0.000000
10	0.000000
10	0.436800
10	0.000000
10	1.041600
10	3.444000
10	0.000000
10	4.838400
10	0.000000
10	3.007200
10	2.335200
10	4.368000
10	5.275200
10	0.000000
10	0.638400
10	2.822400
10	1.579200
10	0.000000
10	0.436800
10	0.218400
10	7.980000
10	6.132000
10	0.604800
10	6.854400
10	0.000000
10	2.688000
10	1.142400
10	11.491200
10	1.428000
10	0.000000
10	0.084000
10	1.444800
10	0.000000
10	3.914400
10	2.335200
10	0.000000
10	0.000000
10	2.100000
10	2.083200
10	6.048000
10	4.368000
10	0.571200
10	0.000000
10	3.494400
10	2.503200
10	0.000000
10	2.116800
10	4.384800
10	0.856800
10	2.402400
10	2.755200
10	0.000000
10	0.252000
10	0.000000
10	1.982400
10	0.772800
10	0.050400
10	0.000000
10	0.000000
10	5.829600
10	0.000000
20	0.000000
20	0.000000
20	0.000000
20	18.631200
20	0.000000
20	0.000000
20	9.256800
20	0.000000
20	7.543200
20	0.000000
20	3.780000
20	3.158400
20	0.000000
20	7.660800
20	9.021600
20	0.000000
20	0.000000
20	0.000000
20	12.751200
20	0.000000
20	8.299200
20	0.000000
20	8.114400
20	0.000000
20	9.088800
20	0.000000
20	4.166400
20	4.771200
20	11.709600
20	6.988800
20	4.956000
20	2.284800
20	0.302400
20	7.862400
20	0.000000
20	0.000000
20	4.872000
20	14.296800
20	1.932000
20	6.535200
20	1.041600
20	0.000000
20	0.571200
20	0.000000
20	6.535200
20	3.780000
20	16.178400
20	0.537600
20	6.300000
20	15.254400
20	3.679200
20	11.995200
20	0.000000
20	1.680000
20	3.528000
20	9.139200
20	0.016800
20	2.755200
20	2.671200
20	0.000000
20	0.000000
20	3.376800
20	5.392800
20	2.486400
20	0.000000
20	11.860800
20	1.780800
20	1.478400
20	8.836800
20	3.561600
20	7.946400
20	2.419200
20	5.846400
20	5.728800
20	0.369600
20	0.000000
20	18.312000
20	21.386400
20	12.734400
20	10.987200
20	3.679200
20	0.739200
20	4.048800
20	8.702400
20	0.000000
20	1.075200
20	13.960800
20	4.754400
20	3.057600
20	6.854400
20	0.000000
20	6.669600
20	15.540000
20	8.265600
20	0.000000
20	0.000000
20	0.000000
20	5.208000
20	0.000000
20	2.570400
20	5.107200
20	6.703200
20	11.272800
20	6.938400
20	14.498400
20	0.117600
20	0.000000
20	0.000000
20	2.083200
20	7.644000
20	5.174400
20	0.000000
20	5.544000
20	10.432800
20	0.336000
20	1.276800
20	0.756000
20	0.000000
20	11.844000
20	7.140000
20	0.000000
20	2.772000
20	5.258400
20	0.000000
20	0.117600
20	0.000000
20	4.552800
20	9.945600
20	4.922400
20	4.737600
20	0.000000
20	4.200000
20	2.184000
20	4.603200
20	0.000000
20	10.735200
20	3.864000
20	0.000000
20	6.350400
20	10.903200
20	4.905600
20	4.620000
20	1.159200
20	0.000000
20	0.000000
20	5.376000
20	6.720000
20	9.240000
20	0.000000
20	0.000000
20	8.349600
20	0.000000
20	4.267200
20	3.309600
20	2.469600
20	0.000000
20	9.508800
20	6.232800
20	7.593600
20	4.048800
20	17.908800
20	3.763200
20	0.000000
20	1.092000
20	8.097600
20	2.856000
20	0.000000
20	8.618400
20	4.250400
20	0.000000
20	12.768000
20	1.696800
20	12.415200
20	3.544800
20	0.000000
20	12.952800
20	9.256800
20	0.000000
20	19.101600
20	1.108800
20	7.896000
20	9.189600
20	0.000000
20	2.671200
20	3.326400
20	16.514400
20	0.218400
20	6.552000
20	2.469600
20	0.000000
20	10.096800
20	2.083200
20	0.000000
20	10.029600
20	1.696800
20	1.562400
20	0.000000
20	15.187200
20	6.518400
20	4.250400
30	3.309600
30	3.931200
30	0.000000
30	8.769600
30	7.660800
30	11.440800
30	15.909600
30	0.000000
30	14.128800
30	0.000000
30	1.159200
30	0.000000
30	0.000000
30	18.480000
30	6.820800
30	4.704000
30	8.668800
30	1.461600
30	7.795200
30	11.323200
30	22.848000
30	12.516000
30	24.376800
30	4.368000
30	3.024000
30	2.956800
30	2.990400
30	0.000000
30	12.163200
30	16.497600
30	42.554400
30	6.081600
30	11.088000
30	2.637600
30	11.356800
30	8.248800
30	19.286400
30	0.000000
30	6.316800
30	12.247200
30	3.595200
30	1.562400
30	6.048000
30	16.665600
30	0.000000
30	0.000000
30	18.261600
30	7.089600
30	14.616000
30	12.448800
30	0.000000
30	7.778400
30	1.478400
30	1.293600
30	0.000000
30	6.669600
30	20.815200
30	13.742400
30	0.470400
30	0.000000
30	0.000000
30	28.980000
30	0.638400
30	8.937600
30	9.458400
30	1.663200
30	25.905600
30	0.000000
30	5.056800
30	18.580800
30	0.000000
30	0.000000
30	24.108000
30	15.876000
30	0.000000
30	7.392000
30	7.526400
30	25.536000
30	0.000000
30	0.000000
30	4.233600
30	3.780000
30	26.241600
30	6.837600
30	8.786400
30	0.000000
30	4.132800
30	1.075200
30	0.000000
30	7.392000
30	11.978400
30	0.000000
30	10.096800
30	13.053600
30	7.812000
30	9.861600
30	3.040800
30	20.899200
30	14.632800
30	6.350400
30	25.116000
30	6.787200
30	0.000000
30	15.271200
30	0.000000
30	1.797600
30	0.000000
30	5.745600
30	0.000000
30	0.000000
30	7.156800
30	0.000000
30	12.616800
30	0.000000
30	7.056000
30	15.506400
30	4.082400
30	0.000000
30	8.366400
30	0.000000
30	28.291200
30	0.000000
30	15.892800
30	14.817600
30	0.000000
30	0.084000
30	0.000000
30	11.978400
30	15.372000
30	2.200800
30	0.000000
30	6.787200
30	27.753600
30	7.005600
30	7.308000
30	6.720000
30	22.478400
30	20.210400
30	1.394400
30	0.453600
30	12.717600
30	10.096800
30	15.170400
30	4.435200
30	15.741600
30	8.450400
30	3.897600
30	22.428000
30	11.121600
30	0.000000
30	8.601600
30	5.611200
30	16.346400
30	0.000000
30	4.586400
30	0.000000
30	5.712000
30	0.000000
30	0.000000
30	11.776800
30	0.000000
30	0.000000
30	10.600800
30	2.940000
30	0.000000
30	10.315200
30	11.642400
30	0.000000
30	0.638400
30	26.527200
30	5.527200
30	0.000000
30	16.598400
30	8.635200
30	27.921600
30	3.192000
30	4.653600
30	33.667200
30	16.279200
30	0.000000
30	12.448800
30	27.703200
30	0.000000
30	0.000000
30	5.947200
30	1.512000
30	11.709600
30	4.384800
30	32.995200
30	0.772800
30	23.906400
30	0.000000
30	9.861600
30	15.624000
30	12.230400
30	0.000000
30	0.000000
30	0.000000
30	12.398400
30	1.478400
40	0.000000
40	0.000000
40	0.000000
40	30.273600
40	0.000000
40	4.284000
40	2.184000
40	7.375200
40	1.092000
40	7.744800
40	0.319200
40	0.369600
40	1.276800
40	6.652800
40	11.289600
40	5.308800
40	4.384800
40	3.091200
40	9.038400
40	0.000000
40	18.866400
40	17.119200
40	12.079200
40	0.554400
40	16.044000
40	0.000000
40	30.626400
40	5.997600
40	25.569600
40	17.808000
40	33.516000
40	12.616800
40	24.712800
40	8.198400
40	27.031200
40	24.040800
40	25.317600
40	15.892800
40	23.788800
40	6.316800
40	11.608800
40	0.000000
40	13.272000
40	13.490400
40	11.558400
40	8.551200
40	14.229600
40	16.716000
40	9.240000
40	1.864800
40	22.276800
40	1.764000
40	30.592800
40	0.000000
40	0.000000
40	6.182400
40	12.163200
40	40.034400
40	0.000000
40	0.000000
40	10.752000
40	10.416000
40	0.000000
40	25.838400
40	5.460000
40	0.000000
40	36.237600
40	3.964800
40	0.000000
40	0.000000
40	23.872800
40	0.000000
40	12.432000
40	0.000000
40	43.932000
40	0.000000
40	0.000000
40	18.127200
40	12.600000
40	0.000000
40	26.661600
40	9.559200
40	10.180800
40	0.000000
40	44.116800
40	0.000000
40	10.903200
40	0.000000
40	0.000000
40	3.880800
40	3.477600
40	0.000000
40	9.307200
40	34.322400
40	5.762400
40	12.062400
40	0.000000
40	16.060800
40	5.577600
40	62.899200
40	14.380800
40	2.217600
40	0.000000
40	54.079200
40	11.121600
40	0.000000
40	0.000000
40	6.686400
40	0.000000
40	10.130400
40	6.988800
40	10.752000
40	7.358400
40	0.000000
40	4.200000
40	0.000000
40	17.035200
40	17.119200
40	32.776800
40	23.788800
40	18.580800
40	0.000000
40	0.268800
40	7.207200
40	0.000000
40	11.356800
40	30.844800
40	15.792000
40	0.000000
40	0.739200
40	8.601600
40	0.000000
40	12.499200
40	13.960800
40	1.024800
40	0.000000
40	3.007200
40	25.468800
40	0.000000
40	28.240800
40	6.652800
40	18.026400
40	0.000000
40	0.000000
40	4.200000
40	3.696000
40	5.107200
40	27.602400
40	8.736000
40	10.180800
40	13.204800
40	15.624000
40	0.000000
40	3.561600
40	10.164000
40	0.000000
40	35.112000
40	5.258400
40	8.299200
40	20.546400
40	0.218400
40	17.304000
40	1.243200
40	20.916000
40	25.015200
40	7.190400
40	11.692800
40	10.466400
40	11.894400
40	19.924800
40	7.156800
40	0.000000
40	22.360800
40	16.430400
40	0.000000
40	26.846400
40	10.483200
40	28.980000
40	0.000000
40	7.257600
40	8.164800
40	0.000000
40	14.212800
40	4.132800
40	7.156800
40	1.864800
40	19.588800
40	14.061600
40	12.936000
40	11.844000
40	19.824000
40	27.535200
40	18.043200
40	7.526400
40	6.501600
40	0.000000
40	35.616000
40	14.044800
40	0.638400
40	10.130400
50	0.000000
50	0.000000
50	17.102400
50	0.000000
50	20.664000
50	7.560000
50	47.913600
50	4.435200
50	25.989600
50	19.034400
50	26.124000
50	22.982400
50	7.728000
50	9.525600
50	0.000000
50	16.699200
50	0.000000
50	0.000000
50	0.000000
50	10.264800
50	10.432800
50	1.310400
50	0.000000
50	8.433600
50	16.665600
50	0.000000
50	18.950400
50	22.579200
50	5.493600
50	0.000000
50	0.940800
50	0.000000
50	0.000000
50	5.964000
50	1.814400
50	2.553600
50	14.313600
50	4.116000
50	15.808800
50	0.672000
50	0.000000
50	32.037600
50	14.145600
50	0.772800
50	3.746400
50	0.000000
50	0.000000
50	0.000000
50	12.902400
50	6.132000
50	17.371200
50	0.000000
50	10.113600
50	2.604000
50	5.359200
50	9.290400
50	0.000000
50	0.000000
50	0.000000
50	6.871200
50	0.000000
50	0.000000
50	29.433600
50	16.682400
50	21.453600
50	33.331200
50	11.709600
50	16.850400
50	22.612800
50	5.745600
50	20.697600
50	10.332000
50	19.622400
50	0.000000
50	12.028800
50	0.000000
50	0.000000
50	20.848800
50	27.300000
50	3.931200
50	8.030400
50	0.890400
50	13.725600
50	37.548000
50	40.958400
50	9.340800
50	14.448000
50	34.120800
50	10.382400
50	0.000000
50	0.000000
50	24.645600
50	12.768000
50	0.000000
50	0.000000
50	3.528000
50	25.972800
50	0.000000
50	1.965600
50	19.975200
50	14.851200
50	23.100000
50	0.000000
50	11.256000
50	19.689600
50	5.863200
50	26.863200
50	0.000000
50	12.213600
50	0.000000
50	12.163200
50	25.032000
50	11.524800
50	20.781600
50	0.000000
50	3.813600
50	13.036800
50	7.476000
50	0.000000
50	0.000000
50	36.254400
50	0.000000
50	0.000000
50	0.000000
50	18.799200
50	10.970400
50	10.315200
50	13.742400
50	31.852800
50	22.209600
50	0.000000
50	22.344000
50	4.267200
50	4.888800
50	0.000000
50	9.038400
50	18.748800
50	17.018400
50	6.955200
50	25.032000
50	34.792800
50	3.813600
50	16.178400
50	0.285600
50	14.565600
50	1.982400
50	18.177600
50	11.928000
50	7.593600
50	0.000000
50	1.898400
50	5.947200
50	23.620800
50	0.000000
50	16.363200
50	14.498400
50	21.520800
50	15.540000
50	1.075200
50	5.392800
50	20.059200
50	26.762400
50	0.000000
50	1.075200
50	8.248800
50	0.000000
50	16.934400
50	21.084000
50	0.000000
50	0.050400
50	31.164000
50	4.015200
50	1.646400
50	2.268000
50	18.984000
50	3.544800
50	5.628000
50	11.424000
50	7.308000
50	0.000000
50	28.459200
50	11.575200
50	25.804800
50	0.000000
50	0.000000
50	17.236800
50	17.287200
50	20.244000
50	3.007200
50	12.331200
50	27.468000
50	32.188800
50	18.513600
50	35.296800
50	13.036800
50	2.032800
50	1.058400
50	8.887200
50	18.530400
50	46.956000
60	23.788800
60	19.622400
60	11.020800
60	4.720800
60	15.120000
60	12.196800
60	34.440000
60	9.357600
60	0.000000
60	16.413600
60	17.522400
60	17.505600
60	28.476000
60	30.912000
60	0.000000
60	0.000000
60	36.372000
60	0.000000
60	13.456800
60	0.000000
60	26.560800
60	0.000000
60	9.710400
60	15.943200
60	6.132000
60	0.000000
60	0.000000
60	8.551200
60	14.078400
60	12.717600
60	35.868000
60	29.618400
60	0.000000
60	0.000000
60	4.216800
60	21.722400
60	21.436800
60	27.770400
60	16.279200
60	9.861600
60	19.958400
60	2.990400
60	12.112800
60	15.170400
60	14.532000
60	0.000000
60	5.779200
60	0.000000
60	0.000000
60	4.065600
60	24.494400
60	8.971200
60	9.844800
60	0.537600
60	7.257600
60	2.755200
60	29.366400
60	16.867200
60	52.970400
60	7.442400
60	10.483200
60	0.000000
60	0.000000
60	12.432000
60	18.832800
60	18.496800
60	0.000000
60	0.000000
60	17.085600
60	20.076000
60	19.152000
60	7.728000
60	16.632000
60	0.000000
60	0.000000
60	9.256800
60	0.000000
60	16.682400
60	12.012000
60	18.328800
60	16.615200
60	5.812800
60	16.968000
60	11.995200
60	17.085600
60	2.032800
60	0.000000
60	18.900000
60	33.096000
60	1.646400
60	13.473600
60	4.603200
60	0.000000
60	21.235200
60	0.000000
60	6.484800
60	6.232800
60	0.000000
60	1.058400
60	0.000000
60	0.000000
60	30.273600
60	0.487200
60	39.228000
60	27.602400
60	32.726400
60	13.070400
60	14.128800
60	13.137600
60	26.796000
60	1.327200
60	29.635200
60	0.000000
60	0.403200
60	6.904800
60	11.709600
60	25.384800
60	0.000000
60	15.120000
60	0.000000
60	23.990400
60	21.672000
60	12.532800
60	17.925600
60	33.230400
60	0.000000
60	0.000000
60	19.840800
60	12.818400
60	15.052800
60	1.058400
60	14.834400
60	10.483200
60	28.744800
60	15.321600
60	25.435200
60	3.662400
60	14.179200
60	0.000000
60	0.000000
60	14.834400
60	19.420800
60	19.874400
60	10.600800
60	13.087200
60	17.203200
60	23.704800
60	6.384000
60	4.452000
60	19.303200
60	0.134400
60	24.729600
60	2.620800
60	11.541600
60	22.293600
60	0.000000
60	20.227200
60	0.000000
60	0.000000
60	0.000000
60	3.444000
60	9.727200
60	7.761600
60	0.000000
60	9.458400
60	0.000000
60	7.627200
60	0.000000
60	19.084800
60	69.098400
60	1.444800
60	34.456800
60	5.695200
60	35.431200
60	3.376800
60	13.171200
60	2.049600
60	16.228800
60	10.903200
60	14.179200
60	0.000000
60	17.707200
60	13.490400
60	0.000000
60	0.000000
60	3.007200
60	0.000000
60	0.000000
60	27.384000
60	35.649600
60	23.016000
60	2.402400
60	0.000000
60	0.453600
60	11.457600
60	0.000000
60	0.000000
60	22.176000
60	17.858400
60	24.914400
70	18.278400
70	0.000000
70	11.928000
70	8.887200
70	24.494400
70	10.281600
70	14.565600
70	0.000000
70	0.722400
70	11.709600
70	0.000000
70	16.934400
70	19.874400
70	8.484000
70	26.460000
70	16.464000
70	22.629600
70	0.168000
70	11.827200
70	9.895200
70	0.000000
70	20.865600
70	12.280800
70	9.710400
70	4.956000
70	16.464000
70	0.000000
70	5.947200
70	15.523200
70	7.392000
70	5.964000
70	12.196800
70	15.489600
70	31.987200
70	18.866400
70	6.031200
70	0.000000
70	10.046400
70	21.823200
70	0.000000
70	4.704000
70	5.241600
70	0.000000
70	15.036000
70	31.600800
70	7.442400
70	5.846400
70	5.745600
70	0.571200
70	27.081600
70	4.166400
70	12.398400
70	19.824000
70	13.944000
70	5.695200
70	0.000000
70	25.183200
70	1.327200
70	0.000000
70	16.749600
70	13.356000
70	6.535200
70	7.156800
70	27.770400
70	19.068000
70	23.234400
70	13.356000
70	20.277600
70	14.616000
70	13.960800
70	3.460800
70	14.481600
70	10.416000
70	13.339200
70	0.000000
70	5.964000
70	6.182400
70	7.106400
70	1.159200
70	0.000000
70	19.958400
70	5.191200
70	0.000000
70	16.648800
70	14.011200
70	0.000000
70	55.826400
70	22.176000
70	24.561600
70	31.668000
70	26.964000
70	0.000000
70	19.286400
70	0.000000
70	43.764000
70	0.000000
70	21.756000
70	6.904800
70	19.605600
70	7.492800
70	19.874400
70	27.081600
70	19.454400
70	0.000000
70	14.817600
70	10.936800
70	21.940800
70	14.784000
70	21.420000
70	9.979200
70	3.326400
70	17.757600
70	1.024800
70	22.831200
70	12.146400
70	0.000000
70	0.000000
70	28.375200
70	0.940800
70	21.940800
70	2.066400
70	9.458400
70	20.781600
70	0.000000
70	27.938400
70	23.049600
70	14.582400
70	53.054400
70	27.871200
70	0.000000
70	13.994400
70	46.687200
70	16.548000
70	35.968800
70	20.361600
70	0.000000
70	32.659200
70	1.276800
70	0.000000
70	3.511200
70	23.805600
70	10.365600
70	19.504800
70	0.000000
70	12.936000
70	17.640000
70	0.000000
70	18.429600
70	9.710400
70	9.525600
70	31.130400
70	27.837600
70	0.554400
70	7.660800
70	24.528000
70	53.037600
70	14.515200
70	18.312000
70	16.380000
70	29.114400
70	0.000000
70	0.000000
70	12.213600
70	16.044000
70	34.540800
70	17.673600
70	0.000000
70	5.695200
70	11.205600
70	0.000000
70	5.678400
70	0.000000
70	0.000000
70	20.580000
70	0.000000
70	0.000000
70	0.000000
70	0.000000
70	0.000000
70	1.159200
70	0.000000
70	21.890400
70	12.818400
70	18.832800
70	11.037600
70	17.320800
70	10.164000
70	15.388800
70	4.200000
70	21.285600
70	0.000000
70	0.000000
70	37.497600
70	21.352800
70	1.394400
70	7.358400
70	11.205600
70	8.786400
70	17.220000
70	10.113600
80	26.157600
80	20.697600
80	14.649600
80	19.101600
80	14.347200
80	18.446400
80	7.644000
80	77.196000
80	10.768800
80	15.859200
80	3.897600
80	55.070400
80	17.488800
80	10.096800
80	30.105600
80	0.000000
80	23.704800
80	7.996800
80	9.744000
80	17.858400
80	28.627200
80	19.924800
80	19.588800
80	1.209600
80	39.530400
80	48.787200
80	20.126400
80	34.322400
80	25.804800
80	17.001600
80	39.160800
80	17.052000
80	68.443200
80	34.608000
80	16.464000
80	43.024800
80	74.239200
80	31.113600
80	17.136000
80	9.559200
80	52.063200
80	56.095200
80	22.864800
80	42.638400
80	2.251200
80	13.608000
80	0.000000
80	16.850400
80	0.000000
80	17.673600
80	4.334400
80	22.864800
80	41.815200
80	34.927200
80	25.401600
80	28.291200
80	29.920800
80	1.075200
80	19.488000
80	73.130400
80	32.004000
80	36.993600
80	2.923200
80	13.473600
80	21.050400
80	20.781600
80	35.851200
80	41.596800
80	39.228000
80	12.667200
80	59.186400
80	6.552000
80	47.208000
80	45.124800
80	0.000000
80	50.265600
80	44.738400
80	7.761600
80	32.860800
80	30.424800
80	24.460800
80	22.999200
80	22.898400
80	35.448000
80	50.719200
80	29.937600
80	61.101600
80	11.205600
80	15.708000
80	1.209600
80	49.207200
80	0.000000
80	21.218400
80	35.481600
80	0.000000
80	31.836000
80	23.469600
80	8.618400
80	1.562400
80	52.584000
80	45.964800
80	6.972000
80	12.549600
80	31.449600
80	7.442400
80	4.368000
80	1.881600
80	48.249600
80	46.116000
80	0.000000
80	15.926400
80	24.108000
80	0.000000
80	49.677600
80	15.876000
80	5.930400
80	16.178400
80	7.509600
80	29.282400
80	19.572000
80	35.498400
80	9.004800
80	18.278400
80	21.117600
80	33.096000
80	0.000000
80	55.591200
80	11.978400
80	20.361600
80	89.980800
80	22.864800
80	77.380800
80	2.083200
80	0.000000
80	0.000000
80	28.459200
80	21.100800
80	1.612800
80	9.004800
80	35.128800
80	37.665600
80	41.832000
80	31.113600
80	19.236000
80	22.629600
80	22.764000
80	5.325600
80	12.398400
80	1.075200
80	23.503200
80	10.399200
80	22.915200
80	8.568000
80	0.000000
80	17.421600
80	40.555200
80	14.548800
80	22.293600
80	4.804800
80	23.419200
80	62.899200
80	24.158400
80	13.557600
80	51.105600
80	16.396800
80	56.952000
80	0.000000
80	32.256000
80	14.044800
80	61.118400
80	0.000000
80	20.008800
80	29.719200
80	16.178400
80	42.604800
80	1.075200
80	9.055200
80	22.814400
80	35.011200
80	67.905600
80	0.000000
80	42.621600
80	21.688800
80	1.041600
80	14.448000
80	21.285600
80	3.158400
80	0.000000
80	8.181600
80	51.156000
80	40.336800
80	24.192000
80	7.056000
80	27.350400
80	22.461600
80	27.384000
80	28.425600
80	24.612000
80	14.616000
80	42.436800
90	71.920800
90	38.892000
90	13.154400
90	58.447200
90	8.853600
90	4.737600
90	13.036800
90	50.652000
90	49.089600
90	24.259200
90	37.783200
90	0.000000
90	0.000000
90	50.064000
90	19.404000
90	56.246400
90	21.756000
90	15.708000
90	16.968000
90	2.133600
90	33.297600
90	14.448000
90	43.260000
90	16.968000
90	64.243200
90	55.507200
90	32.222400
90	0.000000
90	19.706400
90	53.088000
90	67.166400
90	20.092800
90	14.884800
90	9.408000
90	13.944000
90	35.985600
90	15.036000
90	4.855200
90	31.970400
90	0.000000
90	0.655200
90	30.643200
90	61.017600
90	31.684800
90	1.075200
90	72.559200
90	57.624000
90	17.337600
90	21.117600
90	28.862400
90	14.280000
90	28.896000
90	18.715200
90	22.747200
90	39.480000
90	29.198400
90	8.920800
90	34.356000
90	28.778400
90	0.000000
90	35.901600
90	0.000000
90	32.188800
90	18.916800
90	15.489600
90	19.437600
90	12.331200
90	0.000000
90	72.088800
90	42.722400
90	56.313600
90	7.728000
90	19.521600
90	23.066400
90	20.210400
90	58.312800
90	18.295200
90	31.080000
90	25.771200
90	19.588800
90	3.830400
90	19.672800
90	31.298400
90	17.404800
90	19.051200
90	35.280000
90	28.022400
90	11.508000
90	36.288000
90	36.808800
90	61.908000
90	33.280800
90	41.882400
90	8.299200
90	21.571200
90	23.704800
90	31.500000
90	30.525600
90	18.261600
90	0.000000
90	9.542400
90	59.606400
90	16.296000
90	6.081600
90	51.592800
90	9.408000
90	13.070400
90	40.924800
90	65.738400
90	12.499200
90	13.675200
90	14.800800
90	38.236800
90	63.840000
90	12.230400
90	58.564800
90	27.972000
90	0.000000
90	4.838400
90	3.780000
90	55.087200
90	22.394400
90	18.866400
90	35.431200
90	2.536800
90	41.748000
90	25.200000
90	19.639200
90	33.801600
90	15.708000
90	22.092000
90	24.242400
90	0.000000
90	30.626400
90	9.643200
90	14.044800
90	22.831200
90	37.094400
90	6.585600
90	0.000000
90	81.732000
90	2.066400
90	55.272000
90	14.834400
90	16.245600
90	6.249600
90	31.852800
90	36.892800
90	0.000000
90	55.540800
90	37.346400
90	75.028800
90	24.662400
90	0.168000
90	0.000000
90	1.024800
90	51.324000
90	74.575200
90	20.311200
90	49.106400
90	53.440800
90	18.614400
90	8.836800
90	24.628800
90	21.705600
90	0.000000
90	34.087200
90	0.252000
90	5.006400
90	16.564800
90	37.094400
90	17.808000
90	26.628000
90	2.016000
90	33.768000
90	54.348000
90	17.892000
90	18.110400
90	7.576800
90	74.474400
90	99.271200
90	2.150400
90	19.068000
90	34.574400
90	23.973600
90	0.000000
90	8.752800
90	30.945600
90	34.087200
90	39.530400
90	1.075200
90	31.500000
90	15.859200
90	65.738400
90	43.360800
90	52.147200
90	0.000000
90	10.735200
90	13.188000
90	44.822400
100	26.157600
100	23.335200
100	41.210400
100	30.424800
100	52.718400
100	7.106400
100	9.912000
100	19.958400
100	1.344000
100	21.806400
100	19.740000
100	51.189600
100	37.228800
100	2.721600
100	48.434400
100	30.139200
100	14.784000
100	12.499200
100	52.483200
100	47.056800
100	7.526400
100	74.575200
100	13.540800
100	23.788800
100	33.163200
100	46.670400
100	20.680800
100	40.488000
100	63.604800
100	27.904800
100	30.240000
100	28.341600
100	24.242400
100	9.643200
100	73.164000
100	11.037600
100	54.264000
100	19.605600
100	35.044800
100	30.290400
100	33.667200
100	9.895200
100	0.000000
100	13.692000
100	45.259200
100	1.075200
100	9.794400
100	35.901600
100	35.901600
100	44.973600
100	29.131200
100	21.084000
100	22.260000
100	29.534400
100	62.714400
100	1.075200
100	19.824000
100	34.389600
100	1.545600
100	5.678400
100	67.065600
100	51.693600
100	14.985600
100	40.370400
100	27.434400
100	2.268000
100	34.658400
100	15.657600
100	13.188000
100	67.384800
100	87.309600
100	61.303200
100	22.075200
100	72.609600
100	24.343200
100	15.573600
100	17.976000
100	6.955200
100	55.507200
100	33.583200
100	36.472800
100	42.856800
100	29.769600
100	12.852000
100	0.470400
100	17.841600
100	0.000000
100	7.089600
100	39.228000
100	19.807200
100	23.385600
100	0.268800
100	33.499200
100	71.786400
100	37.094400
100	31.214400
100	0.000000
100	19.555200
100	39.244800
100	16.598400
100	36.489600
100	38.354400
100	0.000000
100	53.524800
100	18.026400
100	12.768000
100	7.862400
100	9.609600
100	42.688800
100	19.572000
100	37.044000
100	70.812000
100	42.151200
100	11.541600
100	15.153600
100	35.028000
100	60.345600
100	37.144800
100	31.567200
100	40.051200
100	28.072800
100	51.156000
100	4.502400
100	6.182400
100	42.134400
100	21.504000
100	10.584000
100	3.208800
100	15.842400
100	16.447200
100	0.688800
100	28.240800
100	52.970400
100	28.963200
100	19.622400
100	68.443200
100	7.610400
100	18.866400
100	12.331200
100	31.214400
100	24.830400
100	53.440800
100	33.045600
100	0.000000
100	49.560000
100	54.045600
100	22.327200
100	0.000000
100	5.275200
100	0.000000
100	88.048800
100	9.996000
100	14.700000
100	85.058400
100	26.409600
100	22.394400
100	32.424000
100	23.671200
100	23.402400
100	23.385600
100	37.749600
100	0.000000
100	27.199200
100	4.704000
100	38.236800
100	15.439200
100	33.280800
100	25.401600
100	17.304000
100	44.587200
100	42.033600
100	5.560800
100	19.824000
100	7.543200
100	57.624000
100	43.377600
100	25.956000
100	29.400000
100	28.408800
100	6.468000
100	59.404800
100	7.778400
100	68.107200
100	18.866400
100	11.726400
100	45.040800
100	75.163200
100	22.142400
100	38.757600
100	29.736000
100	43.260000
100	41.680800
100	0.000000
100	34.221600
100	26.779200
100	39.379200
100	13.305600
100	54.045600
100	0.554400
100	58.648800
110	60.110400
110	27.686400
110	1.075200
110	2.973600
110	37.447200
110	15.052800
110	1.327200
110	32.306400
110	0.000000
110	10.550400
110	19.672800
110	10.029600
110	14.582400
110	20.613600
110	29.097600
110	53.222400
110	17.472000
110	22.612800
110	12.566400
110	43.864800
110	18.396000
110	1.075200
110	14.532000
110	43.932000
110	68.863200
110	15.624000
110	30.038400
110	17.253600
110	28.610400
110	19.773600
110	32.138400
110	34.087200
110	26.443200
110	34.372800
110	36.288000
110	36.355200
110	6.787200
110	2.940000
110	43.411200
110	21.688800
110	25.116000
110	15.388800
110	16.279200
110	20.193600
110	50.568000
110	13.473600
110	14.565600
110	16.464000
110	37.380000
110	43.764000
110	31.584000
110	7.812000
110	2.536800
110	54.986400
110	33.532800
110	74.272800
110	6.552000
110	31.063200
110	3.057600
110	7.812000
110	78.288000
110	7.039200
110	34.641600
110	0.000000
110	12.180000
110	45.309600
110	0.000000
110	34.759200
110	13.960800
110	24.914400
110	3.712800
110	50.551200
110	9.458400
110	32.659200
110	21.873600
110	19.471200
110	10.180800
110	54.297600
110	0.000000
110	13.171200
110	28.375200
110	19.336800
110	0.000000
110	25.502400
110	17.068800
110	19.320000
110	49.476000
110	59.388000
110	29.836800
110	0.000000
110	0.000000
110	19.723200
110	20.059200
110	17.388000
110	5.023200
110	46.300800
110	30.945600
110	11.272800
110	6.871200
110	0.000000
110	26.208000
110	8.080800
110	9.156000
110	23.083200
110	13.524000
110	28.778400
110	36.842400
110	25.670400
110	49.425600
110	60.900000
110	26.376000
110	13.792800
110	54.331200
110	28.929600
110	61.488000
110	44.301600
110	51.189600
110	40.555200
110	35.330400
110	32.289600
110	45.830400
110	0.000000
110	9.861600
110	1.075200
110	59.404800
110	0.336000
110	4.132800
110	51.828000
110	0.000000
110	33.952800
110	6.300000
110	66.141600
110	37.900800
110	8.988000
110	12.734400
110	13.070400
110	47.594400
110	1.058400
110	38.824800
110	38.421600
110	8.752800
110	32.894400
110	8.635200
110	6.165600
110	16.581600
110	56.515200
110	16.783200
110	1.075200
110	68.308800
110	66.276000
110	0.000000
110	77.901600
110	21.873600
110	40.572000
110	25.418400
110	51.811200
110	10.214400
110	21.235200
110	0.940800
110	30.475200
110	7.980000
110	0.000000
110	8.332800
110	9.979200
110	42.336000
110	27.182400
110	50.467200
110	6.837600
110	13.087200
110	14.700000
110	24.343200
110	0.000000
110	20.143200
110	7.946400
110	43.176000
110	41.126400
110	34.809600
110	57.254400
110	30.861600
110	6.636000
110	0.336000
110	0.000000
110	54.986400
110	2.889600
110	8.282400
110	0.000000
110	20.445600
110	25.284000
110	12.784800
110	51.408000
110	45.612000
110	28.341600
110	18.748800
110	60.832800
110	8.920800
110	23.805600
110	55.540800
110	17.959200
110	0.000000
110	31.768800
120	7.862400
120	54.196800
120	10.416000
120	61.756800
120	1.915200
120	16.917600
120	72.542400
120	20.160000
120	2.872800
120	29.988000
120	0.000000
120	44.083200
120	54.952800
120	0.000000
120	49.543200
120	27.451200
120	21.016800
120	1.041600
120	32.004000
120	32.776800
120	1.075200
120	18.412800
120	48.182400
120	68.342400
120	54.146400
120	33.868800
120	24.460800
120	31.768800
120	20.496000
120	10.416000
120	16.413600
120	58.783200
120	33.700800
120	9.710400
120	8.332800
120	51.105600
120	12.415200
120	29.786400
120	17.337600
120	11.155200
120	16.514400
120	23.100000
120	72.492000
120	0.000000
120	0.000000
120	36.271200
120	35.078400
120	16.346400
120	16.615200
120	37.262400
120	23.688000
120	9.004800
120	51.576000
120	34.708800
120	0.000000
120	1.075200
120	29.265600
120	0.000000
120	21.436800
120	11.138400
120	30.038400
120	12.784800
120	6.249600
120	34.591200
120	24.494400
120	24.292800
120	0.000000
120	49.106400
120	6.232800
120	59.808000
120	9.240000
120	24.225600
120	21.386400
120	3.914400
120	21.823200
120	3.007200
120	54.902400
120	10.903200
120	24.074400
120	16.060800
120	14.851200
120	19.353600
120	16.195200
120	43.965600
120	7.106400
120	31.180800
120	21.268800
120	22.041600
120	7.291200
120	56.011200
120	37.581600
120	31.315200
120	0.000000
120	50.568000
120	60.530400
120	27.820800
120	24.948000
120	34.221600
120	46.939200
120	2.570400
120	26.006400
120	37.581600
120	48.871200
120	51.189600
120	36.892800
120	31.752000
120	0.000000
120	40.756800
120	99.355200
120	10.096800
120	3.343200
120	5.913600
120	66.763200
120	10.836000
120	69.904800
120	23.872800
120	7.324800
120	75.868800
120	21.638400
120	5.779200
120	26.292000
120	26.224800
120	0.000000
120	18.228000
120	39.530400
120	22.747200
120	43.696800
120	38.774400
120	0.000000
120	31.936800
120	51.441600
120	0.000000
120	43.310400
120	20.596800
120	42.604800
120	13.692000
120	10.516800
120	40.202400
120	36.069600
120	2.150400
120	65.856000
120	9.475200
120	30.626400
120	47.208000
120	32.894400
120	10.936800
120	0.000000
120	26.544000
120	36.674400
120	10.113600
120	7.744800
120	14.364000
120	53.524800
120	10.264800
120	1.075200
120	32.625600
120	57.708000
120	12.532800
120	28.392000
120	23.503200
120	27.098400
120	12.751200
120	8.316000
120	13.372800
120	23.469600
120	10.147200
120	0.000000
120	14.666400
120	15.271200
120	15.136800
120	69.568800
120	36.758400
120	34.490400
120	11.592000
120	77.800800
120	38.640000
120	30.004800
120	2.520000
120	15.842400
120	34.910400
120	25.603200
120	33.700800
120	26.695200
120	1.075200
120	27.367200
120	0.000000
120	22.495200
120	16.800000
120	25.922400
120	14.179200
120	26.964000
120	43.092000
120	14.851200
120	24.040800
120	35.162400
120	40.975200
120	11.289600
120	32.138400
120	58.111200
120	33.448800
130	17.522400
130	9.189600
130	8.820000
130	29.853600
130	40.689600
130	31.752000
130	21.352800
130	12.213600
130	27.400800
130	23.772000
130	30.458400
130	22.327200
130	25.116000
130	52.113600
130	64.612800
130	36.523200
130	31.533600
130	19.051200
130	1.058400
130	65.284800
130	21.016800
130	0.000000
130	19.521600
130	10.752000
130	51.374400
130	2.301600
130	0.000000
130	31.113600
130	23.822400
130	19.051200
130	1.058400
130	29.047200
130	44.520000
130	27.434400
130	47.443200
130	77.884800
130	17.169600
130	28.509600
130	18.648000
130	66.830400
130	22.797600
130	39.564000
130	19.353600
130	15.304800
130	2.402400
130	14.347200
130	1.377600
130	3.729600
130	9.676800
130	20.479200
130	12.213600
130	18.177600
130	36.456000
130	51.004800
130	20.664000
130	14.044800
130	0.000000
130	20.445600
130	30.256800
130	26.577600
130	79.850400
130	8.719200
130	19.740000
130	28.610400
130	24.376800
130	33.146400
130	1.075200
130	52.012800
130	27.888000
130	56.246400
130	53.827200
130	28.980000
130	66.595200
130	15.859200
130	76.238400
130	29.030400
130	8.752800
130	50.232000
130	64.646400
130	0.000000
130	28.240800
130	47.947200
130	38.270400
130	57.456000
130	37.732800
130	0.000000
130	24.830400
130	1.747200
130	38.539200
130	0.000000
130	0.000000
130	45.964800
130	27.350400
130	49.291200
130	30.206400
130	50.584800
130	36.892800
130	37.312800
130	15.825600
130	11.642400
130	53.575200
130	49.240800
130	25.704000
130	41.244000
130	43.932000
130	34.255200
130	23.486400
130	20.294400
130	20.378400
130	34.624800
130	69.484800
130	15.892800
130	10.533600
130	0.000000
130	19.656000
130	29.232000
130	57.926400
130	27.888000
130	0.000000
130	12.062400
130	23.301600
130	7.728000
130	31.802400
130	30.777600
130	6.888000
130	88.956000
130	19.286400
130	19.958400
130	20.714400
130	9.492000
130	16.968000
130	28.341600
130	9.777600
130	19.202400
130	7.089600
130	1.075200
130	4.116000
130	4.670400
130	0.000000
130	10.113600
130	7.156800
130	13.843200
130	10.550400
130	49.106400
130	9.794400
130	6.619200
130	57.086400
130	6.669600
130	10.886400
130	11.860800
130	36.758400
130	27.787200
130	0.000000
130	3.830400
130	66.544800
130	65.990400
130	13.288800
130	0.000000
130	43.562400
130	21.201600
130	18.715200
130	19.605600
130	13.154400
130	10.164000
130	7.593600
130	35.011200
130	48.031200
130	82.488000
130	25.519200
130	49.828800
130	69.535200
130	7.526400
130	0.000000
130	18.580800
130	0.000000
130	18.328800
130	0.000000
130	48.552000
130	13.843200
130	7.879200
130	29.820000
130	44.503200
130	26.695200
130	32.020800
130	43.092000
130	5.224800
130	26.997600
130	37.161600
130	0.000000
130	23.469600
130	16.900800
130	8.836800
130	1.075200
130	26.073600
130	25.032000
130	37.884000
130	30.055200
130	45.460800
130	27.585600
130	42.352800
140	3.964800
140	46.855200
140	43.948800
140	18.950400
140	18.849600
140	45.578400
140	27.552000
140	1.075200
140	16.380000
140	25.284000
140	26.006400
140	18.530400
140	61.219200
140	61.236000
140	4.233600
140	3.024000
140	13.188000
140	57.304800
140	22.260000
140	27.753600
140	8.870400
140	37.480800
140	48.132000
140	4.032000
140	1.545600
140	70.593600
140	24.276000
140	14.968800
140	51.408000
140	0.000000
140	54.885600
140	1.041600
140	4.267200
140	16.161600
140	44.805600
140	18.345600
140	60.194400
140	6.115200
140	15.052800
140	19.000800
140	19.605600
140	17.942400
140	36.859200
140	16.480800
140	103.622400
140	36.422400
140	22.024800
140	64.948800
140	25.653600
140	12.482400
140	12.784800
140	50.248800
140	40.572000
140	31.550400
140	12.280800
140	61.924800
140	25.603200
140	31.365600
140	0.000000
140	8.332800
140	8.248800
140	55.876800
140	7.660800
140	7.324800
140	19.790400
140	52.550400
140	41.630400
140	7.039200
140	15.120000
140	0.000000
140	70.106400
140	1.075200
140	34.927200
140	14.481600
140	39.984000
140	40.958400
140	19.857600
140	35.884800
140	15.456000
140	34.977600
140	0.823200
140	0.000000
140	23.436000
140	45.679200
140	14.884800
140	0.000000
140	28.929600
140	21.252000
140	38.824800
140	20.647200
140	10.752000
140	19.521600
140	5.611200
140	10.164000
140	37.833600
140	17.656800
140	29.870400
140	58.380000
140	35.716800
140	44.654400
140	44.587200
140	12.751200
140	49.828800
140	6.182400
140	67.200000
140	13.255200
140	19.034400
140	70.912800
140	11.071200
140	56.901600
140	56.481600
140	65.822400
140	9.038400
140	14.868000
140	49.593600
140	19.101600
140	1.058400
140	44.419200
140	42.890400
140	17.102400
140	0.000000
140	11.944800
140	33.348000
140	7.879200
140	38.354400
140	53.020800
140	55.557600
140	36.120000
140	9.492000
140	47.560800
140	3.511200
140	41.664000
140	41.076000
140	48.703200
140	31.080000
140	60.160800
140	13.087200
140	37.934400
140	45.981600
140	34.540800
140	56.431200
140	61.286400
140	22.797600
140	29.551200
140	51.391200
140	16.195200
140	23.368800
140	5.443200
140	24.124800
140	27.300000
140	13.675200
140	32.541600
140	32.524800
140	0.000000
140	0.000000
140	37.228800
140	45.645600
140	20.932800
140	24.024000
140	17.740800
140	24.460800
140	9.374400
140	5.510400
140	33.163200
140	23.402400
140	31.063200
140	0.000000
140	38.388000
140	20.983200
140	35.212800
140	22.008000
140	31.567200
140	77.347200
140	14.078400
140	26.947200
140	4.754400
140	1.965600
140	0.000000
140	15.086400
140	42.604800
140	37.228800
140	1.075200
140	50.769600
140	27.686400
140	12.297600
140	0.940800
140	52.432800
140	38.421600
140	36.556800
140	59.673600
140	37.984800
140	54.129600
140	58.716000
140	4.166400
140	17.942400
140	39.916800
140	18.496800
140	43.411200
140	41.311200
140	17.236800
150	28.845600
150	33.616800
150	0.000000
150	21.117600
150	40.286400
150	41.076000
150	46.888800
150	37.581600
150	46.317600
150	13.020000
150	22.293600
150	52.281600
150	17.606400
150	55.876800
150	0.000000
150	14.683200
150	10.281600
150	0.000000
150	10.533600
150	3.729600
150	68.157600
150	54.196800
150	20.025600
150	1.075200
150	51.576000
150	65.654400
150	61.723200
150	94.600800
150	91.946400
150	8.064000
150	33.868800
150	37.346400
150	22.596000
150	0.000000
150	29.904000
150	23.738400
150	89.863200
150	6.585600
150	1.075200
150	48.535200
150	7.593600
150	32.928000
150	44.688000
150	0.134400
150	39.026400
150	4.317600
150	14.296800
150	15.254400
150	0.000000
150	4.082400
150	6.854400
150	14.515200
150	42.268800
150	20.932800
150	49.711200
150	25.435200
150	38.623200
150	0.000000
150	0.000000
150	12.650400
150	1.075200
150	19.975200
150	22.612800
150	0.000000
150	30.828000
150	5.006400
150	23.587200
150	0.000000
150	39.026400
150	0.000000
150	61.723200
150	8.332800
150	19.605600
150	13.624800
150	20.966400
150	65.973600
150	43.159200
150	0.000000
150	39.933600
150	43.495200
150	7.257600
150	24.444000
150	0.000000
150	73.617600
150	0.000000
150	22.512000
150	36.708000
150	15.556800
150	28.694400
150	56.750400
150	52.264800
150	38.925600
150	122.992800
150	55.843200
150	0.000000
150	1.075200
150	82.387200
150	58.094400
150	40.437600
150	0.000000
150	57.372000
150	28.039200
150	24.477600
150	0.000000
150	0.000000
150	19.168800
150	0.000000
150	78.086400
150	17.236800
150	6.468000
150	0.000000
150	18.312000
150	1.075200
150	2.083200
150	47.426400
150	27.031200
150	63.823200
150	28.845600
150	96.835200
150	25.149600
150	34.255200
150	4.754400
150	43.075200
150	1.075200
150	85.444800
150	23.738400
150	0.000000
150	45.864000
150	60.849600
150	11.138400
150	30.945600
150	1.075200
150	15.086400
150	38.354400
150	0.000000
150	25.519200
150	57.170400
150	71.568000
150	0.000000
150	60.060000
150	6.938400
150	28.980000
150	0.000000
150	46.048800
150	17.018400
150	51.122400
150	0.000000
150	41.277600
150	26.073600
150	49.946400
150	0.000000
150	47.258400
150	18.362400
150	43.629600
150	0.000000
150	14.011200
150	3.494400
150	6.501600
150	34.204800
150	0.000000
150	12.902400
150	0.000000
150	13.154400
150	81.160800
150	16.312800
150	12.196800
150	3.376800
150	42.134400
150	14.112000
150	36.472800
150	25.435200
150	45.628800
150	34.994400
150	3.897600
150	0.000000
150	39.127200
150	28.896000
150	50.349600
150	14.095200
150	1.075200
150	13.675200
150	28.543200
150	53.642400
150	37.480800
150	37.245600
150	13.288800
150	37.615200
150	89.292000
150	80.942400
150	47.359200
150	0.000000
150	50.383200
150	69.568800
150	67.384800
150	1.075200
150	31.903200
150	32.995200
150	5.695200
150	69.064800
150	67.032000
