10	7.526400
10	7.224000
10	9.844800
10	8.484000
10	7.996800
10	11.474400
10	7.308000
10	7.677600
10	11.289600
10	5.073600
10	12.600000
10	5.779200
10	9.895200
10	11.508000
10	7.156800
10	11.205600
10	7.408800
10	7.308000
10	11.239200
10	6.753600
10	10.432800
10	6.316800
10	6.585600
10	11.407200
10	5.258400
10	10.399200
10	9.508800
10	13.708800
10	10.903200
10	0.000000
10	11.256000
10	9.559200
10	6.232800
10	18.866400
10	15.960000
10	5.191200
10	12.969600
10	0.000000
10	12.667200
10	12.213600
10	11.104800
10	8.097600
10	8.500800
10	9.693600
10	8.668800
10	7.761600
10	7.862400
10	8.433600
10	2.318400
10	11.894400
10	13.204800
10	10.584000
10	6.182400
10	8.551200
10	10.533600
10	8.064000
10	11.340000
10	6.081600
10	6.669600
10	9.240000
10	8.836800
10	4.972800
10	0.386400
10	5.241600
10	9.492000
10	11.205600
10	6.669600
10	5.510400
10	7.509600
10	7.543200
10	11.323200
10	9.996000
10	8.114400
10	14.700000
10	17.270400
10	6.602400
10	7.425600
10	6.014400
10	10.953600
10	7.459200
10	6.871200
10	9.324000
10	13.977600
10	12.213600
10	13.238400
10	10.970400
10	7.845600
10	6.652800
10	9.979200
10	8.752800
10	8.349600
10	10.399200
10	8.349600
10	7.274400
10	9.038400
10	7.089600
10	13.557600
10	4.720800
10	15.153600
10	11.491200
10	3.595200
10	6.031200
10	13.557600
10	4.048800
10	6.048000
10	15.674400
10	10.483200
10	9.744000
10	4.704000
10	3.343200
10	9.660000
10	2.772000
10	10.920000
10	15.321600
10	11.928000
10	3.897600
10	12.784800
10	12.465600
10	15.808800
10	18.261600
10	6.988800
10	3.326400
10	9.660000
10	10.953600
10	9.189600
10	9.458400
10	8.803200
10	4.855200
10	6.888000
10	6.014400
10	7.308000
10	4.015200
10	5.796000
10	6.888000
10	0.000000
10	5.695200
10	12.600000
10	5.644800
10	15.069600
10	15.405600
10	8.433600
10	13.977600
10	3.897600
10	13.272000
10	8.484000
10	14.918400
10	1.092000
10	13.776000
10	9.996000
10	11.037600
10	7.627200
10	4.636800
10	6.820800
10	3.074400
10	9.139200
10	10.785600
10	9.256800
10	12.297600
10	13.070400
10	8.719200
10	10.046400
10	15.556800
10	8.164800
10	9.424800
10	7.022400
10	10.281600
10	11.726400
10	7.341600
10	15.758400
10	8.635200
10	10.113600
10	15.943200
10	10.063200
10	6.619200
10	15.489600
10	7.879200
10	4.704000
10	3.897600
10	8.601600
10	8.013600
10	16.917600
10	13.893600
10	12.247200
10	8.870400
10	5.107200
10	4.032000
10	7.257600
10	11.508000
10	5.745600
10	14.901600
10	3.981600
10	3.914400
10	3.024000
10	11.054400
10	8.719200
10	6.115200
10	7.576800
10	11.222400
10	10.785600
10	1.176000
20	25.233600
20	4.754400
20	29.568000
20	11.877600
20	21.924000
20	15.136800
20	12.600000
20	25.569600
20	8.400000
20	22.058400
20	13.792800
20	24.763200
20	20.596800
20	22.948800
20	11.709600
20	22.293600
20	19.320000
20	16.564800
20	12.734400
20	12.650400
20	11.054400
20	8.551200
20	4.250400
20	17.656800
20	14.229600
20	19.488000
20	23.536800
20	14.666400
20	14.784000
20	9.576000
20	26.661600
20	18.379200
20	10.080000
20	14.179200
20	21.436800
20	1.545600
20	18.446400
20	10.332000
20	17.858400
20	21.957600
20	17.102400
20	20.781600
20	25.200000
20	0.000000
20	14.985600
20	13.675200
20	17.203200
20	18.211200
20	11.541600
20	20.361600
20	22.024800
20	10.416000
20	14.347200
20	17.757600
20	11.995200
20	11.004000
20	10.550400
20	8.534400
20	22.545600
20	16.615200
20	16.783200
20	20.697600
20	28.459200
20	20.882400
20	29.652000
20	23.368800
20	0.000000
20	6.434400
20	9.189600
20	22.276800
20	16.296000
20	18.429600
20	14.179200
20	12.768000
20	10.164000
20	29.786400
20	14.464800
20	17.925600
20	14.263200
20	23.553600
20	19.034400
20	10.903200
20	20.613600
20	14.280000
20	23.167200
20	21.806400
20	15.069600
20	18.480000
20	8.416800
20	3.393600
20	14.817600
20	17.892000
20	10.819200
20	15.355200
20	19.924800
20	9.324000
20	25.216800
20	2.923200
20	20.596800
20	17.791200
20	18.900000
20	21.319200
20	23.268000
20	7.828800
20	20.496000
20	17.606400
20	20.462400
20	8.282400
20	22.276800
20	16.111200
20	24.914400
20	17.001600
20	25.032000
20	17.253600
20	23.268000
20	16.329600
20	23.016000
20	18.564000
20	14.347200
20	16.178400
20	12.936000
20	17.892000
20	22.562400
20	26.527200
20	22.327200
20	22.293600
20	18.664800
20	19.605600
20	19.538400
20	14.431200
20	14.112000
20	12.667200
20	21.823200
20	30.676800
20	0.000000
20	11.575200
20	27.720000
20	22.965600
20	30.777600
20	0.000000
20	12.667200
20	14.800800
20	17.556000
20	14.414400
20	21.084000
20	20.378400
20	15.506400
20	22.881600
20	19.521600
20	20.479200
20	0.000000
20	13.893600
20	10.920000
20	10.533600
20	28.677600
20	16.867200
20	4.888800
20	2.352000
20	16.648800
20	1.058400
20	14.750400
20	19.538400
20	14.834400
20	13.490400
20	18.043200
20	12.549600
20	10.365600
20	24.326400
20	22.663200
20	19.017600
20	26.443200
20	10.584000
20	10.617600
20	12.952800
20	25.166400
20	6.115200
20	9.374400
20	17.287200
20	1.377600
20	18.144000
20	15.842400
20	22.848000
20	22.747200
20	16.094400
20	14.464800
20	12.700800
20	14.784000
20	11.356800
20	6.165600
20	13.272000
20	11.760000
20	18.984000
20	24.024000
20	15.640800
20	12.180000
20	21.268800
20	14.061600
20	11.205600
20	17.824800
20	21.201600
30	18.463200
30	25.939200
30	9.273600
30	20.832000
30	26.863200
30	5.460000
30	31.096800
30	19.236000
30	21.739200
30	38.152800
30	25.653600
30	54.028800
30	31.046400
30	20.294400
30	21.151200
30	17.740800
30	22.293600
30	18.412800
30	17.959200
30	55.036800
30	22.612800
30	16.900800
30	24.444000
30	23.553600
30	32.944800
30	31.449600
30	35.044800
30	25.771200
30	0.000000
30	33.280800
30	14.935200
30	43.814400
30	13.725600
30	35.868000
30	13.792800
30	19.773600
30	7.408800
30	21.151200
30	22.612800
30	4.586400
30	16.850400
30	26.493600
30	25.368000
30	18.564000
30	9.794400
30	21.907200
30	33.868800
30	12.499200
30	4.821600
30	29.769600
30	39.513600
30	12.045600
30	5.762400
30	25.250400
30	14.683200
30	42.436800
30	20.512800
30	19.471200
30	17.438400
30	41.227200
30	12.297600
30	17.959200
30	34.524000
30	33.163200
30	26.846400
30	38.052000
30	14.414400
30	37.984800
30	13.524000
30	21.823200
30	16.363200
30	16.497600
30	18.580800
30	25.132800
30	35.616000
30	15.876000
30	5.560800
30	17.858400
30	23.721600
30	20.882400
30	24.847200
30	34.927200
30	22.108800
30	30.307200
30	7.492800
30	12.415200
30	30.744000
30	27.115200
30	26.695200
30	22.932000
30	21.873600
30	24.494400
30	31.500000
30	36.607200
30	38.119200
30	31.684800
30	14.464800
30	22.814400
30	37.783200
30	13.557600
30	18.194400
30	33.213600
30	33.398400
30	29.400000
30	17.102400
30	31.785600
30	13.591200
30	16.884000
30	18.866400
30	14.263200
30	3.796800
30	14.296800
30	29.870400
30	27.552000
30	19.135200
30	22.512000
30	40.017600
30	16.665600
30	28.677600
30	25.435200
30	13.406400
30	18.900000
30	7.375200
30	35.599200
30	23.419200
30	31.600800
30	4.334400
30	23.704800
30	15.506400
30	31.785600
30	15.472800
30	22.780800
30	38.488800
30	29.668800
30	21.739200
30	32.743200
30	25.502400
30	19.303200
30	20.462400
30	40.118400
30	25.670400
30	18.480000
30	24.813600
30	14.851200
30	8.383200
30	24.175200
30	22.999200
30	28.963200
30	33.381600
30	21.520800
30	21.739200
30	11.172000
30	12.986400
30	5.997600
30	20.781600
30	17.220000
30	22.646400
30	16.917600
30	20.260800
30	30.004800
30	18.060000
30	8.400000
30	17.438400
30	21.722400
30	22.528800
30	18.228000
30	17.808000
30	18.211200
30	22.075200
30	27.501600
30	19.555200
30	13.876800
30	24.427200
30	36.808800
30	34.708800
30	19.605600
30	28.392000
30	39.933600
30	23.805600
30	23.436000
30	21.268800
30	27.182400
30	22.579200
30	5.342400
30	21.940800
30	26.124000
30	28.056000
30	11.088000
30	28.123200
30	17.438400
30	13.641600
30	30.340800
30	20.899200
30	12.381600
30	17.220000
30	16.867200
30	8.920800
30	18.614400
30	14.649600
30	28.056000
40	13.490400
40	10.248000
40	25.116000
40	28.946400
40	20.983200
40	19.504800
40	23.822400
40	37.749600
40	18.883200
40	21.285600
40	21.739200
40	21.201600
40	2.990400
40	37.346400
40	11.356800
40	27.014400
40	21.588000
40	34.826400
40	26.426400
40	24.645600
40	37.900800
40	17.942400
40	26.628000
40	7.812000
40	20.949600
40	20.210400
40	14.868000
40	23.671200
40	19.706400
40	22.024800
40	29.467200
40	23.133600
40	25.586400
40	23.167200
40	16.884000
40	16.900800
40	20.731200
40	21.016800
40	41.714400
40	10.180800
40	26.880000
40	24.410400
40	23.402400
40	16.833600
40	19.958400
40	1.092000
40	22.562400
40	21.436800
40	51.290400
40	38.858400
40	28.963200
40	25.636800
40	14.851200
40	28.425600
40	38.018400
40	25.939200
40	25.384800
40	19.555200
40	1.478400
40	28.039200
40	28.476000
40	34.322400
40	17.304000
40	19.740000
40	22.713600
40	16.968000
40	21.235200
40	44.385600
40	24.998400
40	24.192000
40	24.712800
40	25.384800
40	0.000000
40	10.449600
40	26.577600
40	18.530400
40	27.770400
40	39.782400
40	31.147200
40	36.909600
40	28.526400
40	31.533600
40	12.532800
40	23.100000
40	10.130400
40	16.598400
40	19.152000
40	1.075200
40	40.706400
40	35.649600
40	26.527200
40	25.300800
40	28.022400
40	27.031200
40	15.187200
40	0.000000
40	36.758400
40	24.696000
40	18.832800
40	33.432000
40	21.235200
40	42.420000
40	24.175200
40	8.988000
40	37.699200
40	25.216800
40	25.536000
40	21.655200
40	17.085600
40	17.102400
40	10.416000
40	7.896000
40	25.384800
40	14.296800
40	20.496000
40	21.268800
40	16.816800
40	27.820800
40	33.986400
40	28.123200
40	32.575200
40	29.248800
40	42.487200
40	18.547200
40	38.472000
40	23.553600
40	27.484800
40	15.523200
40	36.640800
40	25.636800
40	29.265600
40	0.000000
40	19.958400
40	33.247200
40	31.147200
40	13.053600
40	28.929600
40	25.989600
40	6.904800
40	23.133600
40	40.336800
40	17.035200
40	30.256800
40	20.512800
40	7.442400
40	14.767200
40	24.292800
40	16.548000
40	27.300000
40	13.591200
40	19.723200
40	20.244000
40	34.154400
40	22.948800
40	15.876000
40	35.800800
40	25.082400
40	23.553600
40	35.229600
40	26.443200
40	23.066400
40	4.065600
40	23.486400
40	22.377600
40	45.175200
40	21.537600
40	24.561600
40	24.091200
40	30.223200
40	29.013600
40	29.736000
40	30.004800
40	23.671200
40	19.000800
40	25.065600
40	38.320800
40	19.622400
40	26.796000
40	27.199200
40	39.496800
40	12.717600
40	42.873600
40	38.707200
40	23.301600
40	18.832800
40	28.341600
40	21.352800
40	26.443200
40	13.322400
40	11.760000
40	19.135200
40	19.051200
40	33.751200
40	18.244800
40	25.149600
40	50.114400
40	19.874400
40	12.751200
40	9.324000
40	23.906400
50	16.346400
50	16.447200
50	34.003200
50	19.706400
50	9.088800
50	17.354400
50	29.719200
50	30.038400
50	19.975200
50	37.010400
50	23.402400
50	32.508000
50	27.064800
50	21.033600
50	27.165600
50	24.511200
50	14.716800
50	28.173600
50	33.549600
50	39.715200
50	26.040000
50	42.453600
50	17.892000
50	10.012800
50	34.389600
50	19.891200
50	8.366400
50	31.752000
50	40.000800
50	32.608800
50	7.778400
50	12.180000
50	35.935200
50	32.894400
50	16.228800
50	19.941600
50	8.097600
50	40.504800
50	23.654400
50	28.106400
50	21.705600
50	21.722400
50	30.256800
50	24.628800
50	24.192000
50	30.811200
50	34.809600
50	11.424000
50	27.115200
50	29.534400
50	22.932000
50	20.445600
50	31.701600
50	15.136800
50	35.078400
50	23.721600
50	33.331200
50	14.901600
50	30.156000
50	26.241600
50	8.601600
50	28.996800
50	33.465600
50	36.036000
50	27.820800
50	32.692800
50	18.698400
50	30.122400
50	3.628800
50	41.966400
50	31.348800
50	13.843200
50	15.842400
50	23.553600
50	18.597600
50	20.344800
50	11.676000
50	29.232000
50	21.285600
50	19.723200
50	28.660800
50	17.942400
50	34.036800
50	13.977600
50	42.991200
50	15.271200
50	27.048000
50	31.096800
50	37.665600
50	25.670400
50	23.402400
50	1.814400
50	18.782400
50	21.352800
50	24.427200
50	9.408000
50	15.556800
50	15.674400
50	21.688800
50	34.036800
50	8.114400
50	28.274400
50	25.872000
50	21.184800
50	20.647200
50	17.102400
50	24.897600
50	27.132000
50	21.100800
50	0.000000
50	18.076800
50	12.331200
50	23.352000
50	29.954400
50	21.789600
50	21.033600
50	12.616800
50	18.160800
50	21.033600
50	0.000000
50	31.348800
50	6.266400
50	45.544800
50	24.897600
50	25.132800
50	30.021600
50	30.559200
50	17.808000
50	27.367200
50	14.582400
50	28.711200
50	26.426400
50	31.903200
50	22.730400
50	14.935200
50	29.366400
50	31.634400
50	30.004800
50	19.504800
50	48.703200
50	29.685600
50	40.891200
50	23.083200
50	21.688800
50	27.770400
50	20.042400
50	22.243200
50	15.338400
50	24.460800
50	25.939200
50	23.755200
50	17.690400
50	20.680800
50	19.303200
50	34.860000
50	41.563200
50	43.192800
50	26.980800
50	25.603200
50	12.700800
50	27.703200
50	16.632000
50	20.076000
50	15.405600
50	15.741600
50	26.880000
50	25.485600
50	16.900800
50	24.259200
50	20.748000
50	22.142400
50	26.224800
50	19.320000
50	21.823200
50	27.031200
50	19.689600
50	5.846400
50	17.707200
50	11.104800
50	30.273600
50	15.607200
50	16.111200
50	24.460800
50	19.924800
50	20.378400
50	9.105600
50	18.328800
50	15.422400
50	16.212000
50	22.108800
50	16.178400
50	53.340000
50	23.604000
50	19.521600
50	0.000000
50	24.192000
50	16.346400
50	23.368800
50	33.314400
50	25.636800
60	20.160000
60	26.510400
60	36.540000
60	33.247200
60	32.121600
60	16.665600
60	40.084800
60	35.851200
60	34.927200
60	57.388800
60	11.709600
60	57.724800
60	58.816800
60	32.155200
60	32.995200
60	10.130400
60	31.130400
60	52.886400
60	43.646400
60	39.933600
60	22.512000
60	15.489600
60	52.382400
60	28.358400
60	20.126400
60	58.648800
60	44.503200
60	17.455200
60	28.509600
60	28.291200
60	18.715200
60	40.958400
60	37.329600
60	36.304800
60	33.835200
60	12.751200
60	44.200800
60	15.640800
60	49.509600
60	26.779200
60	16.279200
60	48.232800
60	32.004000
60	30.626400
60	61.807200
60	16.279200
60	32.054400
60	73.785600
60	33.096000
60	38.035200
60	46.569600
60	51.861600
60	18.580800
60	37.212000
60	27.333600
60	24.343200
60	19.723200
60	38.724000
60	4.468800
60	52.197600
60	37.312800
60	32.508000
60	58.833600
60	32.474400
60	50.668800
60	27.736800
60	33.331200
60	24.813600
60	39.110400
60	30.105600
60	33.264000
60	28.408800
60	40.252800
60	1.075200
60	63.537600
60	28.072800
60	0.000000
60	28.140000
60	46.032000
60	50.954400
60	50.299200
60	28.022400
60	36.220800
60	25.989600
60	37.816800
60	15.036000
60	33.566400
60	35.464800
60	0.000000
60	49.022400
60	48.384000
60	19.000800
60	79.212000
60	40.874400
60	16.144800
60	56.011200
60	23.301600
60	30.122400
60	24.696000
60	41.428800
60	46.401600
60	39.093600
60	64.293600
60	34.238400
60	47.157600
60	8.702400
60	15.204000
60	37.816800
60	25.536000
60	7.257600
60	23.368800
60	12.684000
60	43.512000
60	12.415200
60	48.048000
60	34.255200
60	61.538400
60	13.826400
60	31.802400
60	45.729600
60	0.000000
60	14.464800
60	35.145600
60	31.936800
60	25.048800
60	13.255200
60	25.502400
60	50.181600
60	39.211200
60	23.318400
60	32.642400
60	18.060000
60	28.912800
60	29.836800
60	50.332800
60	45.964800
60	36.724800
60	0.369600
60	53.961600
60	32.356800
60	45.981600
60	27.787200
60	39.614400
60	2.553600
60	29.719200
60	9.374400
60	25.603200
60	65.318400
60	46.888800
60	41.176800
60	40.588800
60	35.414400
60	32.508000
60	31.012800
60	15.808800
60	24.040800
60	9.475200
60	50.080800
60	30.928800
60	3.746400
60	34.288800
60	20.126400
60	67.233600
60	49.711200
60	0.000000
60	41.512800
60	33.247200
60	43.092000
60	33.499200
60	14.431200
60	28.778400
60	62.126400
60	58.094400
60	77.380800
60	18.597600
60	23.335200
60	23.553600
60	66.847200
60	7.560000
60	24.931200
60	14.750400
60	41.580000
60	55.557600
60	61.521600
60	43.579200
60	18.127200
60	35.532000
60	60.244800
60	49.257600
60	33.717600
60	26.947200
60	27.720000
60	22.764000
60	35.263200
60	28.761600
60	46.888800
60	1.444800
60	65.133600
60	48.384000
60	34.137600
70	2.150400
70	4.284000
70	1.075200
70	41.428800
70	22.982400
70	10.432800
70	60.144000
70	48.871200
70	16.900800
70	35.263200
70	21.336000
70	76.238400
70	6.148800
70	1.881600
70	26.157600
70	52.298400
70	19.824000
70	18.110400
70	15.674400
70	41.949600
70	15.976800
70	32.726400
70	49.627200
70	61.740000
70	37.816800
70	25.804800
70	24.024000
70	40.084800
70	41.176800
70	26.762400
70	37.296000
70	62.916000
70	43.495200
70	21.688800
70	53.222400
70	42.470400
70	45.024000
70	22.831200
70	82.017600
70	23.604000
70	20.277600
70	12.952800
70	43.696800
70	29.668800
70	26.090400
70	29.719200
70	1.680000
70	38.488800
70	32.390400
70	28.106400
70	43.646400
70	39.580800
70	15.607200
70	13.944000
70	14.414400
70	62.764800
70	35.061600
70	30.660000
70	44.318400
70	39.244800
70	10.080000
70	69.888000
70	33.196800
70	17.875200
70	24.662400
70	11.222400
70	17.186400
70	10.332000
70	45.712800
70	22.831200
70	15.825600
70	49.509600
70	22.192800
70	33.818400
70	65.822400
70	27.535200
70	9.139200
70	28.862400
70	45.696000
70	25.956000
70	13.456800
70	21.067200
70	39.631200
70	33.801600
70	28.240800
70	6.921600
70	2.486400
70	17.455200
70	32.642400
70	1.075200
70	19.790400
70	26.342400
70	24.897600
70	46.317600
70	18.412800
70	35.952000
70	0.201600
70	28.845600
70	23.721600
70	38.992800
70	8.164800
70	28.610400
70	28.896000
70	49.862400
70	21.571200
70	87.612000
70	75.650400
70	47.577600
70	20.395200
70	38.438400
70	17.085600
70	1.075200
70	25.636800
70	31.970400
70	42.201600
70	8.416800
70	32.676000
70	42.873600
70	29.181600
70	64.663200
70	50.937600
70	58.262400
70	24.444000
70	42.134400
70	23.620800
70	29.971200
70	66.511200
70	52.214400
70	43.411200
70	27.955200
70	19.840800
70	39.816000
70	23.990400
70	7.358400
70	52.298400
70	30.626400
70	28.341600
70	33.885600
70	28.459200
70	39.127200
70	13.322400
70	56.112000
70	37.632000
70	2.990400
70	53.004000
70	26.174400
70	34.120800
70	9.189600
70	35.145600
70	18.765600
70	29.517600
70	38.505600
70	46.855200
70	10.348800
70	45.410400
70	31.113600
70	39.496800
70	23.032800
70	27.518400
70	50.316000
70	31.684800
70	35.011200
70	1.075200
70	21.840000
70	18.060000
70	22.965600
70	39.496800
70	17.203200
70	33.398400
70	51.340800
70	30.592800
70	23.889600
70	61.135200
70	54.264000
70	2.872800
70	64.545600
70	26.880000
70	51.273600
70	23.721600
70	9.979200
70	43.579200
70	50.097600
70	37.060800
70	22.898400
70	80.656800
70	30.475200
70	39.799200
70	25.048800
70	20.613600
70	36.943200
70	48.333600
70	42.604800
70	15.926400
70	18.211200
70	8.937600
70	3.108000
70	23.872800
70	14.078400
70	15.792000
70	45.494400
80	42.823200
80	23.133600
80	18.177600
80	66.343200
80	40.521600
80	17.253600
80	20.076000
80	13.557600
80	41.932800
80	51.727200
80	33.213600
80	21.134400
80	27.468000
80	30.592800
80	12.432000
80	58.195200
80	48.132000
80	1.394400
80	33.482400
80	11.726400
80	35.767200
80	19.370400
80	18.866400
80	19.286400
80	26.443200
80	5.913600
80	68.460000
80	30.727200
80	13.759200
80	29.366400
80	1.512000
80	30.223200
80	51.492000
80	32.205600
80	44.923200
80	28.879200
80	51.727200
80	21.890400
80	24.914400
80	25.082400
80	47.812800
80	60.429600
80	77.229600
80	35.280000
80	50.719200
80	29.719200
80	23.956800
80	58.262400
80	51.139200
80	44.906400
80	60.244800
80	42.688800
80	15.304800
80	40.488000
80	36.775200
80	13.036800
80	53.474400
80	17.757600
80	12.314400
80	62.244000
80	0.235200
80	43.747200
80	68.527200
80	24.309600
80	26.997600
80	21.033600
80	41.244000
80	32.474400
80	32.642400
80	44.990400
80	29.702400
80	27.770400
80	30.559200
80	19.404000
80	9.408000
80	17.068800
80	34.641600
80	10.214400
80	34.927200
80	54.432000
80	24.864000
80	61.555200
80	45.175200
80	33.163200
80	68.493600
80	31.382400
80	53.944800
80	22.528800
80	45.880800
80	42.571200
80	39.849600
80	17.875200
80	48.787200
80	22.848000
80	15.624000
80	19.303200
80	25.216800
80	23.990400
80	21.268800
80	5.880000
80	41.294400
80	69.753600
80	31.063200
80	20.092800
80	69.216000
80	32.592000
80	33.163200
80	18.933600
80	43.982400
80	22.209600
80	56.162400
80	44.436000
80	16.548000
80	42.016800
80	68.224800
80	37.766400
80	26.342400
80	57.170400
80	10.852800
80	10.197600
80	40.034400
80	27.081600
80	36.187200
80	23.755200
80	32.592000
80	63.588000
80	14.884800
80	12.180000
80	39.933600
80	33.885600
80	58.144800
80	71.332800
80	18.580800
80	46.048800
80	49.375200
80	16.682400
80	22.848000
80	5.863200
80	22.965600
80	25.216800
80	34.238400
80	35.380800
80	58.968000
80	28.442400
80	36.909600
80	21.621600
80	29.668800
80	23.049600
80	44.604000
80	29.215200
80	55.104000
80	21.856800
80	24.914400
80	13.725600
80	21.604800
80	37.329600
80	24.175200
80	17.572800
80	50.131200
80	42.756000
80	5.241600
80	62.798400
80	39.194400
80	18.849600
80	12.902400
80	47.577600
80	47.863200
80	63.772800
80	21.756000
80	48.787200
80	32.205600
80	40.521600
80	0.000000
80	39.984000
80	6.165600
80	19.622400
80	45.040800
80	57.456000
80	41.277600
80	58.800000
80	34.843200
80	39.547200
80	59.640000
80	38.707200
80	31.684800
80	44.856000
80	21.655200
80	61.303200
80	31.012800
80	42.823200
80	17.404800
80	8.786400
80	45.998400
80	64.579200
80	38.808000
80	32.944800
80	30.475200
80	42.151200
80	15.674400
80	40.236000
90	62.244000
90	60.211200
90	62.798400
90	26.947200
90	40.504800
90	23.889600
90	46.384800
90	53.827200
90	50.702400
90	40.370400
90	15.355200
90	14.733600
90	34.305600
90	30.475200
90	14.582400
90	25.519200
90	19.168800
90	14.196000
90	26.812800
90	50.568000
90	12.062400
90	47.409600
90	38.858400
90	42.151200
90	25.149600
90	22.344000
90	38.774400
90	8.853600
90	11.642400
90	28.190400
90	47.023200
90	44.772000
90	28.644000
90	39.043200
90	47.728800
90	62.966400
90	40.756800
90	73.416000
90	12.616800
90	39.412800
90	48.988800
90	47.493600
90	49.929600
90	46.956000
90	9.172800
90	5.023200
90	27.904800
90	23.402400
90	55.087200
90	42.772800
90	48.216000
90	42.403200
90	41.630400
90	26.560800
90	39.984000
90	30.122400
90	9.996000
90	25.586400
90	1.041600
90	20.025600
90	26.745600
90	27.552000
90	33.448800
90	10.936800
90	39.379200
90	34.876800
90	28.980000
90	44.906400
90	27.904800
90	17.556000
90	20.781600
90	52.600800
90	56.464800
90	35.599200
90	64.512000
90	59.304000
90	38.102400
90	40.152000
90	57.859200
90	34.305600
90	51.979200
90	26.073600
90	21.033600
90	32.558400
90	66.057600
90	11.340000
90	41.260800
90	33.868800
90	17.270400
90	15.976800
90	54.280800
90	44.116800
90	18.748800
90	43.125600
90	81.093600
90	22.293600
90	18.043200
90	42.588000
90	54.835200
90	56.918400
90	33.600000
90	21.050400
90	33.516000
90	21.571200
90	38.421600
90	51.408000
90	11.944800
90	22.864800
90	74.155200
90	31.936800
90	35.733600
90	55.490400
90	7.812000
90	41.193600
90	6.602400
90	30.828000
90	41.949600
90	38.102400
90	57.489600
90	42.940800
90	26.073600
90	11.894400
90	27.753600
90	36.792000
90	22.562400
90	51.004800
90	44.284800
90	39.664800
90	39.748800
90	29.652000
90	0.000000
90	24.645600
90	32.306400
90	40.202400
90	20.832000
90	7.660800
90	20.428800
90	1.176000
90	23.049600
90	47.376000
90	58.027200
90	25.401600
90	37.329600
90	28.207200
90	76.725600
90	25.771200
90	33.213600
90	22.612800
90	52.802400
90	48.216000
90	0.000000
90	2.150400
90	16.682400
90	43.864800
90	34.843200
90	22.747200
90	43.142400
90	23.755200
90	29.030400
90	22.058400
90	13.406400
90	19.118400
90	23.688000
90	12.969600
90	22.881600
90	23.016000
90	38.992800
90	26.174400
90	27.972000
90	49.425600
90	49.123200
90	7.308000
90	33.650400
90	30.357600
90	11.104800
90	7.173600
90	30.189600
90	33.852000
90	24.662400
90	40.588800
90	49.123200
90	59.791200
90	36.220800
90	28.694400
90	43.612800
90	12.700800
90	33.297600
90	52.248000
90	22.898400
90	27.904800
90	34.776000
90	12.818400
90	57.237600
90	1.075200
90	40.908000
90	10.113600
90	10.936800
90	23.049600
90	49.896000
90	10.500000
100	43.948800
100	3.208800
100	54.952800
100	12.297600
100	61.941600
100	71.853600
100	59.875200
100	30.273600
100	40.874400
100	57.321600
100	6.300000
100	17.623200
100	28.543200
100	26.090400
100	35.028000
100	37.060800
100	50.534400
100	0.000000
100	25.485600
100	24.460800
100	30.240000
100	32.625600
100	41.126400
100	1.075200
100	46.569600
100	0.000000
100	31.584000
100	38.136000
100	18.799200
100	53.642400
100	25.468800
100	59.068800
100	27.165600
100	69.232800
100	37.128000
100	60.631200
100	16.363200
100	8.635200
100	14.952000
100	2.200800
100	43.999200
100	22.108800
100	41.714400
100	34.893600
100	5.476800
100	19.521600
100	12.280800
100	28.896000
100	33.398400
100	26.308800
100	38.220000
100	25.687200
100	53.793600
100	19.555200
100	3.141600
100	13.288800
100	58.212000
100	33.902400
100	52.399200
100	42.688800
100	72.844800
100	0.000000
100	43.881600
100	18.093600
100	39.597600
100	64.898400
100	24.225600
100	33.499200
100	59.942400
100	46.048800
100	38.572800
100	19.168800
100	13.255200
100	17.925600
100	60.950400
100	31.483200
100	25.200000
100	36.136800
100	16.094400
100	29.517600
100	11.474400
100	51.256800
100	28.778400
100	29.887200
100	34.171200
100	36.036000
100	31.483200
100	35.061600
100	34.759200
100	43.176000
100	11.474400
100	0.000000
100	49.980000
100	18.211200
100	27.300000
100	11.373600
100	41.042400
100	34.305600
100	55.708800
100	49.123200
100	43.327200
100	31.600800
100	5.073600
100	48.434400
100	72.441600
100	75.700800
100	22.444800
100	28.207200
100	22.360800
100	25.855200
100	29.114400
100	57.355200
100	28.677600
100	28.560000
100	45.124800
100	17.119200
100	57.254400
100	62.445600
100	19.622400
100	19.672800
100	23.856000
100	41.613600
100	1.075200
100	38.707200
100	52.281600
100	32.524800
100	24.040800
100	20.479200
100	22.696800
100	1.075200
100	37.195200
100	27.384000
100	50.719200
100	43.092000
100	45.410400
100	16.464000
100	19.236000
100	37.396800
100	42.571200
100	37.816800
100	30.139200
100	43.999200
100	44.016000
100	69.350400
100	0.000000
100	32.256000
100	12.516000
100	30.592800
100	37.497600
100	37.396800
100	37.816800
100	36.859200
100	77.884800
100	33.986400
100	44.788800
100	51.004800
100	19.320000
100	18.984000
100	0.000000
100	18.664800
100	36.439200
100	0.806400
100	47.241600
100	28.156800
100	37.884000
100	22.444800
100	31.953600
100	25.519200
100	26.896800
100	27.518400
100	36.876000
100	26.913600
100	24.847200
100	11.239200
100	22.680000
100	42.252000
100	30.139200
100	18.480000
100	11.760000
100	26.628000
100	36.019200
100	53.558400
100	26.863200
100	47.493600
100	49.408800
100	43.982400
100	30.324000
100	53.037600
100	53.608800
100	25.317600
100	55.356000
100	45.948000
100	20.680800
100	21.537600
100	22.310400
100	31.567200
100	59.287200
100	4.569600
100	26.392800
100	27.770400
110	51.206400
110	45.343200
110	7.140000
110	34.893600
110	29.870400
110	45.914400
110	52.264800
110	25.569600
110	17.791200
110	29.584800
110	34.994400
110	54.499200
110	62.143200
110	73.197600
110	7.963200
110	47.880000
110	32.592000
110	36.506400
110	39.446400
110	9.811200
110	26.964000
110	39.530400
110	16.884000
110	14.918400
110	30.592800
110	17.690400
110	37.632000
110	35.011200
110	26.006400
110	39.295200
110	22.629600
110	29.736000
110	16.682400
110	1.075200
110	26.913600
110	7.593600
110	50.366400
110	23.940000
110	50.316000
110	14.061600
110	12.583200
110	7.190400
110	24.477600
110	51.290400
110	29.971200
110	16.564800
110	40.454400
110	39.597600
110	43.646400
110	25.468800
110	30.592800
110	52.063200
110	42.369600
110	17.875200
110	64.797600
110	33.028800
110	45.074400
110	37.984800
110	24.393600
110	21.369600
110	7.341600
110	38.001600
110	57.120000
110	53.138400
110	46.032000
110	43.444800
110	55.356000
110	12.129600
110	12.700800
110	37.077600
110	39.832800
110	39.026400
110	34.994400
110	25.519200
110	28.476000
110	65.923200
110	56.649600
110	56.901600
110	5.577600
110	26.964000
110	24.595200
110	21.487200
110	34.725600
110	10.449600
110	9.525600
110	36.825600
110	13.171200
110	32.272800
110	77.330400
110	29.702400
110	31.516800
110	25.670400
110	40.488000
110	0.000000
110	10.348800
110	21.386400
110	34.927200
110	10.416000
110	38.438400
110	29.467200
110	23.755200
110	35.212800
110	23.436000
110	2.335200
110	13.389600
110	43.848000
110	32.020800
110	34.020000
110	46.032000
110	16.716000
110	15.170400
110	73.046400
110	35.313600
110	29.736000
110	46.704000
110	37.195200
110	28.778400
110	53.995200
110	14.380800
110	46.569600
110	43.999200
110	36.422400
110	17.808000
110	13.440000
110	33.751200
110	12.230400
110	27.501600
110	32.625600
110	46.586400
110	30.928800
110	19.824000
110	25.552800
110	29.887200
110	5.644800
110	5.577600
110	35.095200
110	38.959200
110	19.084800
110	20.395200
110	25.922400
110	45.662400
110	48.266400
110	26.157600
110	25.939200
110	19.857600
110	32.743200
110	46.351200
110	13.524000
110	79.934400
110	31.080000
110	64.713600
110	16.749600
110	28.694400
110	23.469600
110	26.594400
110	47.460000
110	31.466400
110	18.228000
110	35.683200
110	28.526400
110	41.865600
110	25.855200
110	1.075200
110	47.628000
110	36.271200
110	21.957600
110	71.887200
110	38.606400
110	35.011200
110	66.343200
110	44.906400
110	38.976000
110	10.264800
110	47.476800
110	48.115200
110	23.688000
110	45.948000
110	45.696000
110	23.016000
110	10.886400
110	29.265600
110	28.677600
110	31.399200
110	21.571200
110	10.248000
110	36.724800
110	42.386400
110	34.322400
110	40.656000
110	10.063200
110	22.797600
110	31.063200
110	40.034400
110	90.501600
110	15.825600
110	12.633600
110	22.797600
110	69.888000
110	41.008800
110	3.763200
120	14.280000
120	49.526400
120	0.000000
120	0.000000
120	5.292000
120	23.688000
120	32.659200
120	34.137600
120	78.036000
120	40.857600
120	0.000000
120	4.804800
120	0.000000
120	44.049600
120	18.009600
120	53.424000
120	1.075200
120	20.949600
120	54.196800
120	0.000000
120	0.000000
120	57.288000
120	0.000000
120	4.132800
120	68.443200
120	22.982400
120	0.000000
120	44.704800
120	62.277600
120	11.020800
120	13.120800
120	29.920800
120	67.989600
120	14.011200
120	19.605600
120	109.989600
120	0.000000
120	3.998400
120	62.193600
120	1.008000
120	96.230400
120	16.346400
120	21.268800
120	101.287200
120	78.187200
120	0.000000
120	26.812800
120	1.075200
120	14.397600
120	2.570400
120	11.844000
120	0.000000
120	29.131200
120	45.561600
120	31.096800
120	25.771200
120	40.874400
120	25.552800
120	92.467200
120	29.836800
120	56.649600
120	44.990400
120	18.144000
120	66.024000
120	16.111200
120	45.360000
120	20.193600
120	42.772800
120	15.271200
120	32.205600
120	70.274400
120	54.146400
120	32.104800
120	1.948800
120	53.121600
120	55.843200
120	10.668000
120	62.042400
120	34.356000
120	0.000000
120	0.000000
120	0.000000
120	6.333600
120	23.116800
120	16.212000
120	43.696800
120	36.657600
120	32.760000
120	32.121600
120	71.685600
120	39.748800
120	22.545600
120	13.591200
120	22.579200
120	19.840800
120	9.576000
120	43.596000
120	15.926400
120	24.964800
120	56.784000
120	33.868800
120	28.610400
120	22.764000
120	2.671200
120	75.532800
120	24.897600
120	35.431200
120	33.028800
120	18.547200
120	62.748000
120	0.000000
120	47.594400
120	64.092000
120	46.956000
120	5.544000
120	0.000000
120	31.768800
120	1.797600
120	34.137600
120	31.432800
120	0.000000
120	78.859200
120	39.396000
120	43.008000
120	96.885600
120	52.096800
120	70.425600
120	35.548800
120	30.021600
120	4.452000
120	93.542400
120	41.176800
120	2.587200
120	23.620800
120	49.812000
120	98.515200
120	43.075200
120	25.183200
120	0.000000
120	16.128000
120	6.249600
120	17.119200
120	64.008000
120	13.272000
120	19.353600
120	1.075200
120	12.448800
120	24.108000
120	9.374400
120	37.060800
120	58.329600
120	87.914400
120	28.308000
120	0.672000
120	38.505600
120	0.000000
120	26.258400
120	25.922400
120	28.543200
120	15.439200
120	39.664800
120	20.176800
120	1.075200
120	0.000000
120	0.000000
120	0.000000
120	37.128000
120	108.612000
120	17.320800
120	40.656000
120	77.616000
120	0.000000
120	15.355200
120	0.000000
120	44.940000
120	37.850400
120	39.967200
120	1.075200
120	1.075200
120	67.435200
120	7.476000
120	43.512000
120	5.140800
120	27.972000
120	31.315200
120	22.629600
120	26.258400
120	0.000000
120	0.000000
120	36.019200
120	102.312000
120	28.173600
120	1.075200
120	33.936000
120	81.631200
120	19.840800
120	15.086400
120	56.733600
120	36.153600
120	38.035200
130	22.545600
130	28.274400
130	104.479200
130	0.000000
130	1.075200
130	3.729600
130	10.584000
130	11.961600
130	7.711200
130	21.756000
130	47.006400
130	2.133600
130	29.820000
130	21.420000
130	74.692800
130	5.308800
130	20.529600
130	98.162400
130	70.324800
130	52.231200
130	30.055200
130	91.711200
130	18.681600
130	21.974400
130	0.000000
130	1.075200
130	0.000000
130	8.954400
130	57.607200
130	36.103200
130	0.000000
130	51.844800
130	35.044800
130	49.039200
130	3.712800
130	44.251200
130	32.944800
130	40.202400
130	21.537600
130	30.240000
130	35.632800
130	59.589600
130	56.263200
130	34.843200
130	15.321600
130	51.290400
130	35.246400
130	23.184000
130	41.664000
130	48.501600
130	24.729600
130	4.116000
130	37.749600
130	86.620800
130	78.674400
130	68.476800
130	6.199200
130	30.055200
130	49.627200
130	38.791200
130	40.689600
130	27.988800
130	0.000000
130	27.165600
130	5.812800
130	30.660000
130	35.767200
130	46.200000
130	16.010400
130	23.335200
130	38.354400
130	29.601600
130	46.720800
130	0.000000
130	0.000000
130	39.345600
130	13.087200
130	50.904000
130	0.000000
130	31.248000
130	0.000000
130	8.215200
130	89.342400
130	34.221600
130	59.438400
130	22.024800
130	42.084000
130	2.150400
130	16.128000
130	6.249600
130	48.333600
130	49.812000
130	68.392800
130	117.331200
130	0.000000
130	50.820000
130	11.205600
130	16.564800
130	63.554400
130	26.208000
130	0.000000
130	51.340800
130	27.904800
130	45.662400
130	0.000000
130	56.212800
130	47.644800
130	66.544800
130	48.753600
130	18.715200
130	35.246400
130	0.000000
130	35.431200
130	32.491200
130	37.010400
130	59.505600
130	27.333600
130	88.485600
130	14.246400
130	5.930400
130	57.422400
130	37.800000
130	36.355200
130	9.660000
130	12.264000
130	6.484800
130	45.225600
130	13.624800
130	23.923200
130	47.359200
130	11.491200
130	5.796000
130	9.979200
130	10.936800
130	89.392800
130	4.116000
130	20.697600
130	67.888800
130	45.208800
130	7.106400
130	61.252800
130	40.992000
130	13.020000
130	56.666400
130	29.265600
130	32.793600
130	25.502400
130	37.128000
130	0.000000
130	42.319200
130	6.904800
130	43.730400
130	13.641600
130	56.817600
130	66.662400
130	1.075200
130	69.972000
130	0.000000
130	15.640800
130	47.023200
130	38.085600
130	9.038400
130	78.926400
130	1.075200
130	1.612800
130	28.879200
130	11.457600
130	27.568800
130	40.303200
130	27.333600
130	20.815200
130	64.192800
130	39.278400
130	43.327200
130	32.457600
130	20.966400
130	10.096800
130	55.154400
130	1.075200
130	63.302400
130	70.005600
130	6.568800
130	66.410400
130	1.075200
130	40.874400
130	42.756000
130	41.076000
130	16.682400
130	9.424800
130	35.700000
130	51.811200
130	22.713600
130	36.607200
130	27.652800
130	74.827200
130	5.728800
130	36.388800
130	43.512000
130	59.287200
130	27.014400
140	6.904800
140	19.908000
140	26.342400
140	51.542400
140	28.072800
140	74.272800
140	0.000000
140	36.573600
140	5.863200
140	23.654400
140	7.308000
140	36.993600
140	45.796800
140	95.944800
140	51.744000
140	52.365600
140	9.744000
140	34.557600
140	29.148000
140	0.000000
140	72.391200
140	19.773600
140	5.560800
140	40.790400
140	32.172000
140	10.651200
140	22.293600
140	21.957600
140	36.691200
140	43.444800
140	35.952000
140	62.042400
140	15.002400
140	0.000000
140	28.291200
140	63.134400
140	22.377600
140	11.793600
140	2.755200
140	1.209600
140	18.597600
140	3.763200
140	11.340000
140	46.620000
140	0.000000
140	49.324800
140	21.604800
140	66.091200
140	43.428000
140	19.941600
140	36.993600
140	0.000000
140	23.889600
140	30.945600
140	45.376800
140	20.126400
140	19.000800
140	27.434400
140	1.075200
140	56.700000
140	11.860800
140	17.992800
140	0.000000
140	56.649600
140	59.152800
140	75.784800
140	43.260000
140	35.414400
140	43.192800
140	35.112000
140	17.858400
140	51.441600
140	0.302400
140	0.000000
140	54.364800
140	0.000000
140	10.382400
140	76.507200
140	38.640000
140	73.029600
140	13.524000
140	21.621600
140	0.000000
140	21.924000
140	64.932000
140	44.436000
140	68.880000
140	1.075200
140	39.093600
140	59.035200
140	27.568800
140	0.000000
140	46.418400
140	44.788800
140	25.334400
140	3.931200
140	36.724800
140	106.713600
140	26.308800
140	72.676800
140	26.678400
140	46.838400
140	21.386400
140	22.310400
140	33.448800
140	30.206400
140	79.077600
140	20.764800
140	0.000000
140	31.399200
140	42.201600
140	0.000000
140	18.177600
140	11.088000
140	7.408800
140	0.000000
140	61.874400
140	76.087200
140	73.315200
140	51.240000
140	48.367200
140	32.020800
140	62.697600
140	7.644000
140	6.199200
140	31.752000
140	40.320000
140	53.709600
140	40.236000
140	34.356000
140	2.419200
140	42.907200
140	34.389600
140	44.788800
140	23.654400
140	28.677600
140	0.000000
140	34.893600
140	22.545600
140	17.858400
140	26.140800
140	29.702400
140	55.372800
140	2.856000
140	0.000000
140	18.093600
140	35.296800
140	19.152000
140	32.776800
140	26.728800
140	16.615200
140	37.380000
140	2.620800
140	40.236000
140	43.797600
140	25.603200
140	22.243200
140	30.156000
140	28.912800
140	18.278400
140	0.000000
140	26.678400
140	0.000000
140	12.415200
140	0.000000
140	47.090400
140	63.957600
140	31.466400
140	21.470400
140	39.043200
140	23.032800
140	1.612800
140	71.736000
140	28.828800
140	0.000000
140	14.616000
140	0.000000
140	37.917600
140	0.000000
140	18.160800
140	20.714400
140	37.380000
140	39.681600
140	60.799200
140	54.415200
140	30.828000
140	52.416000
140	0.000000
140	45.108000
140	42.436800
140	40.773600
140	28.576800
140	14.128800
140	27.434400
140	0.000000
140	5.661600
140	20.059200
140	87.830400
140	1.075200
140	0.000000
150	39.883200
150	25.569600
150	31.802400
150	71.383200
150	25.821600
150	18.681600
150	37.665600
150	82.824000
150	53.138400
150	5.997600
150	87.309600
150	7.039200
150	84.134400
150	6.048000
150	5.527200
150	38.287200
150	34.272000
150	43.646400
150	7.879200
150	31.012800
150	19.252800
150	52.180800
150	31.147200
150	45.864000
150	37.111200
150	13.339200
150	39.681600
150	58.212000
150	34.708800
150	31.432800
150	19.572000
150	52.180800
150	19.857600
150	22.310400
150	58.766400
150	29.954400
150	13.540800
150	12.314400
150	40.538400
150	54.986400
150	66.326400
150	5.157600
150	32.995200
150	43.176000
150	68.560800
150	9.643200
150	56.918400
150	0.000000
150	1.075200
150	22.948800
150	27.367200
150	0.000000
150	28.459200
150	34.826400
150	69.602400
150	32.911200
150	0.000000
150	5.208000
150	21.117600
150	82.908000
150	53.894400
150	63.050400
150	28.912800
150	34.188000
150	47.544000
150	88.250400
150	80.438400
150	8.450400
150	86.032800
150	33.180000
150	39.866400
150	1.394400
150	115.953600
150	61.252800
150	7.274400
150	64.461600
150	38.320800
150	0.907200
150	44.301600
150	1.075200
150	36.187200
150	11.222400
150	14.431200
150	0.000000
150	13.204800
150	44.839200
150	10.315200
150	17.875200
150	20.344800
150	46.704000
150	6.652800
150	3.729600
150	44.318400
150	37.783200
150	58.632000
150	18.463200
150	0.000000
150	131.930400
150	67.855200
150	17.791200
150	44.335200
150	39.211200
150	29.013600
150	0.000000
150	56.061600
150	27.888000
150	39.816000
150	8.820000
150	53.961600
150	0.000000
150	54.415200
150	37.766400
150	8.080800
150	71.836800
150	25.536000
150	32.138400
150	31.584000
150	29.517600
150	31.970400
150	23.335200
150	0.000000
150	36.439200
150	77.733600
150	16.144800
150	0.000000
150	30.592800
150	48.468000
150	1.377600
150	0.000000
150	59.035200
150	31.264800
150	58.800000
150	44.822400
150	90.132000
150	26.191200
150	15.472800
150	51.828000
150	54.398400
150	0.000000
150	38.354400
150	29.786400
150	1.075200
150	45.595200
150	2.150400
150	30.172800
150	1.075200
150	50.887200
150	51.021600
150	2.839200
150	0.000000
150	37.279200
150	28.627200
150	15.993600
150	43.579200
150	1.075200
150	55.944000
150	32.272800
150	123.715200
150	61.488000
150	0.000000
150	54.112800
150	51.979200
150	61.101600
150	0.000000
150	0.000000
150	45.528000
150	24.645600
150	0.000000
150	68.661600
150	0.000000
150	1.041600
150	34.087200
150	47.611200
150	1.075200
150	61.471200
150	3.292800
150	3.763200
150	49.375200
150	8.887200
150	69.232800
150	11.390400
150	18.244800
150	42.453600
150	44.436000
150	2.335200
150	58.514400
150	41.176800
150	32.726400
150	23.436000
150	23.503200
150	4.519200
150	70.812000
150	41.042400
150	15.792000
150	43.008000
150	10.701600
150	46.082400
150	26.560800
150	3.578400
150	57.556800
