10	2.251200
10	9.643200
10	6.115200
10	10.987200
10	6.636000
10	7.459200
10	6.266400
10	3.158400
10	9.088800
10	3.578400
10	8.752800
10	8.148000
10	4.200000
10	5.073600
10	6.333600
10	7.492800
10	9.912000
10	5.308800
10	6.132000
10	11.004000
10	6.636000
10	7.576800
10	6.484800
10	6.081600
10	4.687200
10	6.837600
10	10.500000
10	3.410400
10	2.956800
10	4.972800
10	0.520800
10	4.687200
10	8.047200
10	11.172000
10	10.752000
10	10.248000
10	6.266400
10	3.393600
10	11.172000
10	4.485600
10	8.786400
10	5.308800
10	9.391200
10	4.821600
10	8.299200
10	6.501600
10	4.754400
10	3.309600
10	4.284000
10	7.190400
10	7.526400
10	6.367200
10	5.913600
10	3.931200
10	6.300000
10	7.812000
10	6.417600
10	6.921600
10	7.022400
10	1.394400
10	7.694400
10	0.722400
10	6.468000
10	2.503200
10	10.180800
10	11.172000
10	4.536000
10	16.094400
10	5.964000
10	9.878400
10	9.408000
10	10.281600
10	3.780000
10	4.939200
10	3.880800
10	2.486400
10	8.635200
10	12.398400
10	2.788800
10	8.685600
10	11.743200
10	4.956000
10	9.559200
10	4.099200
10	11.155200
10	4.032000
10	3.124800
10	4.888800
10	8.618400
10	9.794400
10	4.334400
10	8.349600
10	6.955200
10	8.652000
10	5.997600
10	6.837600
10	3.595200
10	1.075200
10	10.735200
10	5.359200
10	8.601600
10	9.122400
10	7.845600
10	4.737600
10	5.644800
10	1.680000
10	7.929600
10	6.518400
10	4.183200
10	8.366400
10	6.333600
10	5.476800
10	3.208800
10	12.717600
10	7.291200
10	11.541600
10	7.240800
10	6.669600
10	3.511200
10	8.752800
10	5.510400
10	10.785600
10	6.316800
10	3.040800
10	8.568000
10	8.887200
10	4.704000
10	0.134400
10	1.780800
10	5.124000
10	7.089600
10	3.158400
10	9.811200
10	7.711200
10	3.763200
10	14.733600
10	7.425600
10	7.912800
10	5.292000
10	6.400800
10	9.172800
10	7.005600
10	9.088800
10	11.272800
10	6.837600
10	12.969600
10	8.971200
10	4.048800
10	11.928000
10	11.272800
10	8.702400
10	9.576000
10	5.594400
10	6.888000
10	1.344000
10	5.090400
10	6.064800
10	3.024000
10	6.753600
10	2.856000
10	3.914400
10	2.368800
10	10.533600
10	14.280000
10	6.804000
10	8.534400
10	7.106400
10	10.113600
10	2.318400
10	10.684800
10	16.010400
10	2.620800
10	1.764000
10	13.104000
10	11.457600
10	4.334400
10	9.156000
10	6.249600
10	9.861600
10	4.032000
10	5.359200
10	11.205600
10	3.864000
10	6.367200
10	6.955200
10	9.458400
10	2.570400
10	8.232000
10	5.426400
10	12.096000
10	2.150400
10	8.047200
10	9.357600
10	7.509600
10	14.162400
10	9.357600
10	4.737600
10	9.542400
10	5.527200
10	6.316800
20	11.877600
20	13.591200
20	17.841600
20	16.396800
20	4.351200
20	8.114400
20	6.451200
20	24.225600
20	17.102400
20	16.699200
20	17.152800
20	8.568000
20	15.640800
20	23.520000
20	13.994400
20	16.413600
20	6.652800
20	1.159200
20	10.718400
20	13.423200
20	17.589600
20	6.115200
20	20.865600
20	14.061600
20	0.000000
20	8.702400
20	13.188000
20	19.924800
20	7.089600
20	9.122400
20	16.346400
20	5.006400
20	7.173600
20	15.506400
20	17.455200
20	4.586400
20	15.926400
20	8.517600
20	12.348000
20	12.650400
20	21.806400
20	8.769600
20	10.214400
20	18.782400
20	3.998400
20	2.654400
20	11.138400
20	13.876800
20	10.668000
20	6.703200
20	13.053600
20	11.541600
20	9.122400
20	17.388000
20	20.731200
20	10.903200
20	17.119200
20	23.301600
20	18.564000
20	15.271200
20	9.408000
20	12.180000
20	7.711200
20	7.140000
20	2.083200
20	11.911200
20	3.679200
20	14.397600
20	17.640000
20	2.251200
20	12.415200
20	8.752800
20	16.279200
20	24.393600
20	10.315200
20	9.004800
20	4.351200
20	12.700800
20	25.888800
20	9.828000
20	14.179200
20	11.558400
20	18.127200
20	9.139200
20	12.196800
20	17.304000
20	0.655200
20	22.461600
20	10.248000
20	24.897600
20	9.945600
20	8.568000
20	13.624800
20	10.365600
20	17.001600
20	8.584800
20	14.280000
20	18.849600
20	11.222400
20	10.298400
20	11.659200
20	9.643200
20	15.036000
20	17.488800
20	14.968800
20	12.364800
20	11.508000
20	5.745600
20	15.792000
20	19.252800
20	10.130400
20	11.827200
20	11.860800
20	5.107200
20	12.835200
20	12.280800
20	4.132800
20	6.014400
20	29.836800
20	22.646400
20	2.032800
20	17.136000
20	23.486400
20	8.769600
20	11.776800
20	8.047200
20	7.593600
20	12.549600
20	25.704000
20	19.420800
20	21.823200
20	5.913600
20	30.727200
20	10.584000
20	10.214400
20	22.041600
20	6.988800
20	9.156000
20	7.509600
20	19.840800
20	11.676000
20	14.280000
20	5.544000
20	11.440800
20	12.163200
20	7.341600
20	6.552000
20	26.157600
20	14.851200
20	21.554400
20	16.783200
20	5.913600
20	12.348000
20	11.642400
20	33.432000
20	3.595200
20	14.599200
20	18.530400
20	21.436800
20	16.010400
20	17.320800
20	12.348000
20	9.492000
20	18.110400
20	10.651200
20	19.303200
20	6.854400
20	8.988000
20	6.400800
20	14.901600
20	18.261600
20	8.853600
20	13.540800
20	18.597600
20	6.585600
20	15.926400
20	14.263200
20	13.389600
20	12.432000
20	24.192000
20	15.439200
20	8.904000
20	6.753600
20	19.488000
20	17.858400
20	11.894400
20	5.628000
20	20.210400
20	6.585600
20	10.214400
20	15.355200
20	8.635200
20	11.071200
20	16.178400
20	14.918400
20	6.652800
20	9.156000
20	6.501600
20	3.662400
20	6.888000
30	10.533600
30	8.786400
30	8.467200
30	5.006400
30	19.756800
30	30.878400
30	24.528000
30	3.360000
30	20.445600
30	29.971200
30	24.544800
30	28.156800
30	18.597600
30	24.091200
30	25.821600
30	13.070400
30	27.770400
30	22.310400
30	21.134400
30	30.088800
30	7.190400
30	25.485600
30	23.301600
30	26.342400
30	25.620000
30	22.293600
30	17.892000
30	19.336800
30	23.654400
30	9.912000
30	4.317600
30	17.169600
30	23.721600
30	12.264000
30	9.576000
30	14.884800
30	13.120800
30	30.744000
30	19.521600
30	11.340000
30	11.911200
30	23.620800
30	31.264800
30	3.595200
30	15.556800
30	17.102400
30	32.239200
30	12.482400
30	28.022400
30	9.777600
30	26.695200
30	26.913600
30	16.548000
30	21.588000
30	15.288000
30	16.615200
30	26.947200
30	14.582400
30	14.548800
30	19.773600
30	5.695200
30	40.572000
30	21.319200
30	36.808800
30	24.158400
30	2.906400
30	16.195200
30	11.457600
30	38.707200
30	1.797600
30	21.974400
30	17.908800
30	16.430400
30	24.108000
30	15.825600
30	18.564000
30	28.425600
30	16.480800
30	21.420000
30	3.628800
30	19.303200
30	31.651200
30	18.429600
30	16.615200
30	20.680800
30	26.090400
30	12.751200
30	26.611200
30	17.892000
30	19.740000
30	26.308800
30	17.421600
30	20.731200
30	15.708000
30	12.700800
30	20.714400
30	40.538400
30	17.220000
30	18.312000
30	21.672000
30	13.288800
30	8.803200
30	47.409600
30	12.499200
30	29.584800
30	8.719200
30	29.618400
30	23.923200
30	16.581600
30	18.412800
30	16.161600
30	12.532800
30	17.841600
30	17.522400
30	13.087200
30	29.484000
30	21.957600
30	27.837600
30	26.275200
30	23.251200
30	16.027200
30	9.172800
30	18.345600
30	7.072800
30	17.270400
30	12.499200
30	19.152000
30	33.213600
30	8.416800
30	10.903200
30	28.946400
30	27.652800
30	23.217600
30	13.473600
30	5.964000
30	38.841600
30	17.472000
30	31.768800
30	22.663200
30	20.445600
30	26.426400
30	25.048800
30	15.170400
30	15.220800
30	2.133600
30	28.123200
30	18.328800
30	23.822400
30	13.826400
30	34.641600
30	11.928000
30	14.599200
30	24.494400
30	28.190400
30	41.731200
30	17.757600
30	4.468800
30	9.391200
30	26.745600
30	30.408000
30	29.164800
30	9.643200
30	47.258400
30	29.198400
30	30.660000
30	25.956000
30	22.041600
30	15.657600
30	28.946400
30	26.695200
30	17.388000
30	23.856000
30	16.984800
30	26.409600
30	18.127200
30	27.031200
30	9.492000
30	16.464000
30	28.442400
30	39.513600
30	14.935200
30	9.693600
30	0.000000
30	14.481600
30	19.488000
30	24.141600
30	30.576000
30	12.062400
30	20.580000
30	7.694400
30	17.623200
30	24.544800
30	24.931200
30	20.580000
30	9.055200
30	21.823200
30	31.516800
30	30.475200
30	27.081600
30	11.692800
40	6.384000
40	25.082400
40	15.691200
40	18.816000
40	31.231200
40	23.805600
40	33.247200
40	21.789600
40	26.913600
40	12.280800
40	21.991200
40	36.187200
40	44.318400
40	19.286400
40	8.030400
40	40.219200
40	35.515200
40	35.128800
40	13.826400
40	24.561600
40	35.263200
40	19.152000
40	26.812800
40	1.764000
40	21.940800
40	29.618400
40	8.752800
40	49.761600
40	1.327200
40	43.747200
40	13.440000
40	23.856000
40	35.044800
40	0.000000
40	36.204000
40	6.333600
40	48.064800
40	42.151200
40	26.359200
40	16.850400
40	14.229600
40	7.610400
40	7.106400
40	2.368800
40	44.923200
40	12.364800
40	27.182400
40	19.420800
40	17.186400
40	23.436000
40	23.452800
40	8.500800
40	21.789600
40	19.874400
40	11.877600
40	26.174400
40	22.680000
40	24.460800
40	29.719200
40	7.341600
40	39.093600
40	39.312000
40	12.919200
40	29.820000
40	18.950400
40	8.299200
40	42.873600
40	11.760000
40	45.679200
40	29.635200
40	45.208800
40	2.032800
40	30.525600
40	16.060800
40	23.167200
40	31.466400
40	17.455200
40	16.430400
40	12.465600
40	9.105600
40	14.632800
40	28.207200
40	19.404000
40	25.401600
40	50.467200
40	51.290400
40	39.866400
40	19.672800
40	27.182400
40	18.816000
40	25.065600
40	34.725600
40	18.799200
40	24.696000
40	15.271200
40	30.223200
40	52.684800
40	17.236800
40	27.904800
40	47.980800
40	39.160800
40	14.498400
40	31.298400
40	32.071200
40	29.484000
40	8.047200
40	21.924000
40	20.580000
40	33.381600
40	12.751200
40	9.307200
40	15.405600
40	43.478400
40	47.762400
40	30.189600
40	12.465600
40	7.912800
40	19.773600
40	28.240800
40	48.165600
40	43.612800
40	45.225600
40	21.487200
40	42.756000
40	39.160800
40	7.912800
40	29.769600
40	13.826400
40	20.462400
40	37.077600
40	19.135200
40	15.338400
40	15.288000
40	21.252000
40	21.319200
40	19.824000
40	15.237600
40	24.242400
40	5.460000
40	21.873600
40	33.062400
40	25.687200
40	10.768800
40	34.742400
40	32.810400
40	18.211200
40	30.038400
40	7.291200
40	34.574400
40	20.176800
40	23.402400
40	50.232000
40	23.906400
40	28.576800
40	14.128800
40	25.720800
40	28.257600
40	13.154400
40	19.286400
40	12.280800
40	11.188800
40	38.270400
40	34.860000
40	18.816000
40	21.722400
40	42.100800
40	25.250400
40	30.576000
40	19.202400
40	13.826400
40	32.121600
40	18.715200
40	25.704000
40	24.964800
40	23.822400
40	38.270400
40	42.386400
40	50.517600
40	11.961600
40	31.315200
40	50.937600
40	0.000000
40	43.327200
40	27.787200
40	22.965600
40	7.106400
40	29.080800
40	32.793600
40	13.624800
40	28.341600
40	13.389600
40	20.176800
40	26.023200
40	22.512000
40	30.643200
40	38.068800
40	25.888800
40	33.499200
40	41.428800
40	10.785600
50	0.000000
50	13.322400
50	52.449600
50	45.393600
50	53.995200
50	24.074400
50	11.440800
50	58.699200
50	43.915200
50	21.151200
50	60.866400
50	21.772800
50	31.264800
50	30.256800
50	23.100000
50	18.765600
50	30.374400
50	33.180000
50	34.204800
50	22.075200
50	24.931200
50	38.556000
50	16.329600
50	0.000000
50	30.945600
50	23.436000
50	54.213600
50	37.027200
50	11.541600
50	44.856000
50	22.965600
50	33.112800
50	36.876000
50	19.017600
50	9.458400
50	18.194400
50	42.756000
50	30.408000
50	42.302400
50	18.446400
50	61.622400
50	38.472000
50	41.949600
50	20.328000
50	9.088800
50	30.626400
50	16.279200
50	4.132800
50	51.626400
50	19.689600
50	40.252800
50	30.004800
50	38.539200
50	37.094400
50	24.780000
50	51.290400
50	10.147200
50	49.224000
50	5.779200
50	27.148800
50	36.758400
50	38.757600
50	47.208000
50	9.542400
50	22.478400
50	34.473600
50	14.028000
50	5.174400
50	16.648800
50	32.642400
50	37.346400
50	27.820800
50	41.361600
50	47.896800
50	47.443200
50	40.051200
50	35.632800
50	30.055200
50	42.470400
50	40.336800
50	54.667200
50	22.932000
50	48.300000
50	19.840800
50	48.350400
50	39.698400
50	48.820800
50	28.039200
50	33.969600
50	26.275200
50	23.217600
50	44.788800
50	26.796000
50	33.482400
50	42.772800
50	28.106400
50	33.667200
50	35.649600
50	35.733600
50	4.771200
50	35.380800
50	29.467200
50	42.218400
50	43.932000
50	20.697600
50	19.454400
50	34.692000
50	28.812000
50	22.528800
50	35.498400
50	18.060000
50	38.371200
50	48.400800
50	9.828000
50	6.535200
50	27.854400
50	13.490400
50	49.912800
50	30.626400
50	33.247200
50	26.544000
50	48.787200
50	6.064800
50	42.571200
50	33.381600
50	7.761600
50	16.044000
50	19.874400
50	51.996000
50	58.984800
50	16.716000
50	24.259200
50	37.094400
50	17.304000
50	28.224000
50	37.732800
50	17.992800
50	24.964800
50	29.988000
50	20.714400
50	37.648800
50	30.424800
50	40.017600
50	9.676800
50	22.612800
50	47.308800
50	40.538400
50	23.788800
50	52.785600
50	31.668000
50	31.600800
50	15.909600
50	22.310400
50	22.663200
50	25.653600
50	17.052000
50	30.391200
50	50.652000
50	19.588800
50	47.426400
50	29.013600
50	32.877600
50	0.000000
50	24.208800
50	28.996800
50	15.086400
50	33.012000
50	31.147200
50	16.094400
50	34.104000
50	3.948000
50	21.319200
50	37.413600
50	41.865600
50	16.464000
50	23.469600
50	27.468000
50	28.207200
50	29.870400
50	26.107200
50	2.805600
50	36.741600
50	14.498400
50	1.680000
50	15.489600
50	29.668800
50	38.236800
50	11.608800
50	12.213600
50	36.220800
50	24.645600
50	59.707200
50	5.510400
50	40.152000
50	11.575200
50	22.125600
50	6.753600
50	15.153600
50	18.547200
50	54.852000
60	31.903200
60	35.834400
60	30.928800
60	4.704000
60	30.324000
60	94.130400
60	43.646400
60	23.889600
60	51.172800
60	35.599200
60	36.086400
60	32.558400
60	41.647200
60	61.118400
60	33.180000
60	1.075200
60	8.400000
60	10.920000
60	35.767200
60	59.673600
60	38.220000
60	33.247200
60	31.852800
60	36.355200
60	67.620000
60	45.007200
60	36.036000
60	47.409600
60	51.794400
60	47.863200
60	21.067200
60	44.671200
60	33.852000
60	10.466400
60	43.075200
60	36.640800
60	19.924800
60	23.688000
60	48.703200
60	16.699200
60	35.498400
60	28.341600
60	40.992000
60	2.436000
60	45.007200
60	52.332000
60	64.848000
60	21.504000
60	33.129600
60	47.359200
60	52.248000
60	26.073600
60	23.872800
60	57.607200
60	28.509600
60	63.756000
60	46.788000
60	35.985600
60	31.600800
60	20.260800
60	39.043200
60	34.507200
60	61.656000
60	16.598400
60	25.804800
60	30.458400
60	57.573600
60	22.377600
60	13.725600
60	38.052000
60	25.200000
60	29.013600
60	66.494400
60	29.551200
60	30.559200
60	9.979200
60	15.825600
60	29.920800
60	61.891200
60	25.804800
60	13.356000
60	33.885600
60	54.028800
60	28.056000
60	25.687200
60	27.249600
60	8.971200
60	36.657600
60	68.644800
60	31.399200
60	22.092000
60	21.050400
60	48.350400
60	13.843200
60	39.312000
60	21.537600
60	23.284800
60	40.000800
60	55.104000
60	20.025600
60	28.476000
60	14.229600
60	28.056000
60	15.573600
60	24.225600
60	33.868800
60	47.325600
60	34.608000
60	21.184800
60	21.268800
60	43.663200
60	22.209600
60	15.220800
60	9.508800
60	39.345600
60	46.166400
60	37.665600
60	17.119200
60	13.406400
60	31.029600
60	29.853600
60	38.455200
60	34.372800
60	57.825600
60	57.237600
60	43.982400
60	8.702400
60	18.849600
60	63.621600
60	42.016800
60	23.385600
60	25.284000
60	47.779200
60	41.932800
60	5.947200
60	47.023200
60	37.884000
60	47.678400
60	39.009600
60	43.327200
60	43.024800
60	22.226400
60	36.708000
60	5.124000
60	21.907200
60	33.818400
60	17.740800
60	25.720800
60	29.618400
60	54.499200
60	30.525600
60	32.877600
60	24.914400
60	36.271200
60	17.119200
60	26.930400
60	42.840000
60	49.711200
60	17.488800
60	68.308800
60	27.552000
60	21.588000
60	38.287200
60	47.644800
60	4.015200
60	23.268000
60	13.406400
60	40.320000
60	27.283200
60	16.598400
60	30.374400
60	30.357600
60	36.422400
60	27.552000
60	10.718400
60	50.366400
60	41.529600
60	21.638400
60	30.492000
60	39.043200
60	36.338400
60	35.498400
60	68.611200
60	30.777600
60	27.031200
60	38.052000
60	42.117600
60	25.267200
60	31.080000
60	29.433600
60	48.770400
60	33.432000
60	46.368000
60	56.196000
60	24.880800
60	38.925600
60	42.000000
60	28.056000
60	55.893600
60	44.217600
70	25.233600
70	31.416000
70	23.200800
70	33.885600
70	45.679200
70	25.300800
70	34.876800
70	21.588000
70	65.923200
70	23.133600
70	15.254400
70	63.873600
70	47.661600
70	27.232800
70	4.569600
70	21.571200
70	14.162400
70	39.278400
70	54.566400
70	11.323200
70	48.585600
70	32.995200
70	25.452000
70	35.448000
70	29.215200
70	24.746400
70	42.201600
70	55.305600
70	31.248000
70	25.653600
70	55.927200
70	21.436800
70	28.896000
70	42.991200
70	5.644800
70	60.345600
70	37.800000
70	35.784000
70	2.856000
70	14.532000
70	29.450400
70	48.148800
70	32.121600
70	45.561600
70	27.753600
70	37.900800
70	22.814400
70	27.820800
70	21.084000
70	35.464800
70	43.797600
70	27.636000
70	14.700000
70	39.412800
70	46.149600
70	25.418400
70	25.720800
70	70.257600
70	54.734400
70	54.213600
70	19.084800
70	26.510400
70	14.515200
70	10.752000
70	54.432000
70	5.812800
70	9.139200
70	5.241600
70	33.717600
70	16.800000
70	46.720800
70	75.919200
70	29.803200
70	40.101600
70	19.555200
70	17.438400
70	45.964800
70	45.813600
70	28.173600
70	41.680800
70	41.630400
70	29.954400
70	27.434400
70	11.642400
70	50.551200
70	40.992000
70	55.339200
70	65.385600
70	40.857600
70	28.576800
70	71.702400
70	27.316800
70	54.684000
70	6.770400
70	24.393600
70	26.762400
70	25.888800
70	35.935200
70	24.897600
70	58.161600
70	17.354400
70	34.255200
70	24.192000
70	26.107200
70	21.621600
70	52.382400
70	47.040000
70	57.674400
70	36.556800
70	20.798400
70	48.921600
70	29.114400
70	36.892800
70	22.831200
70	54.566400
70	13.860000
70	28.257600
70	34.036800
70	23.436000
70	27.787200
70	24.040800
70	14.414400
70	62.848800
70	12.448800
70	67.015200
70	53.844000
70	36.120000
70	26.443200
70	30.794400
70	30.374400
70	37.716000
70	47.359200
70	43.192800
70	13.036800
70	12.633600
70	45.292800
70	25.956000
70	47.308800
70	55.860000
70	50.198400
70	21.218400
70	19.504800
70	36.842400
70	31.920000
70	18.648000
70	28.072800
70	17.152800
70	50.400000
70	9.878400
70	50.988000
70	30.609600
70	34.994400
70	34.036800
70	20.613600
70	39.496800
70	14.884800
70	39.631200
70	16.766400
70	64.075200
70	26.846400
70	40.051200
70	31.432800
70	46.048800
70	1.394400
70	24.108000
70	30.441600
70	51.576000
70	54.331200
70	46.603200
70	16.632000
70	22.999200
70	10.214400
70	46.519200
70	44.721600
70	10.399200
70	58.077600
70	42.672000
70	22.831200
70	36.422400
70	25.334400
70	25.032000
70	14.347200
70	26.896800
70	53.306400
70	40.639200
70	13.776000
70	44.150400
70	23.436000
70	38.270400
70	7.711200
70	53.928000
70	48.820800
70	53.491200
70	33.633600
70	27.619200
70	48.686400
70	25.636800
70	55.171200
70	22.898400
70	11.928000
80	21.487200
80	17.035200
80	37.480800
80	38.337600
80	15.019200
80	40.454400
80	57.792000
80	28.408800
80	49.728000
80	32.995200
80	34.675200
80	20.328000
80	43.008000
80	40.488000
80	27.384000
80	81.312000
80	30.004800
80	16.312800
80	22.176000
80	36.237600
80	21.151200
80	45.544800
80	24.645600
80	46.468800
80	33.936000
80	28.711200
80	47.863200
80	31.332000
80	34.658400
80	15.489600
80	33.482400
80	57.640800
80	65.839200
80	42.201600
80	42.974400
80	0.000000
80	40.924800
80	27.938400
80	37.161600
80	41.966400
80	30.979200
80	23.839200
80	10.449600
80	37.648800
80	42.201600
80	33.364800
80	11.474400
80	24.108000
80	9.038400
80	70.274400
80	27.484800
80	39.127200
80	57.321600
80	50.232000
80	12.852000
80	19.723200
80	37.346400
80	46.838400
80	33.045600
80	27.216000
80	57.943200
80	16.329600
80	53.491200
80	27.787200
80	51.693600
80	61.689600
80	52.516800
80	15.691200
80	42.537600
80	32.239200
80	35.918400
80	30.189600
80	51.139200
80	28.476000
80	26.107200
80	35.246400
80	15.204000
80	32.104800
80	20.916000
80	30.055200
80	21.688800
80	76.675200
80	39.580800
80	31.264800
80	30.828000
80	55.356000
80	38.623200
80	45.864000
80	53.810400
80	14.952000
80	7.291200
80	23.452800
80	51.189600
80	27.031200
80	24.880800
80	44.083200
80	37.077600
80	20.563200
80	23.738400
80	45.376800
80	31.953600
80	21.705600
80	6.434400
80	27.400800
80	28.291200
80	23.738400
80	17.572800
80	24.847200
80	43.512000
80	8.836800
80	23.788800
80	47.964000
80	11.289600
80	45.712800
80	29.887200
80	45.007200
80	56.532000
80	18.782400
80	53.071200
80	45.141600
80	23.352000
80	27.333600
80	54.348000
80	12.146400
80	60.127200
80	33.280800
80	57.069600
80	28.392000
80	30.794400
80	47.040000
80	25.099200
80	54.835200
80	4.149600
80	47.275200
80	20.042400
80	7.375200
80	21.336000
80	44.520000
80	15.808800
80	57.708000
80	32.491200
80	35.464800
80	42.890400
80	65.066400
80	37.447200
80	0.000000
80	11.272800
80	35.532000
80	33.583200
80	19.672800
80	48.384000
80	16.245600
80	12.348000
80	42.319200
80	26.964000
80	34.742400
80	29.971200
80	34.708800
80	9.189600
80	74.104800
80	16.447200
80	55.507200
80	20.462400
80	52.348800
80	24.410400
80	10.920000
80	37.800000
80	62.126400
80	34.456800
80	26.275200
80	44.234400
80	45.931200
80	29.080800
80	1.024800
80	37.682400
80	37.783200
80	65.385600
80	33.852000
80	28.173600
80	11.592000
80	33.516000
80	47.124000
80	59.774400
80	51.676800
80	18.900000
80	29.181600
80	16.632000
80	16.816800
80	6.972000
80	39.211200
80	23.956800
80	21.856800
80	36.372000
80	50.937600
80	28.341600
80	31.046400
80	32.810400
80	35.212800
80	44.973600
80	38.656800
90	21.520800
90	47.224800
90	49.560000
90	21.100800
90	62.731200
90	40.320000
90	40.958400
90	26.678400
90	63.873600
90	30.189600
90	4.418400
90	30.189600
90	10.080000
90	31.752000
90	19.723200
90	40.706400
90	29.769600
90	19.336800
90	36.657600
90	40.538400
90	11.491200
90	34.036800
90	25.015200
90	17.808000
90	36.741600
90	30.912000
90	6.417600
90	43.243200
90	34.053600
90	52.668000
90	22.411200
90	25.569600
90	40.219200
90	29.769600
90	25.888800
90	19.706400
90	35.616000
90	54.650400
90	53.071200
90	30.324000
90	40.891200
90	17.942400
90	33.549600
90	60.631200
90	25.116000
90	38.186400
90	11.776800
90	23.956800
90	32.860800
90	42.319200
90	26.863200
90	49.627200
90	32.071200
90	33.986400
90	13.423200
90	42.336000
90	65.520000
90	15.540000
90	12.516000
90	43.276800
90	37.968000
90	60.681600
90	50.215200
90	40.404000
90	49.089600
90	25.116000
90	44.738400
90	35.767200
90	56.498400
90	56.414400
90	27.736800
90	49.660800
90	20.563200
90	38.505600
90	26.493600
90	30.895200
90	33.549600
90	32.356800
90	28.190400
90	52.584000
90	38.707200
90	32.877600
90	4.737600
90	23.251200
90	37.615200
90	41.260800
90	25.200000
90	45.612000
90	58.312800
90	18.715200
90	38.774400
90	37.044000
90	27.182400
90	67.804800
90	21.285600
90	23.520000
90	14.112000
90	19.924800
90	30.676800
90	37.581600
90	36.540000
90	26.661600
90	6.921600
90	27.888000
90	33.280800
90	28.560000
90	24.292800
90	23.049600
90	44.906400
90	39.816000
90	44.016000
90	17.001600
90	28.728000
90	13.440000
90	19.420800
90	23.251200
90	28.644000
90	48.115200
90	49.744800
90	48.636000
90	58.480800
90	19.605600
90	16.464000
90	29.080800
90	41.109600
90	12.432000
90	23.335200
90	9.088800
90	61.857600
90	20.731200
90	35.448000
90	7.744800
90	50.064000
90	33.112800
90	32.424000
90	29.114400
90	38.001600
90	49.089600
90	29.853600
90	29.097600
90	8.736000
90	48.703200
90	26.191200
90	2.116800
90	34.927200
90	23.872800
90	51.021600
90	27.148800
90	38.976000
90	20.160000
90	31.029600
90	46.872000
90	29.030400
90	21.268800
90	33.213600
90	10.500000
90	50.265600
90	54.700800
90	37.951200
90	28.190400
90	45.225600
90	40.135200
90	19.471200
90	17.757600
90	22.696800
90	77.616000
90	35.750400
90	30.139200
90	10.869600
90	51.744000
90	50.450400
90	69.249600
90	12.566400
90	47.140800
90	34.960800
90	25.905600
90	30.240000
90	10.735200
90	14.380800
90	42.604800
90	53.424000
90	15.876000
90	5.611200
90	19.404000
90	38.404800
90	25.771200
90	18.278400
90	28.408800
90	12.616800
90	45.108000
90	46.132800
90	14.952000
90	5.644800
90	87.595200
90	25.250400
90	55.406400
90	34.826400
90	27.770400
90	48.384000
90	65.520000
100	19.857600
100	18.513600
100	47.611200
100	31.684800
100	54.348000
100	45.948000
100	37.128000
100	39.984000
100	20.176800
100	27.350400
100	48.300000
100	54.196800
100	2.486400
100	40.437600
100	30.727200
100	40.303200
100	28.358400
100	42.739200
100	30.592800
100	48.350400
100	36.943200
100	18.681600
100	20.899200
100	20.865600
100	53.961600
100	28.140000
100	12.146400
100	36.036000
100	17.488800
100	8.030400
100	50.332800
100	35.935200
100	52.819200
100	28.610400
100	64.831200
100	29.652000
100	15.909600
100	30.794400
100	45.628800
100	34.725600
100	48.400800
100	7.644000
100	54.146400
100	27.182400
100	18.681600
100	15.355200
100	20.344800
100	65.318400
100	28.912800
100	14.330400
100	31.113600
100	13.322400
100	33.784800
100	12.129600
100	54.297600
100	9.492000
100	25.569600
100	69.468000
100	57.926400
100	22.176000
100	47.208000
100	28.324800
100	40.118400
100	34.221600
100	26.846400
100	38.656800
100	28.862400
100	74.424000
100	23.116800
100	37.783200
100	48.568800
100	32.323200
100	13.087200
100	39.093600
100	45.460800
100	22.881600
100	16.581600
100	42.705600
100	53.340000
100	21.352800
100	22.192800
100	67.015200
100	54.482400
100	50.164800
100	35.263200
100	35.532000
100	44.301600
100	17.068800
100	45.360000
100	35.985600
100	21.537600
100	46.754400
100	61.370400
100	50.366400
100	38.824800
100	42.705600
100	31.836000
100	23.704800
100	10.533600
100	44.856000
100	37.447200
100	59.925600
100	51.928800
100	37.783200
100	15.993600
100	5.023200
100	32.541600
100	22.041600
100	32.356800
100	12.364800
100	40.286400
100	56.414400
100	64.864800
100	47.426400
100	23.419200
100	21.352800
100	26.980800
100	12.969600
100	0.000000
100	26.208000
100	19.958400
100	53.222400
100	50.719200
100	44.772000
100	35.078400
100	24.007200
100	44.049600
100	61.706400
100	19.992000
100	24.494400
100	36.372000
100	13.893600
100	54.112800
100	53.457600
100	37.094400
100	40.874400
100	14.952000
100	31.432800
100	28.627200
100	26.376000
100	11.323200
100	44.637600
100	26.863200
100	51.542400
100	33.398400
100	65.721600
100	25.166400
100	45.729600
100	28.543200
100	11.995200
100	27.400800
100	25.317600
100	20.008800
100	22.461600
100	28.274400
100	13.826400
100	41.798400
100	45.494400
100	16.581600
100	28.896000
100	29.433600
100	50.702400
100	15.859200
100	37.732800
100	31.735200
100	8.769600
100	47.426400
100	38.270400
100	6.316800
100	45.360000
100	18.110400
100	25.267200
100	25.048800
100	45.948000
100	21.352800
100	42.705600
100	62.899200
100	21.571200
100	64.747200
100	24.460800
100	11.827200
100	39.026400
100	16.312800
100	27.468000
100	16.380000
100	16.564800
100	40.807200
100	19.891200
100	16.783200
100	26.056800
100	27.333600
100	25.284000
100	58.380000
100	25.468800
100	39.597600
100	14.313600
100	3.931200
100	71.248800
100	33.381600
100	30.844800

110	0.000000
110	9.559200
110	22.999200
110	21.453600
110	41.193600
110	44.688000
110	0.000000
110	0.000000
110	21.050400
110	25.788000
110	41.899200
110	5.090400
110	0.000000
110	59.421600
110	12.196800
110	0.000000
110	40.504800
110	8.467200
110	0.000000
110	28.593600
110	0.000000
110	32.743200
110	0.000000
110	1.075200
110	0.000000
110	0.000000
110	1.075200
110	37.833600
110	9.475200
110	0.000000
110	0.000000
110	69.736800
110	14.347200
110	1.092000
110	41.748000
110	69.165600
110	0.000000
110	70.627200
110	46.502400
110	24.057600
110	43.629600
110	27.619200
110	0.000000
110	0.000000
110	0.000000
110	42.420000
110	51.895200
110	21.772800
110	0.000000
110	0.000000
110	0.000000
110	0.000000
110	0.000000
110	6.249600
110	0.000000
110	47.040000
110	70.190400
110	32.625600
110	14.498400
110	9.525600
110	0.000000
110	42.235200
110	0.420000
110	0.000000
110	28.610400
110	46.872000
110	61.857600
110	0.000000
110	0.000000
110	0.000000
110	71.820000
110	0.000000
110	46.082400
110	18.950400
110	0.000000
110	43.024800
110	35.868000
110	34.036800
110	0.000000
110	0.000000
110	0.000000
110	50.517600
110	0.000000
110	13.574400
110	0.000000
110	0.000000
110	25.216800
110	0.000000
110	24.813600
110	0.302400
110	0.000000
110	11.474400
110	61.471200
110	33.852000
110	14.851200
110	18.799200
110	20.563200
110	0.000000
110	10.718400
110	0.000000
110	0.000000
110	39.144000
110	44.503200
110	0.000000
110	28.862400
110	29.248800
110	13.003200
110	97.792800
110	14.414400
110	46.284000
110	0.000000
110	67.267200
110	0.000000
110	26.829600
110	1.075200
110	52.248000
110	0.000000
110	0.000000
110	0.000000
110	24.444000
110	0.000000
110	10.500000
110	9.844800
110	0.000000
110	0.000000
110	48.619200
110	26.930400
110	5.056800
110	33.868800
110	15.388800
110	29.870400
110	68.997600
110	49.980000
110	96.549600
110	37.396800
110	26.342400
110	21.436800
110	0.000000
110	61.017600
110	35.548800
110	0.000000
110	92.316000
110	0.000000
110	0.000000
110	5.174400
110	0.000000
110	43.192800
110	37.094400
110	0.000000
110	24.595200
110	0.000000
110	0.000000
110	0.000000
110	28.526400
110	28.425600
110	65.402400
110	2.906400
110	0.000000
110	0.000000
110	123.732000
110	39.732000
110	55.389600
110	42.436800
110	0.000000
110	52.231200
110	0.000000
110	52.164000
110	0.000000
110	12.348000
110	47.644800
110	0.000000
110	28.946400
110	0.000000
110	48.535200
110	0.000000
110	0.000000
110	17.337600
110	36.120000
110	0.000000
110	0.000000
110	69.249600
110	27.400800
110	0.000000
110	0.000000
110	0.000000
110	46.737600
110	53.390400
110	24.192000
110	13.305600
110	0.000000
110	3.091200
110	19.236000
110	0.000000
110	0.000000
110	0.000000
110	0.000000
110	0.000000
110	0.000000
110	0.000000
110	42.621600
120	0.000000
120	0.000000
120	83.546400
120	19.908000
120	28.744800
120	108.494400
120	49.408800
120	0.000000
120	0.000000
120	65.788800
120	15.472800
120	27.216000
120	16.077600
120	72.290400
120	0.000000
120	0.000000
120	37.632000
120	0.000000
120	43.948800
120	48.972000
120	0.000000
120	28.257600
120	0.000000
120	9.290400
120	52.953600
120	33.482400
120	0.000000
120	71.450400
120	0.000000
120	0.000000
120	0.000000
120	45.712800
120	49.543200
120	42.151200
120	22.797600
120	0.000000
120	38.186400
120	50.920800
120	42.991200
120	35.347200
120	0.000000
120	0.000000
120	0.000000
120	0.000000
120	0.000000
120	0.000000
120	27.602400
120	20.932800
120	0.000000
120	11.356800
120	0.000000
120	26.124000
120	0.000000
120	0.000000
120	18.463200
120	0.000000
120	0.000000
120	26.476800
120	0.000000
120	0.000000
120	42.840000
120	0.000000
120	54.532800
120	42.302400
120	9.928800
120	18.446400
120	0.000000
120	0.000000
120	7.476000
120	13.507200
120	0.033600
120	0.000000
120	7.341600
120	0.000000
120	35.901600
120	0.000000
120	0.907200
120	2.217600
120	68.964000
120	0.000000
120	0.000000
120	16.900800
120	0.000000
120	0.000000
120	18.765600
120	0.000000
120	22.629600
120	33.768000
120	0.000000
120	0.000000
120	0.000000
120	52.332000
120	0.000000
120	1.293600
120	0.000000
120	46.636800
120	0.000000
120	33.885600
120	12.398400
120	0.000000
120	0.000000
120	0.000000
120	2.150400
120	0.000000
120	74.541600
120	11.592000
120	34.776000
120	3.578400
120	0.000000
120	0.000000
120	37.077600
120	0.000000
120	0.000000
120	47.275200
120	9.777600
120	0.000000
120	0.000000
120	0.000000
120	21.000000
120	27.871200
120	52.584000
120	0.000000
120	0.000000
120	5.023200
120	0.000000
120	3.360000
120	8.971200
120	21.588000
120	0.000000
120	42.722400
120	0.000000
120	53.676000
120	0.000000
120	67.149600
120	0.000000
120	88.922400
120	25.855200
120	0.319200
120	22.444800
120	15.422400
120	0.000000
120	0.000000
120	82.353600
120	14.448000
120	1.075200
120	0.000000
120	15.304800
120	0.000000
120	53.272800
120	0.000000
120	0.000000
120	5.812800
120	0.000000
120	27.972000
120	28.392000
120	0.000000
120	0.000000
120	0.000000
120	0.000000
120	0.000000
120	32.188800
120	38.052000
120	2.251200
120	13.003200
120	45.024000
120	0.000000
120	30.895200
120	0.000000
120	0.000000
120	0.000000
120	0.000000
120	35.515200
120	0.000000
120	11.457600
120	51.088800
120	40.320000
120	0.000000
120	2.419200
120	40.000800
120	0.000000
120	5.107200
120	32.188800
120	0.000000
120	15.523200
120	0.000000
120	53.323200
120	7.896000
120	34.036800
120	0.000000
120	0.000000
120	0.000000
120	47.796000
120	0.000000
120	62.126400
120	33.835200
120	0.000000
120	39.513600
120	22.108800
120	0.000000
120	44.133600
130	2.284800
130	53.373600
130	0.000000
130	3.612000
130	0.000000
130	0.000000
130	45.931200
130	56.112000
130	0.000000
130	1.176000
130	0.000000
130	5.997600
130	15.220800
130	18.412800
130	5.728800
130	0.000000
130	35.448000
130	38.589600
130	0.000000
130	50.484000
130	46.233600
130	0.000000
130	19.555200
130	1.058400
130	0.000000
130	34.692000
130	0.000000
130	0.000000
130	63.991200
130	35.868000
130	59.270400
130	5.460000
130	17.892000
130	8.332800
130	1.075200
130	31.332000
130	0.000000
130	0.000000
130	0.000000
130	34.658400
130	36.724800
130	0.000000
130	34.725600
130	35.280000
130	61.790400
130	17.505600
130	0.000000
130	0.000000
130	0.000000
130	1.495200
130	0.000000
130	64.898400
130	77.095200
130	41.126400
130	0.000000
130	38.640000
130	0.000000
130	0.000000
130	22.192800
130	1.209600
130	0.000000
130	13.104000
130	0.000000
130	9.676800
130	10.617600
130	6.770400
130	0.000000
130	0.000000
130	0.000000
130	44.637600
130	14.448000
130	0.000000
130	31.416000
130	0.000000
130	29.685600
130	15.472800
130	51.828000
130	0.000000
130	0.000000
130	36.741600
130	0.000000
130	38.539200
130	0.000000
130	0.000000
130	0.000000
130	0.000000
130	0.000000
130	0.000000
130	58.816800
130	30.777600
130	0.000000
130	0.000000
130	91.526400
130	0.000000
130	0.000000
130	0.000000
130	41.865600
130	0.000000
130	75.448800
130	0.000000
130	13.372800
130	0.000000
130	49.543200
130	91.257600
130	1.528800
130	51.760800
130	12.952800
130	0.000000
130	0.000000
130	0.000000
130	0.000000
130	11.877600
130	20.176800
130	0.000000
130	0.000000
130	23.402400
130	0.000000
130	1.075200
130	0.000000
130	0.000000
130	27.451200
130	13.188000
130	4.200000
130	85.696800
130	24.847200
130	0.000000
130	3.057600
130	40.891200
130	0.252000
130	0.000000
130	25.788000
130	39.194400
130	0.000000
130	44.335200
130	1.344000
130	103.756800
130	8.920800
130	30.727200
130	31.516800
130	9.861600
130	17.102400
130	23.637600
130	0.000000
130	87.931200
130	0.000000
130	5.090400
130	48.972000
130	0.000000
130	41.529600
130	2.805600
130	0.000000
130	0.000000
130	42.336000
130	20.714400
130	21.806400
130	0.000000
130	17.035200
130	13.792800
130	30.072000
130	30.324000
130	0.000000
130	0.000000
130	39.631200
130	0.000000
130	5.040000
130	0.000000
130	0.000000
130	48.300000
130	0.000000
130	0.000000
130	13.675200
130	0.000000
130	43.696800
130	0.000000
130	0.000000
130	0.000000
130	29.316000
130	0.000000
130	39.614400
130	69.216000
130	1.075200
130	18.984000
130	0.000000
130	0.000000
130	27.652800
130	0.000000
130	0.000000
130	0.000000
130	68.846400
130	0.000000
130	25.972800
130	0.000000
130	0.000000
130	32.944800
130	0.000000
130	40.269600
130	1.075200
130	0.000000
130	26.224800
130	0.000000
140	49.190400
140	28.056000
140	0.000000
140	29.232000
140	24.393600
140	1.058400
140	6.636000
140	0.000000
140	0.000000
140	15.792000
140	0.000000
140	52.432800
140	39.076800
140	11.961600
140	5.913600
140	0.000000
140	51.542400
140	102.732000
140	8.668800
140	12.667200
140	0.000000
140	0.000000
140	45.276000
140	62.563200
140	0.000000
140	0.000000
140	16.128000
140	0.000000
140	47.023200
140	0.000000
140	23.503200
140	47.409600
140	85.276800
140	18.648000
140	7.862400
140	48.686400
140	14.196000
140	54.969600
140	0.000000
140	0.000000
140	37.884000
140	0.000000
140	43.478400
140	25.200000
140	0.000000
140	36.170400
140	2.688000
140	37.699200
140	30.156000
140	0.000000
140	0.000000
140	0.000000
140	0.000000
140	0.184800
140	3.796800
140	0.000000
140	49.442400
140	21.504000
140	61.723200
140	29.635200
140	0.000000
140	0.000000
140	0.000000
140	0.000000
140	0.000000
140	20.714400
140	0.000000
140	0.000000
140	19.303200
140	44.032800
140	25.603200
140	0.000000
140	0.000000
140	0.000000
140	0.000000
140	29.232000
140	0.033600
140	0.000000
140	0.000000
140	18.429600
140	34.927200
140	0.000000
140	0.000000
140	81.715200
140	51.374400
140	0.000000
140	1.075200
140	19.420800
140	43.948800
140	0.000000
140	0.000000
140	44.755200
140	0.000000
140	0.000000
140	0.000000
140	31.029600
140	13.574400
140	50.383200
140	35.515200
140	53.827200
140	47.140800
140	0.000000
140	0.000000
140	41.462400
140	2.889600
140	9.139200
140	0.000000
140	0.000000
140	17.035200
140	0.000000
140	0.000000
140	29.030400
140	23.520000
140	0.000000
140	9.391200
140	0.000000
140	0.000000
140	74.928000
140	26.779200
140	17.035200
140	0.000000
140	1.075200
140	18.009600
140	20.647200
140	42.235200
140	3.544800
140	41.899200
140	0.000000
140	0.000000
140	0.000000
140	0.000000
140	0.000000
140	18.816000
140	6.736800
140	0.000000
140	0.000000
140	50.450400
140	23.671200
140	7.492800
140	0.000000
140	13.440000
140	0.000000
140	0.000000
140	36.909600
140	0.000000
140	28.274400
140	49.509600
140	2.738400
140	37.783200
140	14.582400
140	50.232000
140	42.201600
140	0.000000
140	0.000000
140	8.870400
140	59.841600
140	0.000000
140	0.000000
140	64.999200
140	0.000000
140	35.313600
140	51.559200
140	0.000000
140	0.000000
140	0.000000
140	40.521600
140	0.000000
140	64.243200
140	38.253600
140	52.500000
140	0.000000
140	74.978400
140	0.000000
140	25.334400
140	11.424000
140	81.564000
140	0.000000
140	0.000000
140	36.540000
140	22.612800
140	14.011200
140	17.421600
140	86.772000
140	54.600000
140	12.936000
140	0.000000
140	36.876000
140	18.984000
140	9.240000
140	4.636800
140	28.106400
140	0.000000
140	6.384000
140	7.879200
140	0.000000
140	28.644000
140	43.478400
140	0.000000
140	8.904000
140	9.189600
150	0.000000
150	31.600800
150	36.338400
150	0.000000
150	14.851200
150	20.479200
150	5.997600
150	77.313600
150	44.940000
150	33.616800
150	9.408000
150	20.412000
150	54.482400
150	77.061600
150	0.000000
150	23.654400
150	0.000000
150	0.000000
150	16.934400
150	1.243200
150	0.000000
150	52.852800
150	0.000000
150	0.000000
150	43.713600
150	9.324000
150	60.530400
150	0.000000
150	6.619200
150	88.065600
150	0.000000
150	103.773600
150	13.036800
150	17.236800
150	47.678400
150	35.481600
150	72.878400
150	31.500000
150	52.012800
150	0.000000
150	21.319200
150	0.000000
150	17.640000
150	42.806400
150	1.075200
150	0.000000
150	0.000000
150	42.974400
150	54.532800
150	48.602400
150	29.400000
150	68.964000
150	0.000000
150	44.066400
150	58.447200
150	4.300800
150	0.000000
150	0.000000
150	0.000000
150	19.068000
150	0.000000
150	52.584000
150	4.015200
150	8.450400
150	1.058400
150	0.000000
150	4.166400
150	0.000000
150	0.000000
150	44.923200
150	9.895200
150	0.000000
150	7.963200
150	71.299200
150	0.000000
150	0.000000
150	25.452000
150	37.279200
150	0.000000
150	0.000000
150	0.000000
150	31.264800
150	0.000000
150	0.000000
150	0.000000
150	0.000000
150	0.000000
150	0.000000
150	0.000000
150	0.000000
150	33.784800
150	24.494400
150	0.000000
150	38.875200
150	19.824000
150	0.000000
150	0.000000
150	37.380000
150	0.000000
150	42.117600
150	0.000000
150	55.020000
150	43.915200
150	9.777600
150	94.852800
150	40.488000
150	0.000000
150	19.051200
150	32.121600
150	2.032800
150	0.000000
150	0.000000
150	16.884000
150	3.796800
150	33.448800
150	23.721600
150	50.887200
150	37.312800
150	0.000000
150	0.000000
150	17.808000
150	0.000000
150	8.652000
150	0.000000
150	6.417600
150	0.000000
150	18.698400
150	0.000000
150	6.249600
150	35.498400
150	10.701600
150	16.800000
150	0.000000
150	16.245600
150	21.151200
150	67.804800
150	1.075200
150	24.679200
150	0.000000
150	20.277600
150	0.000000
150	0.000000
150	21.420000
150	0.000000
150	26.577600
150	0.000000
150	0.000000
150	5.930400
150	0.000000
150	0.000000
150	0.000000
150	31.836000
150	0.000000
150	58.111200
150	27.283200
150	28.140000
150	5.930400
150	0.000000
150	0.000000
150	54.818400
150	55.356000
150	54.465600
150	6.871200
150	11.155200
150	23.738400
150	0.000000
150	43.276800
150	63.688800
150	0.000000
150	0.000000
150	11.272800
150	47.863200
150	0.000000
150	0.000000
150	0.000000
150	0.000000
150	0.000000
150	50.568000
150	0.000000
150	34.255200
150	0.000000
150	0.000000
150	0.000000
150	41.227200
150	35.229600
150	77.918400
150	0.000000
150	0.000000
150	0.000000
150	47.762400
150	4.267200
150	8.820000
150	0.000000
150	0.000000
150	0.000000
150	0.000000
150	11.256000
150	4.384800
150	0.000000
150	0.000000
