10	9.592800
10	5.594400
10	1.209600
10	11.793600
10	9.861600
10	7.929600
10	7.190400
10	9.122400
10	6.434400
10	5.359200
10	11.155200
10	9.055200
10	5.426400
10	7.879200
10	10.836000
10	3.376800
10	6.787200
10	12.348000
10	5.544000
10	15.120000
10	7.509600
10	13.188000
10	7.291200
10	0.554400
10	7.156800
10	8.736000
10	4.099200
10	8.164800
10	10.130400
10	3.696000
10	7.694400
10	6.182400
10	11.911200
10	6.686400
10	3.393600
10	6.333600
10	12.600000
10	6.300000
10	4.620000
10	7.761600
10	6.417600
10	6.031200
10	18.984000
10	9.038400
10	13.423200
10	13.322400
10	10.096800
10	10.987200
10	9.962400
10	1.696800
10	8.013600
10	0.823200
10	3.981600
10	9.626400
10	8.971200
10	4.687200
10	16.884000
10	13.188000
10	7.509600
10	15.288000
10	5.124000
10	6.014400
10	9.004800
10	9.912000
10	5.880000
10	5.896800
10	9.307200
10	6.081600
10	11.272800
10	4.956000
10	6.921600
10	11.827200
10	4.015200
10	7.190400
10	4.132800
10	8.198400
10	5.493600
10	4.519200
10	9.290400
10	6.602400
10	8.097600
10	9.240000
10	9.424800
10	5.695200
10	8.702400
10	10.701600
10	8.685600
10	11.356800
10	10.533600
10	10.197600
10	4.956000
10	7.358400
10	3.292800
10	8.870400
10	6.736800
10	10.264800
10	12.936000
10	12.432000
10	15.607200
10	8.685600
10	16.094400
10	7.593600
10	6.384000
10	5.661600
10	5.644800
10	6.753600
10	5.359200
10	10.012800
10	2.234400
10	6.703200
10	9.391200
10	7.358400
10	11.659200
10	5.527200
10	11.978400
10	10.651200
10	5.073600
10	8.568000
10	3.477600
10	5.409600
10	10.348800
10	7.022400
10	9.475200
10	5.896800
10	12.012000
10	7.980000
10	3.981600
10	8.584800
10	8.887200
10	10.886400
10	9.878400
10	8.013600
10	8.148000
10	9.055200
10	9.962400
10	2.251200
10	12.650400
10	9.290400
10	9.693600
10	6.132000
10	3.259200
10	8.064000
10	7.543200
10	9.307200
10	9.945600
10	6.921600
10	7.358400
10	5.762400
10	11.877600
10	7.072800
10	10.416000
10	12.801600
10	4.418400
10	11.860800
10	11.323200
10	13.473600
10	4.586400
10	9.576000
10	4.972800
10	6.535200
10	7.610400
10	9.626400
10	7.728000
10	10.281600
10	11.340000
10	12.852000
10	11.239200
10	5.577600
10	15.355200
10	4.687200
10	16.934400
10	4.855200
10	8.752800
10	7.677600
10	9.609600
10	8.181600
10	0.184800
10	5.594400
10	7.257600
10	4.788000
10	8.232000
10	2.167200
10	8.853600
10	5.997600
10	11.306400
10	6.232800
10	4.183200
10	9.139200
10	10.802400
10	8.131200
10	11.121600
10	9.055200
10	9.273600
10	5.880000
10	7.644000
10	9.744000
10	10.668000
10	8.954400
10	9.912000
10	4.334400
20	16.027200
20	7.660800
20	13.843200
20	15.926400
20	19.370400
20	19.152000
20	26.040000
20	20.092800
20	11.088000
20	19.236000
20	15.674400
20	3.494400
20	29.601600
20	15.103200
20	12.432000
20	16.447200
20	10.264800
20	3.679200
20	22.999200
20	2.385600
20	17.606400
20	32.457600
20	33.448800
20	12.717600
20	14.448000
20	7.778400
20	13.944000
20	20.008800
20	20.563200
20	14.683200
20	23.805600
20	27.216000
20	12.448800
20	14.196000
20	12.768000
20	11.928000
20	10.248000
20	10.399200
20	16.296000
20	10.080000
20	26.594400
20	13.692000
20	5.073600
20	28.526400
20	24.360000
20	11.642400
20	15.170400
20	19.740000
20	20.176800
20	20.580000
20	13.070400
20	22.948800
20	19.303200
20	15.926400
20	17.875200
20	15.943200
20	9.609600
20	13.507200
20	14.632800
20	18.412800
20	12.280800
20	9.256800
20	17.505600
20	23.419200
20	4.519200
20	21.168000
20	3.225600
20	19.219200
20	26.308800
20	7.341600
20	17.085600
20	2.469600
20	21.856800
20	29.299200
20	13.507200
20	0.000000
20	17.942400
20	18.328800
20	8.836800
20	12.583200
20	9.744000
20	17.774400
20	10.684800
20	16.615200
20	8.920800
20	9.021600
20	27.988800
20	6.602400
20	8.954400
20	27.552000
20	9.609600
20	7.963200
20	20.949600
20	26.040000
20	15.170400
20	11.760000
20	11.558400
20	24.444000
20	21.420000
20	15.993600
20	18.933600
20	27.064800
20	9.928800
20	15.220800
20	3.931200
20	5.527200
20	24.007200
20	20.462400
20	7.929600
20	12.112800
20	28.291200
20	27.199200
20	17.539200
20	18.043200
20	8.232000
20	3.242400
20	11.575200
20	8.349600
20	9.273600
20	2.368800
20	32.323200
20	15.288000
20	2.872800
20	19.572000
20	7.375200
20	14.834400
20	12.633600
20	21.571200
20	24.024000
20	12.482400
20	20.764800
20	17.001600
20	6.972000
20	14.296800
20	21.772800
20	25.384800
20	8.584800
20	18.177600
20	28.627200
20	14.515200
20	10.416000
20	30.777600
20	16.984800
20	4.922400
20	11.104800
20	21.235200
20	8.769600
20	27.972000
20	13.624800
20	19.605600
20	19.252800
20	6.434400
20	17.320800
20	6.770400
20	17.824800
20	14.179200
20	10.164000
20	20.076000
20	7.308000
20	27.921600
20	11.776800
20	14.095200
20	12.868800
20	17.287200
20	14.716800
20	17.539200
20	22.192800
20	19.672800
20	15.674400
20	16.984800
20	11.860800
20	11.844000
20	11.138400
20	14.968800
20	13.372800
20	12.381600
20	19.773600
20	18.278400
20	25.771200
20	5.577600
20	25.032000
20	21.151200
20	19.152000
20	19.740000
20	27.736800
20	22.226400
20	10.550400
20	14.179200
20	8.719200
20	19.202400
20	15.153600
20	10.903200
20	21.151200
20	23.772000
20	16.632000
20	14.145600
20	23.872800
20	10.836000
20	2.016000
20	9.088800
30	27.988800
30	21.319200
30	14.414400
30	8.551200
30	32.608800
30	22.797600
30	5.980800
30	10.785600
30	27.568800
30	20.445600
30	27.300000
30	26.913600
30	31.248000
30	19.790400
30	28.392000
30	30.038400
30	24.242400
30	13.154400
30	14.498400
30	37.396800
30	29.114400
30	17.959200
30	19.101600
30	23.856000
30	4.368000
30	23.956800
30	4.754400
30	23.251200
30	41.580000
30	18.832800
30	14.414400
30	23.116800
30	15.136800
30	17.791200
30	33.700800
30	26.107200
30	14.263200
30	29.484000
30	31.315200
30	18.093600
30	12.801600
30	38.337600
30	13.423200
30	13.272000
30	18.866400
30	39.664800
30	8.719200
30	27.820800
30	15.170400
30	40.639200
30	36.153600
30	19.286400
30	37.867200
30	23.940000
30	37.850400
30	29.937600
30	8.248800
30	30.172800
30	15.338400
30	24.578400
30	29.148000
30	20.496000
30	18.933600
30	21.067200
30	11.625600
30	28.694400
30	31.550400
30	12.230400
30	24.696000
30	34.171200
30	11.340000
30	21.050400
30	23.083200
30	24.259200
30	41.815200
30	8.736000
30	25.989600
30	21.890400
30	39.328800
30	30.844800
30	19.572000
30	23.032800
30	27.064800
30	30.122400
30	20.311200
30	34.826400
30	17.539200
30	28.442400
30	40.118400
30	16.800000
30	21.856800
30	20.865600
30	26.056800
30	31.231200
30	6.770400
30	37.800000
30	25.855200
30	39.530400
30	6.938400
30	17.623200
30	27.904800
30	16.044000
30	19.672800
30	35.582400
30	34.020000
30	24.208800
30	26.997600
30	10.348800
30	10.063200
30	16.917600
30	19.672800
30	25.065600
30	19.790400
30	30.223200
30	14.884800
30	29.366400
30	46.888800
30	19.504800
30	29.265600
30	15.187200
30	12.566400
30	7.308000
30	22.965600
30	13.322400
30	34.893600
30	16.161600
30	34.255200
30	15.456000
30	21.705600
30	34.708800
30	26.812800
30	21.504000
30	25.384800
30	21.604800
30	19.420800
30	15.153600
30	4.183200
30	31.332000
30	46.200000
30	16.716000
30	13.927200
30	19.353600
30	31.819200
30	29.484000
30	36.086400
30	32.911200
30	8.551200
30	42.504000
30	42.336000
30	23.772000
30	22.982400
30	15.069600
30	7.879200
30	30.492000
30	16.363200
30	3.712800
30	23.940000
30	33.297600
30	18.194400
30	26.695200
30	18.933600
30	9.240000
30	22.411200
30	18.799200
30	41.949600
30	21.487200
30	30.744000
30	26.577600
30	8.097600
30	27.064800
30	22.444800
30	30.357600
30	13.456800
30	29.030400
30	22.125600
30	27.367200
30	15.187200
30	20.395200
30	26.443200
30	22.142400
30	29.332800
30	19.605600
30	13.860000
30	18.480000
30	32.760000
30	28.308000
30	25.704000
30	26.644800
30	3.914400
30	27.636000
30	24.948000
30	22.142400
30	17.707200
30	26.107200
30	30.139200
30	36.590400
30	14.666400
30	25.603200
30	20.865600
30	16.346400
40	53.373600
40	20.563200
40	29.265600
40	21.117600
40	30.105600
40	39.228000
40	18.631200
40	33.062400
40	41.395200
40	7.056000
40	37.027200
40	39.228000
40	34.070400
40	25.754400
40	34.440000
40	52.567200
40	16.800000
40	41.781600
40	40.689600
40	28.795200
40	35.481600
40	27.787200
40	45.528000
40	7.022400
40	28.156800
40	45.998400
40	28.761600
40	38.001600
40	27.518400
40	21.487200
40	39.765600
40	20.764800
40	31.533600
40	12.734400
40	42.117600
40	39.463200
40	38.371200
40	13.288800
40	14.565600
40	33.280800
40	49.761600
40	0.000000
40	39.228000
40	26.796000
40	30.979200
40	13.591200
40	33.028800
40	41.227200
40	29.853600
40	43.024800
40	18.900000
40	51.895200
40	37.346400
40	55.272000
40	34.742400
40	4.032000
40	26.796000
40	26.930400
40	10.432800
40	37.968000
40	24.444000
40	16.430400
40	42.537600
40	24.158400
40	33.331200
40	25.502400
40	46.670400
40	36.624000
40	0.823200
40	15.254400
40	33.516000
40	56.028000
40	25.754400
40	15.388800
40	32.356800
40	24.880800
40	48.585600
40	5.829600
40	35.616000
40	26.376000
40	24.309600
40	58.917600
40	5.829600
40	45.309600
40	46.116000
40	8.887200
40	42.991200
40	25.872000
40	15.052800
40	19.555200
40	21.352800
40	25.804800
40	16.648800
40	33.482400
40	19.202400
40	7.795200
40	5.964000
40	0.319200
40	25.149600
40	13.322400
40	22.982400
40	27.132000
40	38.976000
40	19.924800
40	37.111200
40	24.410400
40	27.535200
40	46.687200
40	16.984800
40	40.320000
40	20.630400
40	2.217600
40	15.859200
40	58.816800
40	33.331200
40	32.356800
40	44.284800
40	36.674400
40	20.210400
40	15.036000
40	56.196000
40	21.806400
40	39.664800
40	24.561600
40	18.614400
40	27.199200
40	45.864000
40	31.382400
40	29.786400
40	44.906400
40	7.072800
40	12.129600
40	37.346400
40	32.760000
40	41.865600
40	41.361600
40	24.108000
40	42.168000
40	35.380800
40	37.682400
40	26.342400
40	25.552800
40	47.292000
40	40.874400
40	40.572000
40	32.877600
40	23.721600
40	31.080000
40	24.124800
40	31.819200
40	21.319200
40	35.296800
40	1.612800
40	16.816800
40	19.689600
40	22.411200
40	34.356000
40	22.780800
40	25.720800
40	26.023200
40	19.303200
40	32.037600
40	42.033600
40	26.241600
40	30.139200
40	2.570400
40	39.530400
40	29.736000
40	27.820800
40	5.863200
40	39.412800
40	13.944000
40	32.188800
40	19.740000
40	36.405600
40	45.024000
40	8.164800
40	2.637600
40	34.759200
40	29.248800
40	5.880000
40	25.401600
40	31.164000
40	36.708000
40	19.118400
40	44.738400
40	26.258400
40	15.153600
40	17.858400
40	39.446400
40	28.442400
40	15.640800
40	19.084800
40	25.989600
40	51.609600
40	20.160000
40	43.848000
40	22.495200
40	33.868800
40	26.964000
50	16.598400
50	24.108000
50	22.612800
50	35.800800
50	0.000000
50	23.637600
50	34.658400
50	24.141600
50	21.504000
50	20.664000
50	15.120000
50	23.352000
50	27.535200
50	22.041600
50	15.590400
50	31.164000
50	23.352000
50	34.876800
50	23.116800
50	50.920800
50	46.032000
50	0.000000
50	23.503200
50	50.769600
50	24.948000
50	22.730400
50	45.343200
50	28.627200
50	19.504800
50	39.496800
50	12.717600
50	27.736800
50	39.295200
50	20.580000
50	21.369600
50	42.302400
50	41.496000
50	15.708000
50	39.362400
50	23.956800
50	29.400000
50	25.956000
50	47.124000
50	21.470400
50	17.740800
50	13.154400
50	6.249600
50	18.681600
50	22.411200
50	9.256800
50	15.876000
50	36.960000
50	37.917600
50	20.899200
50	43.562400
50	37.732800
50	52.147200
50	15.976800
50	17.236800
50	20.244000
50	20.731200
50	3.729600
50	36.120000
50	35.162400
50	46.485600
50	10.970400
50	36.573600
50	31.281600
50	30.408000
50	36.775200
50	36.691200
50	45.494400
50	12.448800
50	35.515200
50	19.420800
50	25.552800
50	56.028000
50	30.508800
50	28.509600
50	60.429600
50	20.092800
50	13.053600
50	29.232000
50	27.652800
50	24.981600
50	42.235200
50	14.985600
50	50.517600
50	15.254400
50	19.656000
50	29.164800
50	35.532000
50	30.626400
50	33.112800
50	28.543200
50	49.896000
50	41.865600
50	7.476000
50	45.628800
50	26.107200
50	60.648000
50	31.668000
50	27.115200
50	10.281600
50	45.057600
50	32.793600
50	27.165600
50	25.552800
50	27.955200
50	34.003200
50	6.938400
50	20.613600
50	10.852800
50	8.971200
50	35.044800
50	42.907200
50	21.504000
50	24.427200
50	42.184800
50	33.734400
50	29.400000
50	20.647200
50	1.024800
50	16.346400
50	31.063200
50	27.384000
50	19.857600
50	9.206400
50	6.535200
50	32.726400
50	39.732000
50	14.733600
50	32.709600
50	47.426400
50	20.109600
50	21.134400
50	35.028000
50	26.124000
50	15.540000
50	0.722400
50	4.300800
50	34.507200
50	5.056800
50	24.007200
50	28.240800
50	31.600800
50	23.788800
50	35.330400
50	29.954400
50	29.467200
50	34.322400
50	11.340000
50	51.391200
50	26.308800
50	51.223200
50	15.489600
50	30.374400
50	32.541600
50	25.939200
50	17.841600
50	28.056000
50	25.082400
50	29.181600
50	37.044000
50	25.569600
50	18.177600
50	30.105600
50	29.702400
50	45.124800
50	20.932800
50	24.259200
50	31.651200
50	34.053600
50	22.293600
50	15.187200
50	38.152800
50	13.305600
50	42.487200
50	46.788000
50	26.510400
50	33.432000
50	0.386400
50	41.227200
50	23.436000
50	34.944000
50	51.811200
50	25.838400
50	34.238400
50	33.465600
50	42.201600
50	10.819200
50	17.186400
50	39.127200
50	42.336000
50	40.034400
50	39.715200
50	17.136000
50	29.534400
50	23.889600
50	51.021600
60	41.092800
60	39.547200
60	18.043200
60	36.674400
60	19.572000
60	19.857600
60	15.136800
60	27.417600
60	19.572000
60	51.240000
60	14.616000
60	18.782400
60	55.910400
60	2.133600
60	21.151200
60	0.000000
60	31.432800
60	21.588000
60	34.574400
60	16.598400
60	21.100800
60	46.687200
60	38.220000
60	49.341600
60	14.834400
60	16.917600
60	17.186400
60	43.125600
60	30.525600
60	11.575200
60	18.496800
60	47.560800
60	38.169600
60	29.752800
60	31.550400
60	18.429600
60	26.913600
60	27.652800
60	19.723200
60	30.928800
60	24.528000
60	20.260800
60	19.370400
60	43.411200
60	23.436000
60	27.938400
60	44.385600
60	31.264800
60	16.044000
60	53.323200
60	30.139200
60	48.182400
60	26.695200
60	38.085600
60	17.085600
60	32.121600
60	8.047200
60	22.192800
60	46.905600
60	0.907200
60	31.768800
60	19.336800
60	44.620800
60	53.457600
60	45.427200
60	48.115200
60	18.480000
60	0.000000
60	7.812000
60	29.500800
60	17.472000
60	17.035200
60	44.217600
60	21.554400
60	10.852800
60	17.522400
60	4.300800
60	45.460800
60	38.337600
60	17.186400
60	18.177600
60	15.388800
60	0.000000
60	7.576800
60	17.085600
60	33.835200
60	48.820800
60	16.195200
60	39.345600
60	28.442400
60	28.660800
60	31.298400
60	31.416000
60	44.788800
60	40.269600
60	27.316800
60	17.388000
60	36.640800
60	36.321600
60	6.619200
60	21.554400
60	16.144800
60	42.504000
60	11.709600
60	30.206400
60	23.620800
60	55.372800
60	31.516800
60	36.607200
60	19.572000
60	36.859200
60	23.049600
60	23.738400
60	8.366400
60	27.552000
60	32.810400
60	24.158400
60	25.569600
60	25.032000
60	13.423200
60	41.512800
60	31.197600
60	33.096000
60	37.077600
60	47.191200
60	11.625600
60	33.247200
60	28.610400
60	15.556800
60	37.900800
60	25.284000
60	33.969600
60	25.720800
60	38.505600
60	29.114400
60	34.826400
60	26.258400
60	67.065600
60	15.556800
60	50.030400
60	54.180000
60	30.945600
60	29.248800
60	30.172800
60	36.439200
60	23.990400
60	31.953600
60	18.194400
60	40.672800
60	15.187200
60	18.547200
60	29.635200
60	36.002400
60	25.418400
60	32.440800
60	44.419200
60	20.462400
60	40.572000
60	15.775200
60	25.704000
60	45.780000
60	22.344000
60	42.000000
60	24.847200
60	57.657600
60	30.105600
60	3.544800
60	25.552800
60	37.044000
60	49.190400
60	41.277600
60	38.925600
60	35.397600
60	25.636800
60	39.513600
60	35.044800
60	42.184800
60	29.584800
60	48.283200
60	33.734400
60	22.915200
60	21.168000
60	24.746400
60	47.678400
60	25.284000
60	27.468000
60	35.565600
60	28.862400
60	36.573600
60	25.452000
60	17.186400
60	36.556800
60	47.712000
60	35.565600
60	28.005600
60	27.686400
60	34.809600
60	40.975200
60	32.642400
60	25.284000
70	18.631200
70	29.551200
70	35.683200
70	8.702400
70	34.927200
70	4.166400
70	22.797600
70	30.139200
70	24.914400
70	32.491200
70	35.784000
70	26.947200
70	20.042400
70	23.083200
70	27.216000
70	33.583200
70	35.397600
70	30.996000
70	18.211200
70	28.929600
70	29.853600
70	46.872000
70	17.337600
70	20.647200
70	27.081600
70	23.906400
70	30.828000
70	49.240800
70	20.865600
70	16.766400
70	11.340000
70	29.299200
70	14.868000
70	14.464800
70	31.836000
70	39.396000
70	34.003200
70	47.023200
70	32.138400
70	28.089600
70	42.336000
70	31.281600
70	21.705600
70	15.825600
70	15.741600
70	23.486400
70	26.107200
70	15.909600
70	37.346400
70	28.845600
70	28.929600
70	35.750400
70	28.156800
70	26.023200
70	29.971200
70	29.114400
70	47.241600
70	22.663200
70	52.617600
70	44.133600
70	49.879200
70	34.238400
70	44.116800
70	35.414400
70	23.671200
70	25.166400
70	42.504000
70	17.841600
70	29.769600
70	40.992000
70	43.159200
70	39.446400
70	30.643200
70	39.480000
70	28.828800
70	34.020000
70	6.568800
70	37.548000
70	27.736800
70	42.235200
70	27.518400
70	18.076800
70	48.148800
70	16.228800
70	50.601600
70	24.427200
70	31.046400
70	23.335200
70	10.063200
70	35.716800
70	31.298400
70	25.939200
70	56.448000
70	20.076000
70	28.207200
70	30.643200
70	41.160000
70	31.668000
70	26.124000
70	29.584800
70	10.953600
70	53.995200
70	16.128000
70	24.108000
70	45.175200
70	19.622400
70	12.986400
70	31.735200
70	43.176000
70	31.617600
70	30.542400
70	24.108000
70	28.660800
70	34.776000
70	44.049600
70	25.821600
70	36.069600
70	31.600800
70	52.701600
70	39.933600
70	49.744800
70	38.152800
70	35.044800
70	56.800800
70	22.864800
70	55.221600
70	7.896000
70	26.829600
70	39.664800
70	21.487200
70	19.420800
70	42.840000
70	23.553600
70	38.220000
70	5.292000
70	0.000000
70	0.000000
70	56.901600
70	28.711200
70	39.648000
70	16.396800
70	24.360000
70	49.492800
70	15.758400
70	30.206400
70	52.785600
70	12.499200
70	53.608800
70	45.544800
70	28.022400
70	20.428800
70	31.483200
70	20.932800
70	38.001600
70	53.592000
70	32.944800
70	27.736800
70	18.916800
70	23.520000
70	37.161600
70	34.188000
70	32.692800
70	53.407200
70	58.934400
70	22.226400
70	15.724800
70	24.091200
70	26.964000
70	43.209600
70	16.749600
70	34.053600
70	32.944800
70	24.712800
70	31.651200
70	30.256800
70	17.858400
70	43.528800
70	12.902400
70	30.979200
70	30.139200
70	18.933600
70	41.932800
70	41.126400
70	34.692000
70	20.277600
70	46.065600
70	33.196800
70	39.328800
70	16.615200
70	32.877600
70	15.439200
70	30.172800
70	18.211200
70	24.746400
70	11.793600
70	23.872800
70	35.784000
70	41.109600
70	28.862400
70	32.256000
80	18.765600
80	22.192800
80	32.071200
80	11.793600
80	38.371200
80	23.839200
80	36.304800
80	37.699200
80	0.000000
80	32.323200
80	63.890400
80	0.000000
80	3.981600
80	13.725600
80	33.381600
80	0.000000
80	7.845600
80	21.806400
80	38.707200
80	21.453600
80	0.789600
80	0.000000
80	0.000000
80	36.523200
80	0.000000
80	58.279200
80	37.766400
80	55.154400
80	50.971200
80	8.114400
80	35.515200
80	32.558400
80	64.226400
80	11.340000
80	3.292800
80	53.155200
80	49.240800
80	42.940800
80	14.952000
80	25.586400
80	43.629600
80	16.094400
80	33.112800
80	21.436800
80	40.756800
80	46.368000
80	54.331200
80	1.075200
80	1.327200
80	7.963200
80	32.356800
80	34.994400
80	57.153600
80	0.000000
80	35.515200
80	24.578400
80	0.000000
80	32.004000
80	7.711200
80	20.260800
80	28.089600
80	0.000000
80	24.780000
80	24.662400
80	9.811200
80	70.392000
80	60.967200
80	53.474400
80	101.673600
80	60.900000
80	7.291200
80	26.376000
80	62.848800
80	25.754400
80	28.560000
80	36.288000
80	63.386400
80	38.656800
80	63.722400
80	44.066400
80	25.771200
80	0.000000
80	51.693600
80	110.880000
80	39.900000
80	50.064000
80	38.421600
80	37.699200
80	31.029600
80	0.000000
80	28.980000
80	0.000000
80	20.680800
80	48.182400
80	20.445600
80	6.115200
80	11.911200
80	29.383200
80	40.891200
80	28.879200
80	37.766400
80	0.000000
80	26.594400
80	20.042400
80	68.409600
80	45.796800
80	7.425600
80	30.609600
80	1.394400
80	37.346400
80	7.509600
80	68.863200
80	38.724000
80	24.578400
80	52.080000
80	0.000000
80	29.988000
80	40.387200
80	21.016800
80	28.408800
80	31.348800
80	30.206400
80	15.103200
80	28.274400
80	73.164000
80	0.000000
80	7.358400
80	21.084000
80	74.104800
80	59.690400
80	38.690400
80	50.282400
80	53.205600
80	45.040800
80	27.837600
80	54.835200
80	17.035200
80	26.056800
80	1.192800
80	9.290400
80	21.369600
80	74.508000
80	22.108800
80	30.660000
80	44.570400
80	35.750400
80	5.258400
80	38.942400
80	0.000000
80	38.253600
80	15.103200
80	31.483200
80	3.511200
80	37.968000
80	63.840000
80	22.176000
80	29.568000
80	45.729600
80	12.852000
80	23.923200
80	31.080000
80	0.000000
80	28.039200
80	10.584000
80	20.664000
80	1.461600
80	10.886400
80	9.592800
80	6.132000
80	0.000000
80	21.873600
80	35.364000
80	53.692800
80	0.000000
80	34.154400
80	77.078400
80	22.209600
80	33.684000
80	0.000000
80	81.496800
80	55.171200
80	18.295200
80	31.701600
80	21.487200
80	11.440800
80	35.649600
80	76.624800
80	31.634400
80	26.560800
80	8.652000
80	0.000000
80	0.000000
80	30.895200
80	25.989600
80	27.820800
80	8.400000
80	0.000000
80	22.629600
80	82.454400
80	45.612000
90	7.694400
90	37.245600
90	6.300000
90	16.732800
90	54.465600
90	59.220000
90	26.544000
90	50.702400
90	11.407200
90	36.808800
90	43.461600
90	25.704000
90	3.931200
90	29.450400
90	27.753600
90	10.970400
90	26.359200
90	27.535200
90	7.039200
90	11.625600
90	1.075200
90	32.188800
90	38.892000
90	52.852800
90	11.155200
90	29.198400
90	49.644000
90	17.539200
90	29.080800
90	4.300800
90	55.591200
90	26.359200
90	0.000000
90	37.682400
90	0.000000
90	59.152800
90	30.945600
90	34.053600
90	20.092800
90	26.695200
90	42.268800
90	25.922400
90	4.166400
90	8.551200
90	23.452800
90	7.341600
90	12.146400
90	24.427200
90	52.080000
90	46.216800
90	8.265600
90	66.864000
90	36.002400
90	4.855200
90	40.084800
90	23.889600
90	48.921600
90	7.576800
90	11.726400
90	3.712800
90	0.000000
90	16.329600
90	20.227200
90	16.044000
90	59.438400
90	101.488800
90	36.288000
90	18.832800
90	54.633600
90	22.814400
90	47.191200
90	7.980000
90	0.806400
90	9.559200
90	24.830400
90	0.050400
90	33.650400
90	45.628800
90	13.188000
90	24.259200
90	6.384000
90	3.427200
90	0.000000
90	0.184800
90	0.000000
90	44.587200
90	19.975200
90	61.874400
90	12.532800
90	17.186400
90	43.831200
90	0.000000
90	23.738400
90	50.030400
90	0.000000
90	18.060000
90	26.308800
90	17.908800
90	52.432800
90	29.853600
90	0.000000
90	23.116800
90	33.297600
90	46.284000
90	13.020000
90	13.288800
90	37.800000
90	0.000000
90	3.628800
90	56.179200
90	68.880000
90	31.936800
90	56.229600
90	31.651200
90	36.741600
90	6.484800
90	61.790400
90	68.964000
90	0.000000
90	0.000000
90	5.745600
90	12.112800
90	23.133600
90	47.661600
90	63.050400
90	37.497600
90	16.296000
90	77.296800
90	24.444000
90	11.558400
90	51.912000
90	24.007200
90	20.025600
90	12.549600
90	61.101600
90	8.836800
90	22.747200
90	43.024800
90	28.274400
90	39.093600
90	1.075200
90	46.401600
90	0.000000
90	8.551200
90	56.280000
90	7.728000
90	23.133600
90	0.000000
90	3.024000
90	38.438400
90	45.696000
90	21.436800
90	34.171200
90	19.454400
90	34.507200
90	37.984800
90	6.165600
90	0.453600
90	94.735200
90	44.150400
90	7.291200
90	10.180800
90	0.184800
90	46.200000
90	0.638400
90	11.877600
90	26.359200
90	66.393600
90	48.014400
90	39.916800
90	67.737600
90	36.993600
90	39.110400
90	28.963200
90	51.592800
90	0.000000
90	32.743200
90	34.440000
90	66.662400
90	59.035200
90	72.794400
90	28.996800
90	18.967200
90	41.512800
90	21.403200
90	25.048800
90	72.004800
90	3.276000
90	66.477600
90	50.282400
90	36.220800
90	30.391200
90	33.247200
90	65.032800
90	14.044800
90	23.352000
90	0.453600
90	49.593600
90	16.329600
90	13.776000
100	14.733600
100	37.430400
100	13.960800
100	4.788000
100	23.906400
100	39.681600
100	1.646400
100	22.747200
100	49.963200
100	28.509600
100	27.283200
100	60.748800
100	58.111200
100	23.049600
100	62.899200
100	79.581600
100	12.516000
100	18.009600
100	92.114400
100	17.354400
100	77.985600
100	28.156800
100	20.227200
100	5.997600
100	12.247200
100	50.853600
100	79.128000
100	0.000000
100	9.660000
100	27.417600
100	40.706400
100	68.476800
100	20.748000
100	47.308800
100	37.934400
100	26.006400
100	25.603200
100	10.248000
100	35.968800
100	23.520000
100	36.943200
100	35.918400
100	41.311200
100	57.859200
100	68.023200
100	34.372800
100	13.641600
100	40.353600
100	42.957600
100	16.800000
100	27.216000
100	14.347200
100	12.801600
100	76.843200
100	17.001600
100	8.887200
100	31.819200
100	0.000000
100	10.936800
100	25.418400
100	37.245600
100	17.589600
100	38.539200
100	29.181600
100	10.886400
100	4.468800
100	0.000000
100	11.222400
100	21.336000
100	27.484800
100	18.396000
100	46.166400
100	0.823200
100	45.292800
100	10.500000
100	14.078400
100	30.542400
100	22.663200
100	58.665600
100	0.000000
100	13.137600
100	53.004000
100	9.055200
100	32.020800
100	25.956000
100	58.228800
100	1.495200
100	15.724800
100	53.071200
100	36.993600
100	97.860000
100	6.720000
100	24.998400
100	14.683200
100	31.012800
100	13.843200
100	42.890400
100	9.592800
100	0.000000
100	32.222400
100	13.692000
100	33.734400
100	97.053600
100	0.000000
100	62.227200
100	0.000000
100	44.587200
100	36.624000
100	33.868800
100	4.099200
100	4.132800
100	17.925600
100	14.364000
100	60.664800
100	81.530400
100	13.893600
100	8.148000
100	17.052000
100	40.118400
100	0.000000
100	41.865600
100	0.000000
100	20.832000
100	7.190400
100	7.744800
100	51.760800
100	6.165600
100	4.048800
100	52.466400
100	32.172000
100	22.260000
100	24.007200
100	45.208800
100	33.213600
100	20.462400
100	0.000000
100	46.687200
100	11.491200
100	26.191200
100	23.956800
100	38.438400
100	2.167200
100	0.000000
100	1.075200
100	37.783200
100	19.572000
100	4.502400
100	28.509600
100	40.924800
100	35.632800
100	24.561600
100	43.058400
100	71.080800
100	21.420000
100	0.000000
100	59.119200
100	46.636800
100	7.106400
100	30.307200
100	67.435200
100	7.375200
100	0.000000
100	30.811200
100	43.579200
100	5.476800
100	43.764000
100	33.549600
100	46.317600
100	29.416800
100	51.189600
100	0.000000
100	4.536000
100	52.348800
100	59.774400
100	21.907200
100	48.568800
100	39.933600
100	35.498400
100	16.632000
100	35.716800
100	48.468000
100	43.024800
100	15.136800
100	14.397600
100	0.000000
100	24.024000
100	40.857600
100	0.000000
100	0.000000
100	2.116800
100	17.371200
100	9.408000
100	72.021600
100	79.699200
100	38.925600
100	50.551200
100	50.719200
100	31.449600
100	15.674400
100	38.236800
110	0.000000
110	21.621600
110	27.736800
110	28.778400
110	68.107200
110	48.484800
110	62.294400
110	43.864800
110	29.836800
110	42.252000
110	0.000000
110	21.520800
110	43.058400
110	1.075200
110	17.404800
110	21.722400
110	35.716800
110	0.000000
110	75.952800
110	76.759200
110	47.779200
110	19.488000
110	11.860800
110	42.588000
110	40.252800
110	16.262400
110	0.235200
110	54.650400
110	17.539200
110	48.787200
110	50.719200
110	23.436000
110	57.842400
110	55.574400
110	0.000000
110	52.768800
110	1.075200
110	41.529600
110	4.485600
110	5.594400
110	0.537600
110	13.171200
110	37.111200
110	29.517600
110	0.000000
110	2.385600
110	28.341600
110	21.268800
110	38.287200
110	45.192000
110	0.000000
110	28.022400
110	0.000000
110	56.044800
110	44.839200
110	0.000000
110	7.862400
110	19.454400
110	49.492800
110	26.392800
110	0.000000
110	44.637600
110	30.828000
110	49.022400
110	0.000000
110	17.925600
110	33.583200
110	33.499200
110	3.712800
110	46.939200
110	27.199200
110	1.075200
110	36.792000
110	41.227200
110	0.000000
110	6.669600
110	32.138400
110	19.840800
110	85.562400
110	23.503200
110	52.533600
110	52.953600
110	48.350400
110	13.238400
110	5.812800
110	37.884000
110	0.000000
110	48.031200
110	53.071200
110	39.328800
110	28.879200
110	38.472000
110	16.447200
110	16.833600
110	71.584800
110	53.709600
110	4.267200
110	25.704000
110	44.284800
110	56.397600
110	0.336000
110	38.875200
110	25.401600
110	24.074400
110	102.328800
110	29.719200
110	16.632000
110	38.472000
110	75.818400
110	51.727200
110	72.088800
110	1.075200
110	43.780800
110	19.101600
110	15.775200
110	8.752800
110	21.873600
110	28.056000
110	0.000000
110	52.970400
110	54.633600
110	32.071200
110	4.267200
110	15.439200
110	13.305600
110	46.452000
110	0.000000
110	30.340800
110	37.514400
110	17.001600
110	38.724000
110	1.814400
110	20.580000
110	24.326400
110	0.369600
110	24.494400
110	40.084800
110	32.424000
110	34.104000
110	14.968800
110	16.044000
110	36.069600
110	10.248000
110	0.000000
110	1.915200
110	19.605600
110	0.000000
110	40.992000
110	32.844000
110	35.565600
110	1.075200
110	0.000000
110	71.870400
110	54.028800
110	34.977600
110	10.533600
110	71.500800
110	0.000000
110	25.082400
110	39.614400
110	46.704000
110	16.296000
110	51.895200
110	43.058400
110	28.879200
110	39.228000
110	1.646400
110	48.888000
110	6.636000
110	17.992800
110	18.076800
110	0.000000
110	24.612000
110	34.557600
110	11.306400
110	32.356800
110	1.075200
110	35.347200
110	41.815200
110	25.720800
110	40.975200
110	46.435200
110	21.840000
110	21.571200
110	23.805600
110	0.000000
110	27.333600
110	18.026400
110	33.852000
110	0.000000
110	38.673600
110	14.078400
110	37.464000
110	38.337600
110	32.860800
110	0.000000
110	32.172000
110	70.929600
110	54.062400
110	14.481600
120	31.634400
120	0.000000
120	62.899200
120	36.506400
120	34.692000
120	45.343200
120	34.255200
120	15.708000
120	2.486400
120	24.360000
120	22.831200
120	5.476800
120	38.304000
120	11.961600
120	0.000000
120	0.000000
120	7.173600
120	32.306400
120	64.562400
120	35.700000
120	8.097600
120	27.115200
120	18.984000
120	41.008800
120	6.686400
120	0.000000
120	33.280800
120	64.041600
120	0.000000
120	0.000000
120	36.775200
120	27.182400
120	27.266400
120	7.476000
120	76.406400
120	39.681600
120	48.064800
120	52.214400
120	18.681600
120	28.560000
120	34.389600
120	29.702400
120	6.132000
120	62.479200
120	0.000000
120	28.056000
120	4.368000
120	31.651200
120	21.403200
120	20.378400
120	48.434400
120	0.000000
120	38.959200
120	21.739200
120	47.796000
120	9.172800
120	38.690400
120	22.713600
120	27.602400
120	38.892000
120	51.928800
120	1.075200
120	17.018400
120	0.000000
120	15.876000
120	42.268800
120	0.000000
120	32.810400
120	4.972800
120	12.818400
120	28.476000
120	18.093600
120	0.000000
120	28.896000
120	13.524000
120	93.676800
120	21.537600
120	11.306400
120	0.000000
120	25.956000
120	19.202400
120	0.000000
120	46.922400
120	45.914400
120	34.490400
120	24.914400
120	17.791200
120	31.550400
120	18.076800
120	59.589600
120	20.798400
120	44.200800
120	0.000000
120	33.045600
120	13.658400
120	24.679200
120	51.206400
120	33.969600
120	8.097600
120	58.296000
120	21.991200
120	24.998400
120	26.476800
120	27.400800
120	11.827200
120	37.480800
120	50.450400
120	14.196000
120	22.696800
120	0.000000
120	16.648800
120	33.868800
120	3.158400
120	30.156000
120	33.297600
120	14.330400
120	48.535200
120	60.782400
120	23.570400
120	35.095200
120	43.764000
120	44.956800
120	5.040000
120	3.847200
120	17.623200
120	4.334400
120	37.850400
120	45.393600
120	3.864000
120	21.957600
120	23.772000
120	0.000000
120	36.960000
120	10.012800
120	30.811200
120	0.000000
120	4.048800
120	15.237600
120	21.856800
120	74.877600
120	20.344800
120	7.694400
120	14.851200
120	20.580000
120	38.404800
120	49.039200
120	41.714400
120	60.916800
120	32.575200
120	1.075200
120	0.000000
120	19.152000
120	32.995200
120	34.641600
120	17.203200
120	5.258400
120	15.069600
120	37.027200
120	19.017600
120	30.357600
120	23.755200
120	53.625600
120	32.289600
120	32.457600
120	52.130400
120	107.822400
120	57.993600
120	7.560000
120	22.125600
120	12.180000
120	1.024800
120	30.844800
120	23.553600
120	1.713600
120	18.631200
120	60.883200
120	24.981600
120	53.474400
120	76.406400
120	0.000000
120	24.948000
120	59.001600
120	21.453600
120	6.535200
120	46.116000
120	52.298400
120	7.963200
120	39.564000
120	2.335200
120	29.030400
120	45.276000
120	0.000000
120	54.129600
120	20.126400
120	35.884800
120	17.656800
120	100.312800
120	70.240800
120	32.155200
120	79.548000
130	31.684800
130	37.279200
130	14.414400
130	75.936000
130	28.358400
130	43.108800
130	25.989600
130	36.590400
130	27.283200
130	23.940000
130	33.062400
130	0.991200
130	46.351200
130	56.649600
130	32.474400
130	60.648000
130	13.524000
130	4.620000
130	46.888800
130	36.304800
130	16.531200
130	23.200800
130	0.000000
130	59.572800
130	18.715200
130	43.848000
130	50.064000
130	37.615200
130	39.144000
130	27.703200
130	31.399200
130	32.004000
130	20.613600
130	36.859200
130	25.082400
130	21.403200
130	7.744800
130	29.685600
130	48.804000
130	14.868000
130	40.252800
130	10.365600
130	78.842400
130	53.844000
130	37.060800
130	0.000000
130	20.815200
130	38.404800
130	57.220800
130	18.900000
130	0.000000
130	58.766400
130	28.711200
130	30.794400
130	58.077600
130	32.440800
130	15.724800
130	43.612800
130	20.664000
130	0.000000
130	26.140800
130	0.000000
130	13.557600
130	26.275200
130	33.852000
130	33.448800
130	38.354400
130	47.997600
130	0.504000
130	11.172000
130	8.584800
130	1.075200
130	44.822400
130	24.780000
130	37.850400
130	35.095200
130	28.509600
130	3.091200
130	4.771200
130	8.215200
130	19.605600
130	28.980000
130	18.328800
130	37.077600
130	82.555200
130	38.892000
130	38.472000
130	17.068800
130	18.110400
130	19.135200
130	1.075200
130	30.710400
130	97.423200
130	45.561600
130	0.000000
130	13.120800
130	22.209600
130	32.592000
130	26.863200
130	4.754400
130	15.355200
130	4.737600
130	37.279200
130	12.331200
130	38.488800
130	44.570400
130	19.857600
130	43.209600
130	20.798400
130	49.442400
130	28.610400
130	32.004000
130	40.488000
130	12.096000
130	30.038400
130	34.927200
130	1.058400
130	60.849600
130	0.000000
130	34.456800
130	20.596800
130	0.000000
130	55.154400
130	22.814400
130	30.878400
130	48.720000
130	26.846400
130	28.022400
130	37.497600
130	0.000000
130	6.132000
130	32.004000
130	0.000000
130	0.000000
130	35.246400
130	10.735200
130	53.390400
130	10.096800
130	27.064800
130	0.000000
130	11.440800
130	48.669600
130	16.598400
130	0.000000
130	4.284000
130	8.433600
130	23.923200
130	27.568800
130	17.707200
130	0.000000
130	27.988800
130	0.000000
130	53.407200
130	0.000000
130	25.771200
130	16.380000
130	28.778400
130	0.000000
130	7.560000
130	37.749600
130	2.923200
130	1.075200
130	40.202400
130	25.132800
130	41.647200
130	37.732800
130	34.591200
130	37.380000
130	6.602400
130	29.282400
130	50.769600
130	54.448800
130	30.979200
130	16.833600
130	21.588000
130	16.682400
130	44.721600
130	19.941600
130	26.712000
130	32.743200
130	89.779200
130	32.390400
130	12.112800
130	52.113600
130	48.669600
130	62.260800
130	36.976800
130	27.266400
130	37.128000
130	64.579200
130	66.091200
130	63.201600
130	32.071200
130	5.678400
130	58.464000
130	34.490400
130	27.787200
130	34.473600
130	21.638400
130	8.584800
140	34.675200
140	13.473600
140	19.387200
140	14.128800
140	0.000000
140	6.619200
140	52.785600
140	0.000000
140	36.388800
140	19.168800
140	13.389600
140	30.038400
140	3.494400
140	13.809600
140	36.523200
140	0.000000
140	1.680000
140	39.748800
140	11.356800
140	24.276000
140	18.681600
140	10.164000
140	40.236000
140	0.000000
140	19.790400
140	56.246400
140	69.552000
140	51.861600
140	29.349600
140	7.526400
140	32.592000
140	5.628000
140	41.596800
140	9.878400
140	0.000000
140	26.880000
140	32.928000
140	55.087200
140	72.777600
140	13.473600
140	59.757600
140	0.000000
140	15.019200
140	38.287200
140	50.181600
140	50.400000
140	24.914400
140	6.552000
140	28.324800
140	0.000000
140	26.779200
140	26.376000
140	15.405600
140	5.308800
140	18.614400
140	56.532000
140	55.776000
140	26.745600
140	27.787200
140	83.059200
140	0.000000
140	0.000000
140	0.000000
140	40.538400
140	31.836000
140	23.150400
140	0.000000
140	45.444000
140	17.774400
140	73.970400
140	66.141600
140	10.600800
140	26.863200
140	8.685600
140	39.614400
140	43.999200
140	66.696000
140	36.187200
140	49.593600
140	91.912800
140	24.780000
140	29.383200
140	24.645600
140	36.170400
140	52.416000
140	45.074400
140	14.162400
140	42.504000
140	6.837600
140	18.916800
140	35.918400
140	15.388800
140	13.759200
140	0.000000
140	39.127200
140	60.396000
140	83.143200
140	25.132800
140	40.605600
140	33.969600
140	38.287200
140	33.314400
140	37.329600
140	18.043200
140	18.664800
140	30.744000
140	1.075200
140	67.704000
140	46.284000
140	5.208000
140	74.877600
140	40.622400
140	60.530400
140	45.897600
140	46.334400
140	62.193600
140	65.772000
140	3.796800
140	38.808000
140	27.736800
140	48.148800
140	21.218400
140	101.304000
140	31.920000
140	5.678400
140	13.759200
140	33.348000
140	30.576000
140	38.589600
140	0.000000
140	23.318400
140	55.994400
140	25.284000
140	0.000000
140	49.862400
140	36.556800
140	13.910400
140	0.000000
140	7.896000
140	17.724000
140	44.755200
140	54.364800
140	22.898400
140	67.216800
140	29.517600
140	31.449600
140	22.142400
140	55.910400
140	14.397600
140	23.016000
140	19.790400
140	12.045600
140	0.000000
140	20.479200
140	51.206400
140	6.921600
140	13.356000
140	11.440800
140	34.608000
140	0.000000
140	31.617600
140	32.760000
140	28.795200
140	80.186400
140	12.633600
140	45.074400
140	1.545600
140	11.844000
140	20.714400
140	35.347200
140	37.984800
140	35.532000
140	25.401600
140	30.744000
140	37.917600
140	31.668000
140	16.447200
140	0.000000
140	27.652800
140	0.000000
140	24.410400
140	14.582400
140	42.705600
140	43.226400
140	22.159200
140	0.000000
140	17.421600
140	3.931200
140	1.075200
140	32.961600
140	18.933600
140	43.260000
140	20.260800
140	5.712000
140	49.644000
140	16.212000
140	24.796800
140	4.872000
140	7.190400
140	46.149600
150	55.003200
150	28.056000
150	38.942400
150	43.226400
150	0.000000
150	0.000000
150	53.860800
150	0.000000
150	11.390400
150	0.000000
150	34.591200
150	0.000000
150	37.564800
150	96.247200
150	33.835200
150	0.000000
150	13.255200
150	77.212800
150	0.000000
150	50.232000
150	0.000000
150	21.621600
150	0.000000
150	0.000000
150	14.364000
150	24.662400
150	0.000000
150	0.000000
150	0.000000
150	5.258400
150	0.000000
150	13.675200
150	12.045600
150	0.000000
150	0.000000
150	0.000000
150	3.511200
150	0.000000
150	0.000000
150	9.072000
150	0.000000
150	51.660000
150	2.486400
150	105.487200
150	0.000000
150	39.429600
150	104.882400
150	32.810400
150	0.000000
150	0.000000
150	41.546400
150	0.000000
150	15.052800
150	0.000000
150	1.075200
150	0.000000
150	26.325600
150	0.000000
150	73.668000
150	0.000000
150	2.923200
150	27.081600
150	34.893600
150	90.484800
150	16.917600
150	68.426400
150	0.000000
150	0.000000
150	7.711200
150	30.172800
150	60.261600
150	37.917600
150	46.855200
150	30.324000
150	0.000000
150	35.212800
150	2.721600
150	0.000000
150	50.719200
150	51.122400
150	0.000000
150	29.820000
150	40.605600
150	15.372000
150	0.000000
150	20.731200
150	13.221600
150	68.073600
150	0.000000
150	46.284000
150	0.000000
150	55.759200
150	53.827200
150	43.696800
150	0.000000
150	69.232800
150	34.456800
150	0.000000
150	0.000000
150	0.000000
150	32.205600
150	54.432000
150	0.000000
150	0.000000
150	51.626400
150	29.248800
150	0.000000
150	88.183200
150	25.737600
150	0.000000
150	0.000000
150	43.142400
150	23.688000
150	33.835200
150	37.766400
150	0.000000
150	0.873600
150	45.494400
150	1.243200
150	0.000000
150	33.684000
150	8.047200
150	12.264000
150	0.000000
150	68.107200
150	0.000000
150	9.576000
150	0.000000
150	63.957600
150	1.075200
150	0.000000
150	0.000000
150	33.163200
150	89.157600
150	55.742400
150	23.184000
150	7.627200
150	0.000000
150	36.103200
150	0.000000
150	37.144800
150	5.476800
150	0.000000
150	75.364800
150	0.000000
150	28.425600
150	0.000000
150	32.726400
150	35.918400
150	0.000000
150	0.000000
150	42.756000
150	0.000000
150	16.766400
150	37.665600
150	4.418400
150	0.000000
150	0.000000
150	30.727200
150	36.355200
150	0.000000
150	0.000000
150	0.000000
150	0.000000
150	77.112000
150	0.000000
150	30.004800
150	0.000000
150	18.900000
150	0.000000
150	2.923200
150	32.088000
150	52.550400
150	0.000000
150	0.000000
150	24.612000
150	10.298400
150	63.520800
150	0.000000
150	62.126400
150	0.000000
150	0.000000
150	0.000000
150	0.000000
150	0.000000
150	0.000000
150	2.133600
150	0.000000
150	13.372800
150	13.658400
150	0.000000
150	56.616000
150	58.682400
150	0.000000
150	30.744000
150	62.109600
150	0.000000
150	0.000000
150	25.821600
150	41.428800
