10	14.884800
10	11.239200
10	8.971200
10	13.406400
10	0.000000
10	23.100000
10	10.768800
10	11.272800
10	11.810400
10	19.639200
10	12.952800
10	8.836800
10	15.573600
10	15.036000
10	16.665600
10	7.190400
10	20.848800
10	10.819200
10	11.911200
10	23.167200
10	8.047200
10	10.214400
10	18.194400
10	9.828000
10	19.034400
10	10.264800
10	13.221600
10	0.000000
10	8.769600
10	25.653600
10	21.319200
10	11.928000
10	14.296800
10	13.339200
10	16.766400
10	16.598400
10	20.983200
10	7.240800
10	13.708800
10	14.481600
10	17.337600
10	16.598400
10	14.296800
10	18.580800
10	11.222400
10	23.032800
10	17.287200
10	14.716800
10	18.900000
10	28.694400
10	8.181600
10	19.353600
10	5.191200
10	13.792800
10	14.649600
10	22.092000
10	8.013600
10	12.213600
10	7.896000
10	3.108000
10	8.752800
10	21.520800
10	7.039200
10	3.410400
10	16.816800
10	14.515200
10	20.966400
10	18.463200
10	12.432000
10	17.421600
10	4.620000
10	6.434400
10	20.529600
10	11.289600
10	9.156000
10	20.277600
10	12.633600
10	14.901600
10	14.532000
10	6.199200
10	12.364800
10	5.762400
10	11.440800
10	14.061600
10	12.331200
10	10.920000
10	19.219200
10	20.277600
10	3.544800
10	15.590400
10	16.464000
10	4.435200
10	11.340000
10	10.668000
10	12.112800
10	8.164800
10	13.658400
10	9.525600
10	23.436000
10	15.792000
10	16.363200
10	12.986400
10	7.660800
10	12.768000
10	9.021600
10	3.964800
10	14.296800
10	6.736800
10	14.078400
10	17.169600
10	19.286400
10	12.163200
10	15.338400
10	14.229600
10	18.345600
10	3.175200
10	12.096000
10	6.451200
10	9.643200
10	18.866400
10	11.037600
10	8.584800
10	8.013600
10	12.684000
10	12.482400
10	18.177600
10	6.031200
10	10.886400
10	6.787200
10	12.852000
10	14.817600
10	16.380000
10	13.507200
10	11.205600
10	15.237600
10	16.732800
10	13.322400
10	23.889600
10	13.356000
10	15.976800
10	8.971200
10	12.751200
10	14.649600
10	22.562400
10	12.297600
10	8.400000
10	20.210400
10	13.204800
10	10.550400
10	10.500000
10	8.013600
10	6.955200
10	15.506400
10	5.812800
10	18.984000
10	17.068800
10	16.380000
10	3.309600
10	11.961600
10	8.652000
10	14.128800
10	16.884000
10	14.868000
10	21.638400
10	14.952000
10	12.885600
10	14.112000
10	12.415200
10	11.155200
10	24.360000
10	13.003200
10	5.493600
10	17.085600
10	15.170400
10	9.542400
10	14.498400
10	16.632000
10	14.784000
10	15.590400
10	18.194400
10	16.396800
10	11.911200
10	12.146400
10	11.810400
10	12.717600
10	9.693600
10	18.782400
10	11.491200
10	15.926400
10	9.676800
10	0.000000
10	8.887200
10	6.417600
10	10.684800
10	19.353600
10	5.409600
10	16.917600
10	11.004000
10	19.387200
10	9.307200
20	24.141600
20	25.452000
20	29.853600
20	14.901600
20	10.096800
20	41.932800
20	28.610400
20	10.483200
20	19.958400
20	36.960000
20	25.216800
20	25.485600
20	22.629600
20	1.646400
20	27.316800
20	15.590400
20	31.802400
20	44.738400
20	20.160000
20	32.457600
20	17.623200
20	26.241600
20	10.164000
20	25.939200
20	22.260000
20	30.256800
20	18.379200
20	39.093600
20	10.785600
20	18.110400
20	12.684000
20	24.141600
20	43.428000
20	7.560000
20	18.614400
20	27.820800
20	8.030400
20	15.775200
20	18.009600
20	14.431200
20	26.577600
20	21.151200
20	10.903200
20	19.605600
20	20.664000
20	21.453600
20	9.811200
20	15.271200
20	33.734400
20	21.218400
20	23.301600
20	31.332000
20	13.456800
20	34.322400
20	22.932000
20	32.020800
20	34.843200
20	11.155200
20	37.783200
20	37.380000
20	24.309600
20	7.576800
20	32.877600
20	31.365600
20	32.373600
20	32.256000
20	25.704000
20	28.526400
20	21.201600
20	26.628000
20	26.056800
20	32.407200
20	44.469600
20	40.622400
20	26.880000
20	23.940000
20	18.396000
20	11.508000
20	37.531200
20	17.102400
20	7.627200
20	25.552800
20	28.224000
20	22.411200
20	17.623200
20	17.102400
20	43.327200
20	33.616800
20	14.750400
20	22.864800
20	22.428000
20	27.820800
20	12.079200
20	20.916000
20	22.932000
20	20.563200
20	34.473600
20	17.992800
20	17.472000
20	30.525600
20	9.525600
20	26.124000
20	18.261600
20	15.220800
20	2.268000
20	20.126400
20	30.979200
20	6.031200
20	21.957600
20	17.623200
20	7.929600
20	23.503200
20	16.312800
20	38.354400
20	23.822400
20	37.548000
20	43.528800
20	34.557600
20	33.465600
20	34.776000
20	25.317600
20	22.898400
20	12.012000
20	29.652000
20	20.865600
20	24.326400
20	20.344800
20	18.177600
20	36.069600
20	24.494400
20	23.486400
20	17.539200
20	21.823200
20	37.917600
20	31.533600
20	17.690400
20	23.805600
20	36.540000
20	18.564000
20	27.031200
20	30.542400
20	31.180800
20	0.487200
20	21.252000
20	34.171200
20	28.627200
20	27.468000
20	20.697600
20	15.170400
20	16.648800
20	30.996000
20	10.147200
20	25.418400
20	28.123200
20	23.368800
20	34.087200
20	21.672000
20	0.000000
20	27.787200
20	28.291200
20	28.711200
20	37.900800
20	24.544800
20	34.188000
20	30.122400
20	25.603200
20	36.204000
20	27.182400
20	19.219200
20	33.482400
20	37.212000
20	28.627200
20	36.943200
20	30.979200
20	0.000000
20	23.536800
20	14.095200
20	12.986400
20	25.048800
20	11.928000
20	19.891200
20	23.671200
20	20.748000
20	17.791200
20	25.317600
20	30.492000
20	6.904800
20	9.441600
20	3.931200
20	15.859200
20	33.784800
20	24.662400
20	43.948800
20	13.053600
20	27.770400
20	50.282400
20	38.707200
20	28.644000
20	42.033600
20	24.544800
30	18.664800
30	38.136000
30	24.108000
30	27.955200
30	23.234400
30	25.771200
30	34.725600
30	23.016000
30	31.046400
30	27.367200
30	30.122400
30	6.720000
30	32.407200
30	30.340800
30	34.960800
30	22.226400
30	46.099200
30	0.000000
30	33.112800
30	54.616800
30	28.711200
30	26.493600
30	30.962400
30	23.671200
30	38.203200
30	18.244800
30	9.004800
30	41.059200
30	12.482400
30	40.454400
30	47.560800
30	29.568000
30	53.188800
30	36.909600
30	40.269600
30	56.716800
30	55.003200
30	26.594400
30	32.608800
30	31.701600
30	35.061600
30	39.900000
30	41.344800
30	25.099200
30	34.910400
30	27.048000
30	23.301600
30	22.982400
30	17.959200
30	27.988800
30	46.099200
30	28.408800
30	16.111200
30	32.743200
30	40.958400
30	59.673600
30	50.904000
30	29.131200
30	24.880800
30	35.750400
30	29.097600
30	38.690400
30	35.683200
30	16.279200
30	38.253600
30	44.805600
30	43.932000
30	44.049600
30	26.023200
30	23.704800
30	24.696000
30	16.447200
30	40.320000
30	51.844800
30	20.832000
30	31.483200
30	19.353600
30	32.726400
30	27.568800
30	24.208800
30	26.628000
30	38.992800
30	17.220000
30	38.606400
30	20.798400
30	30.475200
30	55.154400
30	28.593600
30	31.012800
30	53.995200
30	39.261600
30	20.899200
30	35.347200
30	48.048000
30	30.240000
30	17.119200
30	0.000000
30	19.656000
30	40.840800
30	61.504800
30	18.799200
30	36.741600
30	37.228800
30	27.568800
30	44.016000
30	13.977600
30	39.916800
30	31.634400
30	13.490400
30	28.459200
30	36.069600
30	44.520000
30	37.396800
30	11.239200
30	23.604000
30	14.364000
30	21.436800
30	47.980800
30	38.421600
30	24.259200
30	23.570400
30	28.408800
30	20.815200
30	45.225600
30	33.818400
30	43.612800
30	41.143200
30	16.447200
30	27.837600
30	19.723200
30	34.188000
30	15.960000
30	13.826400
30	50.097600
30	29.988000
30	7.677600
30	36.405600
30	22.764000
30	40.135200
30	27.736800
30	23.184000
30	19.656000
30	45.964800
30	30.559200
30	23.956800
30	34.725600
30	20.613600
30	42.806400
30	33.398400
30	52.130400
30	49.173600
30	24.208800
30	20.311200
30	51.928800
30	36.204000
30	23.990400
30	2.755200
30	31.180800
30	31.332000
30	34.960800
30	42.588000
30	22.327200
30	28.425600
30	0.856800
30	26.930400
30	18.127200
30	12.163200
30	16.346400
30	46.888800
30	14.784000
30	19.084800
30	37.464000
30	46.788000
30	23.167200
30	55.036800
30	28.492800
30	42.420000
30	33.146400
30	16.346400
30	5.829600
30	30.391200
30	33.902400
30	44.217600
30	43.898400
30	30.340800
30	14.834400
30	34.540800
30	63.319200
30	17.052000
30	38.119200
30	20.260800
30	18.463200
30	29.299200
30	0.420000
30	28.862400
30	36.775200
30	13.809600
30	43.982400
30	23.234400
30	40.958400
40	52.819200
40	33.230400
40	33.045600
40	28.375200
40	26.964000
40	29.114400
40	32.827200
40	30.021600
40	36.355200
40	35.112000
40	19.051200
40	65.469600
40	14.666400
40	9.273600
40	53.272800
40	26.140800
40	41.344800
40	49.912800
40	28.778400
40	17.824800
40	31.752000
40	32.306400
40	25.687200
40	26.073600
40	26.544000
40	7.526400
40	34.389600
40	31.668000
40	31.701600
40	26.728800
40	33.700800
40	28.744800
40	17.455200
40	41.899200
40	23.856000
40	45.057600
40	34.204800
40	51.996000
40	34.120800
40	32.944800
40	35.078400
40	24.847200
40	39.513600
40	20.344800
40	33.381600
40	29.484000
40	57.304800
40	43.747200
40	40.185600
40	26.443200
40	63.907200
40	15.523200
40	44.654400
40	47.980800
40	31.180800
40	29.736000
40	22.814400
40	26.695200
40	31.550400
40	21.218400
40	36.120000
40	31.718400
40	9.945600
40	40.252800
40	14.229600
40	20.260800
40	18.513600
40	3.074400
40	24.528000
40	45.780000
40	43.932000
40	22.176000
40	19.454400
40	50.047200
40	11.407200
40	26.796000
40	38.623200
40	28.946400
40	28.677600
40	33.432000
40	40.622400
40	27.501600
40	17.589600
40	29.971200
40	16.732800
40	37.128000
40	51.811200
40	30.912000
40	25.485600
40	29.635200
40	27.972000
40	42.856800
40	18.547200
40	17.388000
40	35.128800
40	35.263200
40	32.592000
40	28.795200
40	21.252000
40	38.539200
40	63.772800
40	10.953600
40	41.428800
40	40.336800
40	22.696800
40	56.532000
40	24.158400
40	10.953600
40	46.300800
40	30.794400
40	48.350400
40	23.637600
40	38.203200
40	38.623200
40	29.047200
40	40.706400
40	26.208000
40	36.573600
40	23.856000
40	34.188000
40	18.093600
40	40.706400
40	18.362400
40	47.140800
40	29.064000
40	40.572000
40	27.417600
40	23.335200
40	42.352800
40	29.652000
40	28.778400
40	31.936800
40	46.401600
40	27.938400
40	49.056000
40	32.088000
40	23.620800
40	49.677600
40	39.916800
40	20.076000
40	43.276800
40	29.635200
40	39.967200
40	33.784800
40	23.318400
40	46.166400
40	20.680800
40	64.932000
40	27.820800
40	42.369600
40	27.417600
40	38.052000
40	38.791200
40	34.221600
40	24.830400
40	10.466400
40	35.162400
40	45.225600
40	20.227200
40	32.071200
40	9.374400
40	37.749600
40	36.741600
40	23.452800
40	26.628000
40	32.424000
40	53.239200
40	27.098400
40	49.576800
40	31.197600
40	30.391200
40	37.346400
40	15.993600
40	54.096000
40	36.355200
40	32.524800
40	45.124800
40	49.039200
40	15.388800
40	39.328800
40	34.843200
40	7.459200
40	38.572800
40	43.747200
40	32.877600
40	28.879200
40	31.970400
40	20.294400
40	55.456800
40	15.573600
40	64.663200
40	9.105600
40	19.975200
40	25.653600
40	39.244800
40	35.918400
40	36.204000
40	46.586400
40	4.334400
40	21.033600
50	35.968800
50	24.679200
50	29.904000
50	14.616000
50	33.230400
50	30.139200
50	41.580000
50	19.488000
50	22.646400
50	27.434400
50	29.013600
50	48.854400
50	7.812000
50	54.684000
50	21.084000
50	27.602400
50	37.548000
50	38.589600
50	38.892000
50	25.368000
50	31.684800
50	8.349600
50	35.565600
50	13.389600
50	31.231200
50	29.971200
50	35.330400
50	22.411200
50	48.064800
50	16.195200
50	15.422400
50	9.542400
50	33.230400
50	49.392000
50	54.532800
50	28.728000
50	13.692000
50	26.628000
50	29.030400
50	25.485600
50	33.482400
50	28.240800
50	37.632000
50	37.094400
50	21.000000
50	36.960000
50	33.112800
50	30.105600
50	20.092800
50	20.260800
50	18.849600
50	32.474400
50	33.465600
50	0.000000
50	22.999200
50	28.576800
50	18.194400
50	54.700800
50	23.805600
50	36.489600
50	19.639200
50	40.941600
50	29.299200
50	28.980000
50	47.930400
50	24.024000
50	20.580000
50	36.153600
50	25.015200
50	32.558400
50	24.780000
50	47.628000
50	25.989600
50	16.094400
50	29.584800
50	31.130400
50	22.092000
50	28.728000
50	11.995200
50	31.096800
50	32.474400
50	43.108800
50	20.412000
50	33.969600
50	22.528800
50	35.044800
50	20.714400
50	30.492000
50	34.860000
50	23.217600
50	36.573600
50	1.428000
50	46.636800
50	42.420000
50	45.057600
50	33.835200
50	27.955200
50	30.609600
50	26.191200
50	43.428000
50	35.952000
50	39.328800
50	41.949600
50	24.712800
50	35.448000
50	39.631200
50	51.290400
50	35.834400
50	29.803200
50	4.351200
50	17.253600
50	58.413600
50	46.569600
50	34.540800
50	27.182400
50	18.228000
50	6.770400
50	24.847200
50	22.192800
50	7.492800
50	39.849600
50	27.199200
50	38.824800
50	27.787200
50	20.260800
50	28.946400
50	52.147200
50	29.030400
50	33.852000
50	23.956800
50	34.036800
50	45.746400
50	59.186400
50	25.334400
50	4.552800
50	28.576800
50	66.074400
50	19.588800
50	36.405600
50	49.795200
50	27.720000
50	20.731200
50	12.096000
50	62.294400
50	26.661600
50	48.014400
50	24.796800
50	30.189600
50	54.885600
50	31.315200
50	31.281600
50	0.000000
50	33.919200
50	30.206400
50	20.076000
50	34.255200
50	43.562400
50	20.160000
50	37.682400
50	44.016000
50	25.116000
50	42.084000
50	36.674400
50	21.319200
50	28.072800
50	59.673600
50	20.361600
50	64.041600
50	34.020000
50	25.989600
50	13.860000
50	0.000000
50	54.482400
50	29.551200
50	36.590400
50	8.920800
50	25.015200
50	29.920800
50	25.351200
50	30.290400
50	30.660000
50	40.488000
50	21.756000
50	25.200000
50	48.333600
50	32.776800
50	26.174400
50	27.552000
50	28.929600
50	67.216800
50	8.064000
50	34.658400
50	23.620800
50	36.288000
50	33.986400
50	20.344800
50	27.266400
50	27.837600
50	8.601600
50	30.021600
60	27.434400
60	79.480800
60	39.362400
60	63.856800
60	49.543200
60	27.552000
60	10.869600
60	58.497600
60	25.804800
60	40.740000
60	53.104800
60	44.066400
60	62.210400
60	34.188000
60	23.486400
60	25.368000
60	47.124000
60	28.224000
60	51.508800
60	36.422400
60	63.672000
60	44.217600
60	55.171200
60	31.500000
60	9.777600
60	62.781600
60	48.837600
60	42.756000
60	18.849600
60	61.958400
60	26.376000
60	22.478400
60	39.076800
60	14.616000
60	29.416800
60	41.781600
60	68.947200
60	12.230400
60	44.536800
60	64.176000
60	28.341600
60	23.032800
60	2.520000
60	17.875200
60	19.101600
60	54.280800
60	115.298400
60	32.256000
60	12.348000
60	53.877600
60	59.640000
60	83.025600
60	50.870400
60	30.844800
60	45.696000
60	29.282400
60	43.948800
60	64.646400
60	62.395200
60	29.971200
60	18.480000
60	49.476000
60	44.066400
60	47.980800
60	16.077600
60	44.385600
60	18.060000
60	74.474400
60	100.245600
60	73.550400
60	30.609600
60	38.119200
60	56.028000
60	54.448800
60	34.456800
60	69.770400
60	61.807200
60	56.498400
60	52.046400
60	27.249600
60	17.824800
60	19.656000
60	21.067200
60	0.000000
60	48.468000
60	34.725600
60	69.820800
60	29.080800
60	69.434400
60	67.351200
60	40.118400
60	39.026400
60	36.993600
60	59.808000
60	9.223200
60	25.401600
60	61.773600
60	43.898400
60	44.923200
60	66.662400
60	42.554400
60	14.548800
60	73.147200
60	37.413600
60	6.871200
60	54.818400
60	10.768800
60	75.112800
60	30.811200
60	34.473600
60	46.670400
60	26.056800
60	40.588800
60	7.946400
60	41.092800
60	39.984000
60	55.188000
60	53.995200
60	29.601600
60	46.435200
60	75.247200
60	46.653600
60	25.704000
60	46.149600
60	29.467200
60	31.852800
60	49.543200
60	43.646400
60	23.604000
60	50.988000
60	43.965600
60	78.019200
60	29.870400
60	25.905600
60	29.366400
60	91.610400
60	46.687200
60	68.964000
60	51.256800
60	48.552000
60	30.357600
60	44.604000
60	23.704800
60	38.505600
60	39.160800
60	45.040800
60	84.470400
60	60.916800
60	29.584800
60	62.848800
60	19.202400
60	60.060000
60	29.265600
60	41.781600
60	55.658400
60	36.556800
60	32.155200
60	3.024000
60	40.992000
60	34.944000
60	55.759200
60	21.655200
60	43.461600
60	17.707200
60	35.800800
60	7.476000
60	20.193600
60	36.271200
60	69.266400
60	63.336000
60	30.475200
60	19.958400
60	45.528000
60	27.098400
60	63.840000
60	55.809600
60	34.792800
60	31.046400
60	39.211200
60	34.322400
60	46.905600
60	14.162400
60	42.268800
60	62.916000
60	77.532000
60	44.856000
60	10.315200
60	35.044800
60	21.352800
60	10.735200
60	41.748000
60	33.902400
60	48.988800
60	80.203200
60	50.668800
60	18.446400
60	65.553600
60	76.574400
60	20.244000
60	62.899200
70	93.105600
70	97.070400
70	49.156800
70	43.596000
70	67.704000
70	68.779200
70	31.550400
70	34.120800
70	0.000000
70	2.788800
70	35.565600
70	40.252800
70	21.151200
70	75.331200
70	40.975200
70	36.775200
70	32.256000
70	2.671200
70	41.277600
70	20.966400
70	23.301600
70	21.940800
70	29.248800
70	25.653600
70	38.354400
70	41.798400
70	99.187200
70	51.072000
70	28.056000
70	63.504000
70	42.974400
70	33.448800
70	48.871200
70	46.804800
70	30.912000
70	55.540800
70	24.057600
70	59.404800
70	33.264000
70	0.000000
70	54.835200
70	19.773600
70	40.286400
70	109.334400
70	6.820800
70	28.795200
70	42.537600
70	72.357600
70	51.273600
70	60.967200
70	61.538400
70	44.116800
70	46.502400
70	60.900000
70	46.888800
70	24.208800
70	52.617600
70	67.922400
70	45.124800
70	30.290400
70	47.880000
70	48.400800
70	93.139200
70	64.898400
70	51.828000
70	34.204800
70	13.120800
70	31.836000
70	36.691200
70	70.996800
70	42.453600
70	47.846400
70	59.556000
70	77.498400
70	58.917600
70	60.950400
70	45.276000
70	60.144000
70	72.492000
70	17.673600
70	26.846400
70	26.241600
70	53.138400
70	32.440800
70	61.303200
70	17.505600
70	81.312000
70	15.590400
70	49.862400
70	50.904000
70	50.080800
70	20.210400
70	8.736000
70	50.500800
70	58.296000
70	20.428800
70	48.652800
70	68.325600
70	38.673600
70	39.564000
70	39.664800
70	78.590400
70	30.122400
70	56.212800
70	55.776000
70	55.608000
70	86.940000
70	25.720800
70	63.789600
70	59.690400
70	49.560000
70	24.225600
70	9.340800
70	11.760000
70	28.442400
70	42.940800
70	15.741600
70	46.048800
70	35.448000
70	64.898400
70	65.822400
70	64.797600
70	72.357600
70	27.703200
70	49.173600
70	21.739200
70	56.649600
70	10.768800
70	45.124800
70	15.523200
70	0.000000
70	60.396000
70	65.385600
70	43.192800
70	33.784800
70	64.125600
70	34.792800
70	39.060000
70	44.032800
70	50.652000
70	30.525600
70	52.701600
70	43.730400
70	9.996000
70	70.627200
70	23.822400
70	61.387200
70	22.864800
70	48.568800
70	79.262400
70	43.192800
70	50.030400
70	46.569600
70	58.548000
70	36.708000
70	58.497600
70	51.710400
70	49.593600
70	23.923200
70	38.589600
70	33.163200
70	34.826400
70	76.473600
70	34.473600
70	78.708000
70	36.741600
70	33.129600
70	46.536000
70	28.761600
70	36.657600
70	60.043200
70	44.553600
70	9.760800
70	40.269600
70	61.135200
70	63.302400
70	53.877600
70	59.472000
70	44.755200
70	38.791200
70	45.830400
70	28.862400
70	25.334400
70	49.173600
70	29.954400
70	71.820000
70	10.281600
70	50.366400
70	62.479200
70	33.734400
70	76.574400
70	26.090400
70	40.857600
70	72.340800
70	37.044000
70	53.894400
70	58.212000
70	41.731200
70	27.955200
70	24.460800
80	82.908000
80	49.459200
80	13.675200
80	5.124000
80	35.700000
80	26.140800
80	23.066400
80	40.807200
80	44.923200
80	45.544800
80	54.751200
80	19.555200
80	44.184000
80	61.891200
80	14.582400
80	35.078400
80	9.055200
80	25.838400
80	72.895200
80	37.514400
80	37.044000
80	71.450400
80	40.370400
80	40.320000
80	48.199200
80	41.546400
80	50.013600
80	35.061600
80	37.632000
80	75.936000
80	66.108000
80	39.211200
80	68.292000
80	72.945600
80	48.300000
80	57.489600
80	57.540000
80	58.279200
80	10.869600
80	8.652000
80	19.588800
80	35.784000
80	24.276000
80	24.948000
80	54.700800
80	44.721600
80	64.932000
80	60.127200
80	72.357600
80	40.723200
80	19.370400
80	30.811200
80	58.497600
80	53.004000
80	15.506400
80	53.440800
80	31.315200
80	46.183200
80	33.364800
80	1.075200
80	26.913600
80	57.808800
80	45.040800
80	51.828000
80	15.456000
80	43.428000
80	28.089600
80	10.113600
80	34.574400
80	38.539200
80	7.694400
80	42.672000
80	56.330400
80	27.619200
80	45.578400
80	96.835200
80	17.522400
80	105.100800
80	28.862400
80	52.953600
80	53.088000
80	7.324800
80	8.332800
80	76.104000
80	35.095200
80	5.174400
80	74.844000
80	30.139200
80	109.200000
80	16.800000
80	30.828000
80	66.158400
80	27.501600
80	85.696800
80	39.076800
80	33.196800
80	34.540800
80	11.944800
80	81.866400
80	72.038400
80	40.252800
80	6.619200
80	8.736000
80	50.920800
80	37.044000
80	43.444800
80	31.298400
80	82.773600
80	42.487200
80	67.502400
80	64.579200
80	43.696800
80	23.402400
80	51.072000
80	30.273600
80	19.723200
80	48.535200
80	9.475200
80	21.840000
80	75.180000
80	51.592800
80	32.272800
80	14.649600
80	44.973600
80	24.242400
80	41.630400
80	41.596800
80	44.116800
80	47.493600
80	47.191200
80	59.354400
80	34.188000
80	45.444000
80	42.957600
80	38.287200
80	59.388000
80	36.775200
80	10.298400
80	27.064800
80	82.168800
80	55.675200
80	30.542400
80	31.550400
80	47.611200
80	52.684800
80	25.620000
80	21.369600
80	40.756800
80	72.206400
80	24.108000
80	16.094400
80	74.306400
80	4.989600
80	43.948800
80	1.327200
80	32.407200
80	59.102400
80	84.218400
80	65.923200
80	17.724000
80	75.096000
80	47.040000
80	67.132800
80	60.160800
80	53.575200
80	36.876000
80	38.068800
80	45.376800
80	32.390400
80	28.593600
80	33.448800
80	65.368800
80	66.763200
80	37.766400
80	52.584000
80	19.740000
80	60.832800
80	66.662400
80	18.799200
80	28.240800
80	32.911200
80	19.437600
80	46.956000
80	54.650400
80	60.278400
80	37.010400
80	30.038400
80	24.712800
80	29.030400
80	50.232000
80	10.399200
80	56.582400
80	72.475200
80	48.098400
80	10.752000
80	41.798400
80	42.352800
80	22.461600
80	21.033600
80	76.826400
90	75.028800
90	18.480000
90	96.163200
90	41.445600
90	57.960000
90	23.654400
90	44.973600
90	55.792800
90	51.408000
90	17.052000
90	58.144800
90	22.058400
90	76.994400
90	76.389600
90	57.388800
90	33.818400
90	24.864000
90	30.744000
90	71.954400
90	23.738400
90	46.368000
90	59.354400
90	71.282400
90	60.076800
90	26.661600
90	41.092800
90	42.084000
90	22.444800
90	67.552800
90	35.044800
90	54.146400
90	38.740800
90	57.943200
90	79.682400
90	35.044800
90	43.226400
90	48.938400
90	35.683200
90	28.660800
90	23.167200
90	29.198400
90	75.633600
90	41.378400
90	22.596000
90	34.540800
90	48.871200
90	51.844800
90	26.208000
90	50.467200
90	42.386400
90	40.572000
90	41.294400
90	45.847200
90	57.506400
90	47.006400
90	59.673600
90	65.671200
90	2.772000
90	28.929600
90	72.139200
90	75.734400
90	55.020000
90	46.821600
90	44.436000
90	53.205600
90	39.412800
90	42.604800
90	97.994400
90	36.876000
90	51.878400
90	56.061600
90	30.760800
90	52.701600
90	28.240800
90	44.133600
90	12.835200
90	66.460800
90	15.976800
90	57.892800
90	8.652000
90	53.558400
90	46.233600
90	60.799200
90	54.986400
90	41.882400
90	51.794400
90	45.124800
90	36.607200
90	33.180000
90	23.251200
90	61.958400
90	17.808000
90	45.225600
90	59.740800
90	42.487200
90	38.304000
90	67.435200
90	55.272000
90	56.834400
90	28.576800
90	54.247200
90	57.288000
90	39.076800
90	38.656800
90	46.586400
90	12.331200
90	37.598400
90	59.942400
90	92.416800
90	23.889600
90	49.996800
90	17.203200
90	49.593600
90	57.909600
90	20.277600
90	62.025600
90	72.660000
90	25.233600
90	69.316800
90	84.420000
90	34.910400
90	40.773600
90	37.648800
90	53.810400
90	31.987200
90	52.080000
90	34.272000
90	32.844000
90	54.280800
90	17.992800
90	34.406400
90	17.304000
90	48.300000
90	9.710400
90	69.820800
90	23.402400
90	0.000000
90	48.434400
90	91.408800
90	51.055200
90	54.751200
90	21.890400
90	29.114400
90	6.216000
90	40.068000
90	46.216800
90	50.820000
90	49.627200
90	48.585600
90	7.408800
90	62.462400
90	52.130400
90	27.484800
90	45.393600
90	52.936800
90	42.940800
90	37.212000
90	50.988000
90	31.365600
90	51.105600
90	58.867200
90	69.770400
90	15.775200
90	44.721600
90	36.691200
90	42.890400
90	20.731200
90	90.014400
90	46.284000
90	62.529600
90	29.803200
90	91.039200
90	60.883200
90	60.513600
90	32.524800
90	49.593600
90	39.799200
90	25.284000
90	26.409600
90	71.652000
90	36.859200
90	46.972800
90	45.360000
90	33.566400
90	66.645600
90	22.041600
90	73.096800
90	58.044000
90	73.869600
90	36.120000
90	46.317600
90	52.970400
90	39.312000
90	53.877600
90	65.604000
90	40.656000
90	51.172800
90	58.228800
90	10.600800
90	8.097600
100	27.501600
100	46.636800
100	20.076000
100	35.212800
100	42.856800
100	23.184000
100	43.310400
100	45.897600
100	55.406400
100	40.051200
100	114.895200
100	46.502400
100	58.245600
100	19.437600
100	50.736000
100	37.984800
100	39.362400
100	47.174400
100	60.664800
100	48.585600
100	44.671200
100	81.177600
100	11.390400
100	58.212000
100	34.188000
100	47.594400
100	66.578400
100	30.206400
100	24.595200
100	48.148800
100	52.886400
100	65.486400
100	11.323200
100	49.795200
100	61.118400
100	53.373600
100	15.691200
100	61.975200
100	14.380800
100	33.549600
100	56.128800
100	31.432800
100	61.941600
100	45.645600
100	63.806400
100	59.136000
100	64.965600
100	46.267200
100	48.988800
100	57.204000
100	52.332000
100	25.771200
100	53.844000
100	50.383200
100	13.154400
100	49.728000
100	29.215200
100	23.570400
100	95.054400
100	36.254400
100	73.936800
100	46.872000
100	28.728000
100	18.211200
100	50.366400
100	4.099200
100	40.269600
100	50.080800
100	30.307200
100	61.824000
100	32.961600
100	13.540800
100	37.732800
100	41.311200
100	52.987200
100	21.033600
100	50.416800
100	40.555200
100	38.186400
100	33.600000
100	51.592800
100	54.012000
100	45.712800
100	31.651200
100	70.660800
100	70.644000
100	49.022400
100	30.576000
100	76.725600
100	41.848800
100	65.940000
100	39.211200
100	42.739200
100	29.416800
100	63.907200
100	46.132800
100	36.960000
100	82.303200
100	44.217600
100	49.224000
100	51.072000
100	52.668000
100	5.308800
100	51.861600
100	27.518400
100	27.518400
100	39.312000
100	12.700800
100	55.036800
100	18.009600
100	60.816000
100	17.724000
100	48.720000
100	35.061600
100	55.792800
100	32.709600
100	15.825600
100	60.916800
100	30.156000
100	22.310400
100	78.976800
100	25.905600
100	50.232000
100	26.779200
100	58.010400
100	21.571200
100	45.561600
100	12.230400
100	48.316800
100	37.010400
100	30.895200
100	47.661600
100	86.856000
100	28.324800
100	8.752800
100	43.864800
100	55.238400
100	23.049600
100	34.221600
100	54.213600
100	9.542400
100	69.064800
100	37.900800
100	62.412000
100	23.268000
100	26.796000
100	72.408000
100	26.140800
100	41.227200
100	27.048000
100	63.588000
100	39.614400
100	25.032000
100	21.890400
100	59.992800
100	58.564800
100	29.450400
100	30.088800
100	57.136800
100	33.482400
100	15.422400
100	54.213600
100	89.577600
100	17.304000
100	66.914400
100	49.896000
100	36.036000
100	67.267200
100	7.022400
100	37.480800
100	83.949600
100	63.336000
100	25.015200
100	56.515200
100	32.575200
100	57.136800
100	28.677600
100	53.541600
100	63.218400
100	51.172800
100	65.352000
100	78.724800
100	12.045600
100	11.642400
100	45.040800
100	81.446400
100	19.874400
100	34.490400
100	24.276000
100	46.048800
100	48.770400
100	46.284000
100	39.278400
100	66.276000
100	6.585600
100	28.660800
100	56.414400
100	53.877600
100	28.056000
100	36.523200
110	89.191200
110	58.867200
110	28.795200
110	66.460800
110	51.895200
110	20.546400
110	43.730400
110	25.317600
110	36.640800
110	7.240800
110	51.172800
110	36.338400
110	27.048000
110	8.685600
110	37.531200
110	71.635200
110	60.429600
110	67.435200
110	30.021600
110	71.853600
110	33.516000
110	39.110400
110	27.434400
110	53.239200
110	32.961600
110	29.148000
110	31.315200
110	65.452800
110	52.449600
110	55.574400
110	93.542400
110	28.123200
110	58.816800
110	85.780800
110	31.533600
110	46.082400
110	27.115200
110	33.700800
110	77.196000
110	34.440000
110	42.655200
110	54.801600
110	22.562400
110	78.338400
110	59.539200
110	22.394400
110	53.356800
110	39.026400
110	46.704000
110	42.067200
110	61.622400
110	49.795200
110	55.843200
110	19.874400
110	89.661600
110	7.039200
110	73.903200
110	36.052800
110	81.312000
110	22.612800
110	56.985600
110	39.496800
110	30.172800
110	47.661600
110	40.874400
110	29.148000
110	21.487200
110	71.349600
110	65.553600
110	13.456800
110	54.146400
110	29.736000
110	26.930400
110	29.232000
110	52.281600
110	33.314400
110	90.804000
110	42.000000
110	27.417600
110	34.070400
110	19.454400
110	33.852000
110	62.395200
110	35.767200
110	59.119200
110	50.500800
110	57.204000
110	20.647200
110	29.551200
110	34.658400
110	28.963200
110	86.217600
110	64.612800
110	66.595200
110	42.940800
110	67.368000
110	17.841600
110	59.253600
110	50.181600
110	61.572000
110	59.388000
110	35.481600
110	66.024000
110	25.737600
110	20.277600
110	57.153600
110	19.353600
110	48.165600
110	70.946400
110	0.000000
110	34.137600
110	48.048000
110	35.263200
110	53.676000
110	43.344000
110	52.147200
110	49.677600
110	58.161600
110	47.829600
110	32.608800
110	23.503200
110	94.852800
110	90.182400
110	73.382400
110	61.706400
110	79.917600
110	25.116000
110	27.064800
110	27.165600
110	54.667200
110	23.251200
110	55.944000
110	44.587200
110	47.594400
110	52.046400
110	58.934400
110	81.009600
110	72.441600
110	29.937600
110	38.791200
110	68.628000
110	93.861600
110	33.566400
110	40.992000
110	51.340800
110	79.816800
110	7.358400
110	72.240000
110	37.850400
110	49.341600
110	0.000000
110	47.040000
110	57.304800
110	26.779200
110	47.140800
110	35.616000
110	23.755200
110	27.686400
110	32.642400
110	21.067200
110	26.745600
110	42.772800
110	16.380000
110	36.187200
110	44.217600
110	69.720000
110	28.190400
110	1.058400
110	42.268800
110	69.669600
110	81.832800
110	52.449600
110	68.846400
110	38.488800
110	36.808800
110	85.747200
110	13.557600
110	56.968800
110	24.931200
110	64.495200
110	52.500000
110	27.316800
110	15.943200
110	37.749600
110	47.040000
110	13.591200
110	45.040800
110	44.923200
110	33.532800
110	36.573600
110	52.500000
110	50.568000
110	21.672000
110	1.024800
110	65.436000
110	40.756800
110	53.709600
110	45.242400
110	55.020000
110	31.651200
120	93.189600
120	17.421600
120	50.198400
120	55.137600
120	20.479200
120	12.885600
120	62.882400
120	26.208000
120	121.766400
120	22.478400
120	103.588800
120	22.176000
120	36.607200
120	6.115200
120	25.485600
120	86.856000
120	88.905600
120	108.175200
120	49.644000
120	113.332800
120	48.333600
120	27.266400
120	44.755200
120	25.048800
120	55.288800
120	61.924800
120	9.441600
120	95.558400
120	49.996800
120	8.971200
120	96.213600
120	40.168800
120	37.665600
120	44.973600
120	37.564800
120	57.640800
120	112.694400
120	46.300800
120	108.931200
120	69.400800
120	69.552000
120	44.570400
120	38.337600
120	23.671200
120	83.815200
120	5.409600
120	42.823200
120	94.432800
120	49.526400
120	47.090400
120	79.027200
120	90.988800
120	8.920800
120	29.904000
120	82.219200
120	57.254400
120	14.414400
120	1.075200
120	53.155200
120	54.314400
120	42.856800
120	42.420000
120	10.399200
120	64.999200
120	62.076000
120	26.056800
120	19.320000
120	122.959200
120	98.683200
120	45.124800
120	141.321600
120	35.212800
120	8.131200
120	44.872800
120	54.196800
120	43.360800
120	0.000000
120	21.957600
120	73.264800
120	18.110400
120	18.547200
120	75.482400
120	2.385600
120	32.373600
120	97.456800
120	48.787200
120	68.712000
120	28.929600
120	156.256800
120	6.182400
120	39.664800
120	47.191200
120	7.896000
120	13.473600
120	16.296000
120	67.351200
120	87.444000
120	1.965600
120	18.866400
120	47.678400
120	30.878400
120	42.638400
120	38.236800
120	16.430400
120	46.368000
120	65.587200
120	64.024800
120	56.548800
120	25.183200
120	35.767200
120	60.060000
120	55.221600
120	29.920800
120	97.171200
120	68.980800
120	123.580800
120	32.575200
120	43.176000
120	81.547200
120	82.370400
120	23.839200
120	57.321600
120	33.936000
120	40.958400
120	43.898400
120	51.391200
120	58.951200
120	23.721600
120	65.469600
120	48.232800
120	27.384000
120	68.913600
120	44.150400
120	85.058400
120	18.496800
120	0.000000
120	56.666400
120	68.124000
120	1.075200
120	40.572000
120	29.265600
120	115.416000
120	11.172000
120	75.852000
120	46.972800
120	100.329600
120	39.379200
120	76.288800
120	24.108000
120	47.325600
120	76.255200
120	23.738400
120	1.075200
120	102.127200
120	59.119200
120	0.000000
120	53.121600
120	19.723200
120	0.000000
120	14.716800
120	68.157600
120	98.632800
120	11.340000
120	0.268800
120	0.000000
120	36.993600
120	96.180000
120	47.896800
120	10.634400
120	48.031200
120	27.048000
120	21.739200
120	69.132000
120	45.343200
120	37.128000
120	65.301600
120	23.755200
120	19.084800
120	51.962400
120	14.767200
120	62.210400
120	13.053600
120	49.644000
120	69.804000
120	31.416000
120	162.220800
120	67.166400
120	0.000000
120	13.608000
120	0.000000
120	64.797600
120	67.166400
120	57.288000
120	57.741600
120	58.044000
120	52.752000
120	33.600000
120	53.743200
120	39.530400
120	19.269600
130	32.961600
130	30.458400
130	10.164000
130	66.662400
130	25.435200
130	39.261600
130	29.752800
130	39.093600
130	78.338400
130	60.648000
130	17.001600
130	14.649600
130	47.426400
130	40.118400
130	66.242400
130	99.909600
130	39.799200
130	90.686400
130	33.129600
130	54.045600
130	73.214400
130	36.472800
130	10.903200
130	55.389600
130	59.455200
130	65.066400
130	101.959200
130	41.529600
130	22.780800
130	74.659200
130	43.898400
130	28.879200
130	22.260000
130	83.916000
130	30.660000
130	41.042400
130	50.904000
130	58.111200
130	48.216000
130	19.740000
130	110.796000
130	50.316000
130	32.827200
130	159.566400
130	50.652000
130	9.676800
130	41.227200
130	80.824800
130	64.680000
130	75.482400
130	25.670400
130	35.784000
130	0.000000
130	32.978400
130	43.276800
130	60.328800
130	23.116800
130	21.453600
130	69.921600
130	44.973600
130	6.333600
130	79.161600
130	19.857600
130	74.676000
130	89.594400
130	7.207200
130	37.564800
130	66.964800
130	42.823200
130	83.731200
130	76.608000
130	124.706400
130	9.525600
130	31.130400
130	33.667200
130	23.402400
130	69.602400
130	9.643200
130	48.871200
130	10.718400
130	63.487200
130	88.065600
130	73.684800
130	60.110400
130	64.142400
130	42.756000
130	2.150400
130	10.080000
130	22.814400
130	56.347200
130	43.814400
130	16.800000
130	45.528000
130	37.749600
130	38.976000
130	0.907200
130	0.000000
130	65.234400
130	47.829600
130	61.068000
130	14.263200
130	26.880000
130	45.376800
130	1.075200
130	14.632800
130	70.408800
130	73.533600
130	63.302400
130	27.837600
130	70.576800
130	20.059200
130	68.930400
130	70.946400
130	96.280800
130	52.802400
130	99.792000
130	65.150400
130	41.462400
130	48.854400
130	19.706400
130	75.465600
130	21.571200
130	59.119200
130	72.273600
130	33.868800
130	39.312000
130	12.852000
130	40.656000
130	42.873600
130	1.024800
130	89.594400
130	72.710400
130	45.292800
130	26.275200
130	11.592000
130	43.680000
130	67.082400
130	92.332800
130	61.756800
130	0.403200
130	22.344000
130	0.000000
130	50.652000
130	46.905600
130	59.976000
130	10.382400
130	24.460800
130	29.803200
130	39.698400
130	65.536800
130	33.280800
130	48.400800
130	36.607200
130	55.692000
130	27.652800
130	38.186400
130	43.260000
130	28.274400
130	42.302400
130	48.484800
130	66.981600
130	33.079200
130	89.359200
130	50.937600
130	49.744800
130	74.877600
130	99.859200
130	90.081600
130	61.857600
130	35.985600
130	21.235200
130	39.849600
130	68.224800
130	60.244800
130	61.723200
130	57.153600
130	31.886400
130	28.375200
130	43.108800
130	58.094400
130	22.932000
130	39.076800
130	61.555200
130	60.648000
130	82.874400
130	22.226400
130	57.640800
130	12.247200
130	44.620800
130	31.768800
130	38.841600
130	21.772800
130	30.962400
130	96.381600
130	41.311200
130	14.884800
130	26.376000
130	39.816000
130	50.282400
130	59.421600
140	52.819200
140	62.344800
140	23.133600
140	35.313600
140	104.092800
140	45.091200
140	29.248800
140	12.146400
140	67.922400
140	74.222400
140	39.009600
140	31.399200
140	3.343200
140	49.509600
140	34.524000
140	10.399200
140	50.635200
140	29.349600
140	16.245600
140	80.354400
140	51.223200
140	81.261600
140	23.704800
140	35.548800
140	42.520800
140	0.000000
140	14.901600
140	58.346400
140	67.939200
140	40.353600
140	34.288800
140	14.767200
140	9.475200
140	19.320000
140	55.036800
140	86.688000
140	41.664000
140	8.652000
140	27.400800
140	49.308000
140	28.929600
140	37.363200
140	63.453600
140	61.252800
140	90.820800
140	100.161600
140	54.885600
140	62.260800
140	55.204800
140	52.903200
140	0.000000
140	98.078400
140	51.324000
140	0.000000
140	83.361600
140	0.000000
140	1.075200
140	101.808000
140	31.936800
140	35.448000
140	50.282400
140	46.704000
140	21.974400
140	22.008000
140	74.424000
140	1.058400
140	21.403200
140	17.539200
140	29.937600
140	42.739200
140	64.293600
140	41.008800
140	60.933600
140	14.061600
140	26.964000
140	89.140800
140	28.593600
140	34.322400
140	42.504000
140	23.469600
140	1.478400
140	7.812000
140	47.728800
140	34.843200
140	1.075200
140	52.365600
140	70.879200
140	51.643200
140	41.580000
140	0.000000
140	42.806400
140	20.714400
140	13.087200
140	20.563200
140	84.621600
140	118.423200
140	51.105600
140	13.994400
140	44.318400
140	54.230400
140	21.201600
140	71.786400
140	56.364000
140	49.828800
140	6.753600
140	47.208000
140	41.798400
140	9.139200
140	46.233600
140	43.528800
140	10.432800
140	78.691200
140	80.908800
140	10.869600
140	47.846400
140	34.725600
140	39.127200
140	55.137600
140	58.060800
140	48.552000
140	23.688000
140	3.108000
140	41.412000
140	36.405600
140	59.858400
140	68.846400
140	26.846400
140	51.962400
140	30.744000
140	55.876800
140	1.075200
140	32.894400
140	30.626400
140	100.010400
140	80.421600
140	36.808800
140	50.366400
140	25.452000
140	92.080800
140	83.344800
140	25.317600
140	28.828800
140	142.766400
140	60.412800
140	99.775200
140	32.390400
140	65.016000
140	28.459200
140	51.357600
140	42.907200
140	77.229600
140	54.583200
140	116.440800
140	43.814400
140	22.730400
140	33.314400
140	76.406400
140	0.000000
140	37.632000
140	83.311200
140	118.171200
140	28.492800
140	21.184800
140	67.989600
140	54.028800
140	16.161600
140	52.063200
140	20.815200
140	7.140000
140	66.007200
140	63.739200
140	37.144800
140	68.964000
140	47.292000
140	102.160800
140	24.108000
140	16.262400
140	42.655200
140	78.170400
140	11.810400
140	26.930400
140	6.988800
140	63.756000
140	48.232800
140	72.055200
140	105.621600
140	55.305600
140	26.661600
140	30.240000
140	0.000000
140	28.660800
140	101.808000
140	115.382400
140	45.208800
140	46.015200
140	77.296800
140	68.527200
140	31.584000
140	96.112800
140	48.955200
150	40.874400
150	77.767200
150	51.811200
150	1.075200
150	37.296000
150	8.332800
150	8.164800
150	78.220800
150	50.736000
150	57.153600
150	34.876800
150	4.216800
150	42.235200
150	8.551200
150	57.909600
150	67.821600
150	16.296000
150	29.988000
150	25.384800
150	0.739200
150	39.261600
150	36.120000
150	23.704800
150	55.490400
150	109.116000
150	13.087200
150	43.360800
150	63.688800
150	103.807200
150	42.621600
150	0.000000
150	98.515200
150	22.528800
150	65.587200
150	80.556000
150	70.308000
150	54.247200
150	33.784800
150	115.382400
150	83.546400
150	30.324000
150	5.930400
150	37.800000
150	79.581600
150	3.948000
150	25.888800
150	24.511200
150	22.898400
150	0.000000
150	8.568000
150	70.056000
150	56.380800
150	19.471200
150	30.576000
150	27.669600
150	75.801600
150	36.876000
150	39.144000
150	52.348800
150	25.200000
150	3.309600
150	21.151200
150	17.808000
150	37.648800
150	26.762400
150	52.869600
150	64.377600
150	29.450400
150	23.268000
150	14.280000
150	13.742400
150	63.924000
150	57.792000
150	73.584000
150	41.966400
150	71.433600
150	30.122400
150	30.374400
150	40.908000
150	56.179200
150	64.780800
150	57.321600
150	26.712000
150	5.174400
150	67.670400
150	120.758400
150	40.924800
150	36.976800
150	12.230400
150	100.884000
150	57.724800
150	30.122400
150	26.846400
150	85.495200
150	40.924800
150	22.108800
150	51.811200
150	49.862400
150	86.856000
150	18.648000
150	70.996800
150	33.684000
150	63.268800
150	67.401600
150	63.638400
150	15.237600
150	26.611200
150	32.188800
150	23.268000
150	37.044000
150	60.933600
150	54.230400
150	87.948000
150	59.203200
150	102.900000
150	90.081600
150	12.482400
150	35.918400
150	30.324000
150	0.000000
150	71.181600
150	76.070400
150	92.131200
150	87.175200
150	39.127200
150	17.892000
150	73.752000
150	54.348000
150	0.000000
150	84.890400
150	56.179200
150	33.969600
150	33.818400
150	35.431200
150	33.700800
150	41.899200
150	36.976800
150	41.076000
150	0.000000
150	34.087200
150	47.829600
150	16.749600
150	85.461600
150	79.867200
150	56.112000
150	25.065600
150	7.492800
150	52.852800
150	56.767200
150	55.826400
150	41.160000
150	127.915200
150	49.459200
150	6.972000
150	18.345600
150	46.351200
150	77.347200
150	17.757600
150	76.036800
150	28.963200
150	73.365600
150	5.544000
150	46.368000
150	44.805600
150	113.131200
150	52.248000
150	104.832000
150	74.961600
150	30.223200
150	26.964000
150	44.284800
150	28.509600
150	57.624000
150	45.141600
150	56.313600
150	104.143200
150	10.214400
150	56.918400
150	11.709600
150	94.970400
150	77.532000
150	68.779200
150	53.592000
150	32.524800
150	44.368800
150	77.212800
150	54.163200
150	42.940800
150	62.764800
150	20.580000
150	14.112000
150	107.906400
150	0.000000
150	28.795200
150	45.746400
150	23.318400
150	40.689600
150	57.220800
150	21.638400
150	39.849600
