10	12.600000
10	8.584800
10	10.701600
10	7.795200
10	7.761600
10	4.384800
10	12.062400
10	10.046400
10	2.788800
10	7.778400
10	11.222400
10	6.384000
10	4.132800
10	6.468000
10	6.283200
10	7.509600
10	7.795200
10	9.895200
10	8.736000
10	3.024000
10	5.846400
10	10.600800
10	11.289600
10	5.544000
10	8.484000
10	8.517600
10	7.627200
10	9.189600
10	7.593600
10	8.416800
10	5.964000
10	8.635200
10	13.204800
10	10.298400
10	7.341600
10	9.844800
10	3.998400
10	9.374400
10	10.382400
10	16.245600
10	7.660800
10	5.258400
10	2.587200
10	12.919200
10	3.141600
10	8.635200
10	6.216000
10	7.963200
10	9.223200
10	10.752000
10	8.685600
10	4.216800
10	3.914400
10	11.205600
10	11.121600
10	9.004800
10	9.172800
10	9.727200
10	8.181600
10	4.636800
10	7.375200
10	4.216800
10	16.279200
10	7.358400
10	11.575200
10	12.952800
10	8.937600
10	1.092000
10	6.081600
10	9.374400
10	13.456800
10	11.407200
10	7.274400
10	9.324000
10	5.997600
10	10.752000
10	11.592000
10	10.281600
10	7.996800
10	16.094400
10	8.030400
10	16.363200
10	5.493600
10	2.805600
10	5.224800
10	7.123200
10	7.980000
10	14.616000
10	11.894400
10	13.994400
10	12.012000
10	3.864000
10	7.845600
10	5.880000
10	12.768000
10	6.283200
10	8.534400
10	10.768800
10	5.661600
10	9.828000
20	7.039200
20	25.149600
20	6.585600
20	14.145600
20	19.101600
20	16.816800
20	22.243200
20	2.184000
20	15.338400
20	14.145600
20	24.931200
20	25.267200
20	20.815200
20	14.935200
20	13.372800
20	10.819200
20	16.178400
20	22.176000
20	9.609600
20	26.006400
20	18.144000
20	18.732000
20	36.304800
20	14.364000
20	23.721600
20	15.288000
20	5.157600
20	17.875200
20	21.873600
20	16.380000
20	22.999200
20	3.007200
20	19.807200
20	9.542400
20	11.071200
20	25.922400
20	19.924800
20	13.742400
20	12.616800
20	20.966400
20	30.290400
20	13.725600
20	13.104000
20	15.220800
20	2.856000
20	27.300000
20	21.739200
20	11.911200
20	17.942400
20	23.772000
20	9.592800
20	10.936800
20	10.752000
20	18.732000
20	22.730400
20	18.160800
20	22.377600
20	21.235200
20	18.900000
20	20.025600
20	12.196800
20	25.267200
20	20.294400
20	13.708800
20	19.840800
20	38.102400
20	16.480800
20	15.691200
20	15.388800
20	21.957600
20	12.835200
20	14.935200
20	10.214400
20	15.993600
20	17.656800
20	20.546400
20	21.772800
20	16.195200
20	10.365600
20	18.009600
20	21.537600
20	7.795200
20	12.751200
20	6.568800
20	13.944000
20	17.656800
20	11.928000
20	12.717600
20	20.630400
20	11.995200
20	29.013600
20	15.624000
20	16.094400
20	12.566400
20	21.268800
20	4.771200
20	13.188000
20	27.619200
20	22.024800
20	20.412000
30	28.173600
30	33.012000
30	20.076000
30	22.209600
30	22.713600
30	16.346400
30	29.769600
30	20.781600
30	24.712800
30	13.440000
30	37.917600
30	27.921600
30	20.848800
30	39.060000
30	30.676800
30	21.386400
30	18.950400
30	20.764800
30	30.693600
30	22.176000
30	12.818400
30	21.806400
30	32.424000
30	18.160800
30	6.568800
30	25.300800
30	20.344800
30	21.016800
30	14.901600
30	41.748000
30	34.708800
30	24.074400
30	33.700800
30	38.169600
30	30.374400
30	15.876000
30	31.096800
30	25.888800
30	21.050400
30	20.025600
30	30.206400
30	27.753600
30	15.204000
30	47.023200
30	20.462400
30	16.413600
30	26.980800
30	10.987200
30	29.920800
30	17.455200
30	29.080800
30	17.404800
30	29.349600
30	34.641600
30	17.455200
30	19.605600
30	39.698400
30	33.112800
30	13.759200
30	23.083200
30	28.240800
30	15.002400
30	24.578400
30	36.388800
30	20.832000
30	32.491200
30	21.957600
30	15.069600
30	27.367200
30	42.184800
30	14.532000
30	25.737600
30	39.194400
30	19.958400
30	26.745600
30	23.520000
30	35.196000
30	7.996800
30	23.184000
30	29.299200
30	18.463200
30	26.275200
30	39.328800
30	7.912800
30	22.142400
30	15.439200
30	18.211200
30	34.104000
30	32.004000
30	33.986400
30	24.444000
30	46.754400
30	28.812000
30	9.676800
30	25.956000
30	15.506400
30	16.716000
30	33.852000
30	21.436800
30	17.740800
40	46.284000
40	25.485600
40	37.178400
40	28.996800
40	29.299200
40	34.876800
40	19.000800
40	20.328000
40	23.368800
40	39.866400
40	24.242400
40	31.080000
40	22.125600
40	23.100000
40	31.332000
40	27.938400
40	33.482400
40	19.941600
40	32.088000
40	24.343200
40	15.103200
40	43.310400
40	7.660800
40	17.354400
40	28.308000
40	14.565600
40	31.432800
40	20.328000
40	15.170400
40	25.502400
40	23.016000
40	32.373600
40	27.384000
40	32.810400
40	29.500800
40	17.472000
40	24.192000
40	30.626400
40	23.721600
40	41.277600
40	46.720800
40	37.900800
40	23.032800
40	31.298400
40	19.857600
40	23.839200
40	31.298400
40	10.096800
40	25.149600
40	41.932800
40	26.661600
40	17.472000
40	22.243200
40	27.568800
40	46.905600
40	27.451200
40	19.874400
40	36.892800
40	33.717600
40	29.954400
40	15.036000
40	31.768800
40	9.912000
40	35.767200
40	30.912000
40	31.382400
40	18.950400
40	28.728000
40	16.816800
40	23.990400
40	31.651200
40	14.599200
40	32.054400
40	12.432000
40	23.066400
40	36.573600
40	42.588000
40	22.125600
40	25.720800
40	26.997600
40	26.124000
40	38.606400
40	53.978400
40	36.523200
40	41.076000
40	31.029600
40	28.963200
40	22.108800
40	27.652800
40	41.395200
40	32.743200
40	20.412000
40	19.236000
40	25.032000
40	24.528000
40	20.697600
40	17.455200
40	40.185600
40	33.532800
40	26.392800
50	1.024800
50	33.297600
50	22.444800
50	35.112000
50	20.076000
50	23.083200
50	32.776800
50	11.558400
50	11.004000
50	14.784000
50	16.111200
50	13.944000
50	34.557600
50	33.801600
50	35.616000
50	3.931200
50	27.417600
50	30.290400
50	31.046400
50	38.640000
50	24.830400
50	40.740000
50	22.932000
50	15.523200
50	29.954400
50	32.524800
50	36.372000
50	15.506400
50	29.635200
50	27.669600
50	29.635200
50	32.642400
50	32.390400
50	14.616000
50	33.600000
50	21.873600
50	24.410400
50	20.680800
50	21.722400
50	19.622400
50	21.168000
50	46.452000
50	23.352000
50	23.822400
50	22.176000
50	16.094400
50	15.405600
50	24.074400
50	21.504000
50	37.329600
50	31.684800
50	3.931200
50	0.705600
50	23.536800
50	31.332000
50	42.252000
50	17.539200
50	32.592000
50	27.921600
50	28.308000
50	19.857600
50	20.764800
50	33.768000
50	24.981600
50	31.785600
50	31.533600
50	20.092800
50	41.244000
50	31.466400
50	30.760800
50	22.999200
50	33.448800
50	18.261600
50	7.375200
50	20.025600
50	25.905600
50	34.809600
50	21.823200
50	23.889600
50	26.846400
50	18.933600
50	25.838400
50	28.879200
50	38.119200
50	32.272800
50	18.228000
50	21.403200
50	31.483200
50	30.072000
50	13.725600
50	28.862400
50	40.202400
50	33.616800
50	32.524800
50	30.240000
50	24.208800
50	17.354400
50	16.665600
50	19.588800
50	20.664000
60	40.656000
60	26.577600
60	21.084000
60	45.376800
60	77.028000
60	42.739200
60	43.730400
60	52.113600
60	46.956000
60	52.600800
60	57.338400
60	25.082400
60	27.736800
60	20.008800
60	14.263200
60	25.519200
60	37.279200
60	35.952000
60	35.918400
60	0.016800
60	19.370400
60	43.713600
60	45.746400
60	22.545600
60	57.960000
60	45.292800
60	0.000000
60	11.743200
60	31.684800
60	22.948800
60	51.760800
60	46.838400
60	21.235200
60	63.974400
60	47.040000
60	26.846400
60	12.717600
60	46.015200
60	36.640800
60	15.590400
60	53.810400
60	46.989600
60	58.816800
60	60.748800
60	29.635200
60	13.036800
60	28.308000
60	16.178400
60	19.353600
60	55.356000
60	24.612000
60	27.501600
60	53.037600
60	59.472000
60	43.780800
60	10.903200
60	42.403200
60	43.226400
60	1.360800
60	33.045600
60	27.468000
60	2.604000
60	10.970400
60	24.393600
60	10.029600
60	10.752000
60	55.960800
60	42.974400
60	47.510400
60	8.517600
60	31.214400
60	32.659200
60	17.623200
60	60.547200
60	56.414400
60	43.579200
60	2.536800
60	43.495200
60	33.919200
60	29.148000
60	25.939200
60	45.544800
60	20.563200
60	27.417600
60	71.383200
60	55.440000
60	24.477600
60	12.280800
60	22.680000
60	35.935200
60	75.600000
60	31.012800
60	32.020800
60	73.130400
60	34.641600
60	48.753600
60	59.287200
60	58.867200
60	33.600000
60	57.523200
70	15.120000
70	60.362400
70	40.370400
70	11.424000
70	46.452000
70	14.716800
70	20.042400
70	40.017600
70	45.225600
70	12.818400
70	52.046400
70	50.635200
70	22.092000
70	31.063200
70	29.954400
70	28.795200
70	57.052800
70	40.975200
70	34.591200
70	37.816800
70	31.869600
70	62.882400
70	25.132800
70	37.396800
70	31.920000
70	23.469600
70	27.988800
70	36.876000
70	70.694400
70	42.201600
70	47.560800
70	28.778400
70	25.384800
70	33.230400
70	18.564000
70	47.409600
70	45.158400
70	13.675200
70	34.154400
70	35.095200
70	20.496000
70	24.427200
70	51.794400
70	42.369600
70	10.483200
70	22.915200
70	33.482400
70	19.622400
70	35.767200
70	33.045600
70	40.051200
70	53.424000
70	46.099200
70	42.470400
70	26.930400
70	56.918400
70	50.131200
70	50.668800
70	58.077600
70	34.725600
70	34.389600
70	73.936800
70	39.043200
70	38.572800
70	29.534400
70	29.736000
70	29.668800
70	29.870400
70	42.218400
70	30.945600
70	38.774400
70	63.302400
70	19.605600
70	28.744800
70	0.235200
70	26.863200
70	68.325600
70	39.564000
70	46.116000
70	17.724000
70	42.789600
70	38.052000
70	54.852000
70	72.290400
70	41.042400
70	28.408800
70	36.002400
70	69.333600
70	37.178400
70	38.152800
70	31.046400
70	37.732800
70	44.419200
70	35.397600
70	29.265600
70	29.517600
70	11.407200
70	37.850400
70	41.680800
70	62.680800
80	23.704800
80	37.833600
80	12.465600
80	56.683200
80	31.987200
80	57.103200
80	76.104000
80	60.446400
80	16.363200
80	0.991200
80	75.364800
80	43.444800
80	49.560000
80	53.676000
80	40.857600
80	32.239200
80	39.984000
80	36.321600
80	48.266400
80	19.118400
80	50.736000
80	49.660800
80	48.804000
80	55.154400
80	46.804800
80	28.728000
80	17.505600
80	28.257600
80	5.107200
80	57.926400
80	45.561600
80	32.172000
80	0.000000
80	33.163200
80	51.340800
80	26.964000
80	35.364000
80	60.681600
80	18.009600
80	44.133600
80	63.000000
80	13.036800
80	62.395200
80	38.438400
80	52.617600
80	39.597600
80	38.102400
80	61.168800
80	18.276800
80	26.779200
80	45.141600
80	60.748800
80	32.491200
80	19.588800
80	54.583200
80	48.669600
80	56.952000
80	1.092000
80	28.929600
80	2.755200
80	36.506400
80	40.471200
80	46.317600
80	19.773600
80	31.567200
80	10.315200
80	27.199200
80	51.710400
80	66.578400
80	13.406400
80	34.792800
80	22.848000
80	40.051200
80	75.717600
80	23.352000
80	41.697600
80	29.584800
80	38.707200
80	58.968000
80	39.765600
80	29.836800
80	30.576000
80	26.140800
80	25.720800
80	41.311200
80	34.776000
80	30.256800
80	23.553600
80	41.428800
80	66.292800
80	54.062400
80	16.228800
80	31.332000
80	8.198400
80	46.737600
80	39.093600
80	18.748800
80	26.258400
80	37.077600
80	20.496000
90	40.051200
90	35.985600
90	44.436000
90	48.770400
90	6.300000
90	50.047200
90	52.970400
90	23.083200
90	0.000000
90	49.879200
90	15.086400
90	26.779200
90	45.141600
90	24.578400
90	8.181600
90	47.426400
90	12.768000
90	33.280800
90	30.122400
90	68.964000
90	36.556800
90	56.498400
90	34.725600
90	41.697600
90	32.256000
90	27.199200
90	56.683200
90	62.260800
90	52.164000
90	41.949600
90	53.491200
90	39.009600
90	44.200800
90	33.868800
90	35.330400
90	38.119200
90	41.764800
90	38.472000
90	34.658400
90	24.964800
90	33.079200
90	47.174400
90	43.780800
90	58.884000
90	34.658400
90	31.668000
90	40.101600
90	35.800800
90	22.579200
90	22.797600
90	42.134400
90	38.152800
90	12.499200
90	45.175200
90	25.132800
90	34.137600
90	12.768000
90	39.412800
90	21.621600
90	34.776000
90	24.880800
90	22.999200
90	28.341600
90	16.296000
90	28.308000
90	58.111200
90	31.466400
90	26.678400
90	57.859200
90	54.600000
90	49.996800
90	40.622400
90	36.792000
90	14.565600
90	34.288800
90	30.021600
90	36.993600
90	32.323200
90	52.500000
90	45.544800
90	61.874400
90	14.481600
90	38.186400
90	7.744800
90	51.273600
90	9.828000
90	31.600800
90	47.644800
90	52.382400
90	8.534400
90	42.604800
90	41.277600
90	43.982400
90	75.936000
90	34.692000
90	43.999200
90	39.278400
90	31.281600
90	37.615200
90	44.620800
100	34.490400
100	62.412000
100	14.515200
100	37.094400
100	35.364000
100	51.643200
100	38.892000
100	37.094400
100	36.741600
100	19.336800
100	39.379200
100	47.493600
100	46.804800
100	3.175200
100	83.949600
100	29.484000
100	10.600800
100	40.017600
100	32.272800
100	51.777600
100	24.208800
100	59.724000
100	53.810400
100	14.901600
100	2.234400
100	4.368000
100	31.819200
100	33.734400
100	60.916800
100	54.667200
100	20.210400
100	23.620800
100	16.917600
100	29.064000
100	74.306400
100	50.232000
100	15.842400
100	0.000000
100	36.540000
100	37.615200
100	3.528000
100	36.036000
100	63.218400
100	38.572800
100	27.350400
100	24.057600
100	33.096000
100	24.326400
100	20.445600
100	42.705600
100	28.963200
100	32.256000
100	37.648800
100	34.171200
100	6.417600
100	37.648800
100	27.501600
100	30.945600
100	35.095200
100	26.006400
100	58.581600
100	12.280800
100	32.776800
100	51.626400
100	34.927200
100	30.676800
100	30.223200
100	52.080000
100	10.332000
100	65.587200
100	42.184800
100	70.845600
100	38.371200
100	42.957600
100	25.284000
100	12.465600
100	36.388800
100	6.232800
100	46.552800
100	43.377600
100	28.459200
100	42.369600
100	68.073600
100	63.386400
100	41.025600
100	49.593600
100	23.049600
100	35.565600
100	31.096800
100	28.778400
100	15.170400
100	17.976000
100	29.097600
100	41.008800
100	30.156000
100	68.208000
100	68.964000
100	46.116000
100	20.109600
100	2.856000
110	44.923200
110	55.473600
110	7.257600
110	30.626400
110	9.206400
110	27.216000
110	35.851200
110	10.533600
110	78.237600
110	61.924800
110	0.000000
110	13.860000
110	77.582400
110	40.202400
110	19.353600
110	4.183200
110	7.106400
110	40.286400
110	31.668000
110	27.904800
110	40.437600
110	0.000000
110	0.000000
110	95.239200
110	10.920000
110	0.000000
110	1.075200
110	0.000000
110	0.000000
110	1.058400
110	51.206400
110	26.846400
110	4.872000
110	32.676000
110	0.000000
110	2.217600
110	23.940000
110	9.357600
110	41.731200
110	45.057600
110	16.682400
110	17.186400
110	11.474400
110	28.123200
110	24.124800
110	27.132000
110	25.939200
110	40.252800
110	26.896800
110	51.223200
110	5.023200
110	12.801600
110	6.249600
110	6.938400
110	47.493600
110	27.988800
110	4.586400
110	40.521600
110	7.140000
110	0.000000
110	0.000000
110	68.056800
110	63.772800
110	0.000000
110	0.000000
110	53.121600
110	30.307200
110	29.904000
110	12.583200
110	90.988800
110	74.188800
110	47.493600
110	51.172800
110	21.907200
110	0.470400
110	1.092000
110	0.000000
110	1.075200
110	28.375200
110	0.000000
110	0.000000
110	47.527200
110	50.954400
110	16.816800
110	8.366400
110	0.000000
110	41.563200
110	25.704000
110	31.852800
110	18.244800
110	29.164800
110	36.103200
110	0.000000
110	17.640000
110	22.545600
110	34.137600
110	0.000000
110	47.779200
110	24.007200
110	40.840800
120	5.241600
120	32.944800
120	48.249600
120	45.091200
120	15.825600
120	0.000000
120	60.446400
120	38.875200
120	0.000000
120	1.075200
120	0.000000
120	15.187200
120	36.120000
120	21.252000
120	22.075200
120	68.527200
120	44.200800
120	40.320000
120	62.378400
120	59.740800
120	0.672000
120	29.937600
120	31.113600
120	14.028000
120	67.435200
120	2.402400
120	0.000000
120	38.539200
120	33.364800
120	25.418400
120	62.512800
120	21.772800
120	70.190400
120	16.060800
120	35.800800
120	38.304000
120	48.904800
120	53.020800
120	44.251200
120	69.367200
120	38.858400
120	33.482400
120	16.934400
120	0.000000
120	41.361600
120	27.518400
120	23.284800
120	7.593600
120	111.938400
120	25.771200
120	57.506400
120	32.289600
120	54.247200
120	28.828800
120	47.258400
120	36.321600
120	17.001600
120	27.568800
120	0.000000
120	72.357600
120	25.536000
120	44.721600
120	31.920000
120	10.600800
120	12.717600
120	25.989600
120	7.946400
120	38.085600
120	0.386400
120	71.937600
120	20.294400
120	0.000000
120	49.224000
120	0.000000
120	64.058400
120	4.149600
120	57.220800
120	10.029600
120	44.587200
120	4.452000
120	60.698400
120	0.000000
120	34.641600
120	0.000000
120	86.906400
120	1.075200
120	39.278400
120	32.104800
120	0.000000
120	44.167200
120	28.375200
120	32.575200
120	44.604000
120	0.000000
120	27.014400
120	57.136800
120	52.080000
120	8.080800
120	37.262400
120	0.000000
130	45.259200
130	33.684000
130	29.248800
130	0.000000
130	36.960000
130	15.624000
130	47.426400
130	46.082400
130	18.916800
130	50.601600
130	43.344000
130	25.687200
130	61.924800
130	19.857600
130	30.760800
130	13.843200
130	22.209600
130	33.247200
130	36.136800
130	0.000000
130	0.000000
130	11.944800
130	7.442400
130	8.736000
130	4.334400
130	53.457600
130	48.888000
130	74.188800
130	15.691200
130	5.863200
130	28.240800
130	10.651200
130	13.356000
130	0.000000
130	71.601600
130	77.784000
130	86.469600
130	0.000000
130	46.032000
130	30.861600
130	13.994400
130	44.704800
130	0.000000
130	27.770400
130	0.000000
130	33.852000
130	33.700800
130	35.767200
130	42.268800
130	29.500800
130	16.329600
130	0.000000
130	44.436000
130	2.150400
130	1.075200
130	0.000000
130	0.000000
130	70.593600
130	0.000000
130	0.000000
130	3.460800
130	16.044000
130	61.538400
130	30.391200
130	16.934400
130	69.904800
130	0.000000
130	0.000000
130	2.805600
130	60.244800
130	9.206400
130	3.192000
130	31.164000
130	0.000000
130	31.432800
130	23.385600
130	21.050400
130	0.000000
130	0.000000
130	32.138400
130	38.136000
130	18.093600
130	30.139200
130	0.000000
130	48.568800
130	14.918400
130	12.566400
130	0.000000
130	0.000000
130	50.954400
130	45.561600
130	57.573600
130	32.323200
130	0.000000
130	15.540000
130	7.140000
130	0.000000
130	40.941600
130	28.711200
130	48.098400
140	14.700000
140	28.694400
140	78.136800
140	0.000000
140	23.184000
140	35.011200
140	0.000000
140	33.314400
140	23.587200
140	71.416800
140	32.457600
140	32.743200
140	35.968800
140	35.112000
140	18.849600
140	26.560800
140	62.697600
140	21.604800
140	37.111200
140	73.449600
140	0.000000
140	21.672000
140	8.299200
140	26.628000
140	38.304000
140	27.081600
140	77.952000
140	15.321600
140	73.735200
140	4.603200
140	42.604800
140	7.224000
140	34.322400
140	17.421600
140	1.075200
140	55.020000
140	28.173600
140	91.324800
140	0.000000
140	36.573600
140	33.079200
140	47.997600
140	15.170400
140	10.399200
140	30.508800
140	20.378400
140	20.445600
140	28.056000
140	0.000000
140	17.236800
140	16.010400
140	0.000000
140	55.087200
140	54.398400
140	40.689600
140	33.768000
140	39.127200
140	20.076000
140	22.512000
140	40.840800
140	6.165600
140	3.729600
140	29.685600
140	14.700000
140	9.256800
140	31.449600
140	28.761600
140	25.351200
140	45.746400
140	48.400800
140	1.075200
140	17.371200
140	76.591200
140	2.570400
140	61.857600
140	24.830400
140	33.079200
140	0.000000
140	15.926400
140	30.777600
140	22.260000
140	0.000000
140	0.000000
140	28.005600
140	1.495200
140	73.432800
140	37.951200
140	14.716800
140	41.731200
140	11.205600
140	24.511200
140	19.874400
140	52.432800
140	12.163200
140	73.348800
140	31.718400
140	0.000000
140	0.302400
140	47.762400
140	56.851200
150	30.693600
150	34.389600
150	47.863200
150	38.791200
150	0.756000
150	59.673600
150	68.493600
150	34.843200
150	9.576000
150	24.948000
150	11.827200
150	55.171200
150	10.920000
150	20.361600
150	1.075200
150	22.915200
150	16.564800
150	0.000000
150	0.000000
150	21.100800
150	21.638400
150	19.924800
150	19.353600
150	61.185600
150	0.000000
150	34.624800
150	4.166400
150	21.470400
150	79.464000
150	16.783200
150	27.014400
150	0.000000
150	0.000000
150	0.000000
150	0.000000
150	57.002400
150	32.474400
150	37.716000
150	30.324000
150	13.927200
150	2.402400
150	43.209600
150	80.472000
150	33.079200
150	5.124000
150	11.541600
150	13.524000
150	0.000000
150	16.984800
150	0.000000
150	6.955200
150	0.352800
150	17.707200
150	48.753600
150	0.000000
150	25.788000
150	12.297600
150	11.138400
150	30.240000
150	2.284800
150	45.427200
150	22.108800
150	43.108800
150	9.223200
150	0.000000
150	40.286400
150	18.715200
150	21.000000
150	3.057600
150	0.000000
150	77.112000
150	0.000000
150	30.256800
150	0.000000
150	22.209600
150	0.000000
150	5.359200
150	17.186400
150	0.000000
150	0.000000
150	5.980800
150	0.000000
150	62.748000
150	35.985600
150	25.771200
150	16.396800
150	41.361600
150	26.678400
150	9.912000
150	109.855200
150	33.448800
150	33.180000
150	23.956800
150	12.381600
150	0.000000
150	56.212800
150	31.903200
150	64.008000
150	71.215200
150	30.710400
