opt(flow)=1
opt(slot_num_)=10
opt(rate)=10
0 9 17
38.023083954128936 53.972017045119777
Start Simulation...
num_nodes is set 25
channel.cc:sendUp - Calc highestAntennaZ_ and distCST_
highestAntennaZ_ = 1.5,  distCST_ = 550.0

!!!!!!!!!!!!!!!!!!!!!!!!!!!!!!!!!!!!!!!!!!!!

38.023084:index(9):sendRequest:rq_slot_factor[SLOT_AS_CONTROL....MAX_SLOT_NUM_]:
9,9,9,9,9,9,9,9,
!!!!!!!!!!!!!!!!!!!!!!!!!!!!!!!!!!!!!!!!!!!!!!!!

0,0,0,0,0,0,0,0,
0,0,0,0,0,0,0,0,
-2,-2,-2,-2,-2,-2,-2,-2,
-2,-2,-2,-2,-2,-2,-2,-2,
-2,-2,-2,-2,-2,-2,-2,-2,
-2,-2,-2,-2,-2,-2,-2,-2,
-2,-2,-2,-2,-2,-2,-2,-2,
-2,-2,-2,-2,-2,-2,-2,-2,
-2,-2,-2,-2,-2,-2,-2,-2,
-2,-2,-2,-2,-2,-2,-2,-2,
38.130362:index(8):recvRequest:temp_free_slot[SLOT_AS_CONTROL....MAX_SLOT_NUM_](choose minimun value):
23,23,23,23,23,23,23,23,
!!!!!!!!!!!!!!!!!!!!!!!!!!!!!!!!!!!!!!!!!!!!!!!!

!!!!!!!!!!!!!!!!!!!!!!!!!!!!!!!!!!!!!!!!!!!!!

38.130362:index(8):recvRequest:rq_slot_factor[SLOT_AS_CONTROL....MAX_SLOT_NUM_](before forward):
14,14,14,14,14,14,14,-1,
!!!!!!!!!!!!!!!!!!!!!!!!!!!!!!!!!!!!!!!!!!!!!!!!

0,0,0,0,0,0,0,0,
0,0,0,0,0,0,0,0,
-2,-2,-2,-2,-2,-2,-2,-2,
-2,-2,-2,-2,-2,-2,-2,-2,
-2,-2,-2,-2,-2,-2,-2,-2,
-2,-2,-2,-2,-2,-2,-2,-2,
-2,-2,-2,-2,-2,-2,-2,-2,
-2,-2,-2,-2,-2,-2,-2,-2,
-2,-2,-2,-2,-2,-2,-2,-2,
-2,-2,-2,-2,-2,-2,-2,-2,
38.130362:index(4):recvRequest:temp_free_slot[SLOT_AS_CONTROL....MAX_SLOT_NUM_](choose minimun value):
15,15,15,15,15,15,15,15,
!!!!!!!!!!!!!!!!!!!!!!!!!!!!!!!!!!!!!!!!!!!!!!!!

!!!!!!!!!!!!!!!!!!!!!!!!!!!!!!!!!!!!!!!!!!!!!

38.130362:index(4):recvRequest:rq_slot_factor[SLOT_AS_CONTROL....MAX_SLOT_NUM_](before forward):
6,6,6,6,6,6,6,-1,
!!!!!!!!!!!!!!!!!!!!!!!!!!!!!!!!!!!!!!!!!!!!!!!!

0,0,0,0,0,0,0,0,
0,0,0,0,0,0,0,0,
-2,-2,-2,-2,-2,-2,-2,-2,
-2,-2,-2,-2,-2,-2,-2,-2,
-2,-2,-2,-2,-2,-2,-2,-2,
-2,-2,-2,-2,-2,-2,-2,-2,
-2,-2,-2,-2,-2,-2,-2,-2,
-2,-2,-2,-2,-2,-2,-2,-2,
-2,-2,-2,-2,-2,-2,-2,-2,
-2,-2,-2,-2,-2,-2,-2,-2,
38.130362:index(14):recvRequest:temp_free_slot[SLOT_AS_CONTROL....MAX_SLOT_NUM_](choose minimun value):
19,19,19,19,19,19,19,19,
!!!!!!!!!!!!!!!!!!!!!!!!!!!!!!!!!!!!!!!!!!!!!!!!

!!!!!!!!!!!!!!!!!!!!!!!!!!!!!!!!!!!!!!!!!!!!!

38.130362:index(14):recvRequest:rq_slot_factor[SLOT_AS_CONTROL....MAX_SLOT_NUM_](before forward):
10,10,10,10,10,10,10,-1,
!!!!!!!!!!!!!!!!!!!!!!!!!!!!!!!!!!!!!!!!!!!!!!!!

0,0,0,0,0,0,0,0,
0,0,0,0,0,0,0,0,
0,0,0,0,0,0,0,0,
-2,-2,-2,-2,-2,-2,-2,-2,
-2,-2,-2,-2,-2,-2,-2,-2,
-2,-2,-2,-2,-2,-2,-2,-2,
-2,-2,-2,-2,-2,-2,-2,-2,
-2,-2,-2,-2,-2,-2,-2,-2,
-2,-2,-2,-2,-2,-2,-2,-2,
-2,-2,-2,-2,-2,-2,-2,-2,
38.190362:index(3):recvRequest:temp_free_slot[SLOT_AS_CONTROL....MAX_SLOT_NUM_](choose minimun value):
15,15,15,15,15,15,15,-1,
!!!!!!!!!!!!!!!!!!!!!!!!!!!!!!!!!!!!!!!!!!!!!!!!

!!!!!!!!!!!!!!!!!!!!!!!!!!!!!!!!!!!!!!!!!!!!!

38.190362:index(3):recvRequest:rq_slot_factor[SLOT_AS_CONTROL....MAX_SLOT_NUM_](before forward):
9,9,9,9,9,9,-1,9,
!!!!!!!!!!!!!!!!!!!!!!!!!!!!!!!!!!!!!!!!!!!!!!!!

0,0,0,0,0,0,0,0,
0,0,0,0,0,0,0,0,
0,0,0,0,0,0,0,0,
-2,-2,-2,-2,-2,-2,-2,-2,
-2,-2,-2,-2,-2,-2,-2,-2,
-2,-2,-2,-2,-2,-2,-2,-2,
-2,-2,-2,-2,-2,-2,-2,-2,
-2,-2,-2,-2,-2,-2,-2,-2,
-2,-2,-2,-2,-2,-2,-2,-2,
-2,-2,-2,-2,-2,-2,-2,-2,
38.190362:index(7):recvRequest:temp_free_slot[SLOT_AS_CONTROL....MAX_SLOT_NUM_](choose minimun value):
29,29,29,29,29,29,29,-1,
!!!!!!!!!!!!!!!!!!!!!!!!!!!!!!!!!!!!!!!!!!!!!!!!

!!!!!!!!!!!!!!!!!!!!!!!!!!!!!!!!!!!!!!!!!!!!!

38.190362:index(7):recvRequest:rq_slot_factor[SLOT_AS_CONTROL....MAX_SLOT_NUM_](before forward):
15,15,15,15,15,15,-1,15,
!!!!!!!!!!!!!!!!!!!!!!!!!!!!!!!!!!!!!!!!!!!!!!!!

0,0,0,0,0,0,0,0,
0,0,0,0,0,0,0,0,
0,0,0,0,0,0,0,0,
-2,-2,-2,-2,-2,-2,-2,-2,
-2,-2,-2,-2,-2,-2,-2,-2,
-2,-2,-2,-2,-2,-2,-2,-2,
-2,-2,-2,-2,-2,-2,-2,-2,
-2,-2,-2,-2,-2,-2,-2,-2,
-2,-2,-2,-2,-2,-2,-2,-2,
-2,-2,-2,-2,-2,-2,-2,-2,
38.190362:index(13):recvRequest:temp_free_slot[SLOT_AS_CONTROL....MAX_SLOT_NUM_](choose minimun value):
29,29,29,29,29,29,29,-1,
!!!!!!!!!!!!!!!!!!!!!!!!!!!!!!!!!!!!!!!!!!!!!!!!

!!!!!!!!!!!!!!!!!!!!!!!!!!!!!!!!!!!!!!!!!!!!!

38.190362:index(13):recvRequest:rq_slot_factor[SLOT_AS_CONTROL....MAX_SLOT_NUM_](before forward):
15,15,15,15,15,15,-1,15,
!!!!!!!!!!!!!!!!!!!!!!!!!!!!!!!!!!!!!!!!!!!!!!!!

0,0,0,0,0,0,0,0,
0,0,0,0,0,0,0,0,
0,0,0,0,0,0,0,0,
-2,-2,-2,-2,-2,-2,-2,-2,
-2,-2,-2,-2,-2,-2,-2,-2,
-2,-2,-2,-2,-2,-2,-2,-2,
-2,-2,-2,-2,-2,-2,-2,-2,
-2,-2,-2,-2,-2,-2,-2,-2,
-2,-2,-2,-2,-2,-2,-2,-2,
-2,-2,-2,-2,-2,-2,-2,-2,
38.190362:index(19):recvRequest:temp_free_slot[SLOT_AS_CONTROL....MAX_SLOT_NUM_](choose minimun value):
19,19,19,19,19,19,19,-1,
!!!!!!!!!!!!!!!!!!!!!!!!!!!!!!!!!!!!!!!!!!!!!!!!

!!!!!!!!!!!!!!!!!!!!!!!!!!!!!!!!!!!!!!!!!!!!!

38.190362:index(19):recvRequest:rq_slot_factor[SLOT_AS_CONTROL....MAX_SLOT_NUM_](before forward):
9,9,9,9,9,9,-1,9,
!!!!!!!!!!!!!!!!!!!!!!!!!!!!!!!!!!!!!!!!!!!!!!!!

0,0,0,0,0,0,0,0,
0,0,0,0,0,0,0,0,
0,0,0,0,0,0,0,0,
0,0,0,0,0,0,0,0,
-2,-2,-2,-2,-2,-2,-2,-2,
-2,-2,-2,-2,-2,-2,-2,-2,
-2,-2,-2,-2,-2,-2,-2,-2,
-2,-2,-2,-2,-2,-2,-2,-2,
-2,-2,-2,-2,-2,-2,-2,-2,
-2,-2,-2,-2,-2,-2,-2,-2,
38.250362:index(2):recvRequest:temp_free_slot[SLOT_AS_CONTROL....MAX_SLOT_NUM_](choose minimun value):
19,19,19,19,19,19,-1,-1,
!!!!!!!!!!!!!!!!!!!!!!!!!!!!!!!!!!!!!!!!!!!!!!!!

!!!!!!!!!!!!!!!!!!!!!!!!!!!!!!!!!!!!!!!!!!!!!

38.250362:index(2):recvRequest:rq_slot_factor[SLOT_AS_CONTROL....MAX_SLOT_NUM_](before forward):
10,10,10,10,10,-1,10,10,
!!!!!!!!!!!!!!!!!!!!!!!!!!!!!!!!!!!!!!!!!!!!!!!!

0,0,0,0,0,0,0,0,
0,0,0,0,0,0,0,0,
0,0,0,0,0,0,0,0,
0,0,0,0,0,0,0,0,
-2,-2,-2,-2,-2,-2,-2,-2,
-2,-2,-2,-2,-2,-2,-2,-2,
-2,-2,-2,-2,-2,-2,-2,-2,
-2,-2,-2,-2,-2,-2,-2,-2,
-2,-2,-2,-2,-2,-2,-2,-2,
-2,-2,-2,-2,-2,-2,-2,-2,
38.250362:index(6):recvRequest:temp_free_slot[SLOT_AS_CONTROL....MAX_SLOT_NUM_](choose minimun value):
29,29,29,29,29,29,-1,-1,
!!!!!!!!!!!!!!!!!!!!!!!!!!!!!!!!!!!!!!!!!!!!!!!!

!!!!!!!!!!!!!!!!!!!!!!!!!!!!!!!!!!!!!!!!!!!!!

38.250362:index(6):recvRequest:rq_slot_factor[SLOT_AS_CONTROL....MAX_SLOT_NUM_](before forward):
14,14,14,14,14,-1,14,14,
!!!!!!!!!!!!!!!!!!!!!!!!!!!!!!!!!!!!!!!!!!!!!!!!

0,0,0,0,0,0,0,0,
0,0,0,0,0,0,0,0,
0,0,0,0,0,0,0,0,
0,0,0,0,0,0,0,0,
-2,-2,-2,-2,-2,-2,-2,-2,
-2,-2,-2,-2,-2,-2,-2,-2,
-2,-2,-2,-2,-2,-2,-2,-2,
-2,-2,-2,-2,-2,-2,-2,-2,
-2,-2,-2,-2,-2,-2,-2,-2,
-2,-2,-2,-2,-2,-2,-2,-2,
38.250362:index(12):recvRequest:temp_free_slot[SLOT_AS_CONTROL....MAX_SLOT_NUM_](choose minimun value):
31,31,31,31,31,31,-1,-1,
!!!!!!!!!!!!!!!!!!!!!!!!!!!!!!!!!!!!!!!!!!!!!!!!

!!!!!!!!!!!!!!!!!!!!!!!!!!!!!!!!!!!!!!!!!!!!!

38.250362:index(12):recvRequest:rq_slot_factor[SLOT_AS_CONTROL....MAX_SLOT_NUM_](before forward):
16,16,16,16,16,-1,16,16,
!!!!!!!!!!!!!!!!!!!!!!!!!!!!!!!!!!!!!!!!!!!!!!!!

0,0,0,0,0,0,0,0,
0,0,0,0,0,0,0,0,
0,0,0,0,0,0,0,0,
0,0,0,0,0,0,0,0,
-2,-2,-2,-2,-2,-2,-2,-2,
-2,-2,-2,-2,-2,-2,-2,-2,
-2,-2,-2,-2,-2,-2,-2,-2,
-2,-2,-2,-2,-2,-2,-2,-2,
-2,-2,-2,-2,-2,-2,-2,-2,
-2,-2,-2,-2,-2,-2,-2,-2,
38.250362:index(18):recvRequest:temp_free_slot[SLOT_AS_CONTROL....MAX_SLOT_NUM_](choose minimun value):
29,29,29,29,29,29,-1,-1,
!!!!!!!!!!!!!!!!!!!!!!!!!!!!!!!!!!!!!!!!!!!!!!!!

!!!!!!!!!!!!!!!!!!!!!!!!!!!!!!!!!!!!!!!!!!!!!

38.250362:index(18):recvRequest:rq_slot_factor[SLOT_AS_CONTROL....MAX_SLOT_NUM_](before forward):
14,14,14,14,14,-1,14,14,
!!!!!!!!!!!!!!!!!!!!!!!!!!!!!!!!!!!!!!!!!!!!!!!!

0,0,0,0,0,0,0,0,
0,0,0,0,0,0,0,0,
0,0,0,0,0,0,0,0,
0,0,0,0,0,0,0,0,
-2,-2,-2,-2,-2,-2,-2,-2,
-2,-2,-2,-2,-2,-2,-2,-2,
-2,-2,-2,-2,-2,-2,-2,-2,
-2,-2,-2,-2,-2,-2,-2,-2,
-2,-2,-2,-2,-2,-2,-2,-2,
-2,-2,-2,-2,-2,-2,-2,-2,
38.250362:index(24):recvRequest:temp_free_slot[SLOT_AS_CONTROL....MAX_SLOT_NUM_](choose minimun value):
15,15,15,15,15,15,-1,-1,
!!!!!!!!!!!!!!!!!!!!!!!!!!!!!!!!!!!!!!!!!!!!!!!!

!!!!!!!!!!!!!!!!!!!!!!!!!!!!!!!!!!!!!!!!!!!!!

38.250362:index(24):recvRequest:rq_slot_factor[SLOT_AS_CONTROL....MAX_SLOT_NUM_](before forward):
6,6,6,6,6,-1,6,6,
!!!!!!!!!!!!!!!!!!!!!!!!!!!!!!!!!!!!!!!!!!!!!!!!

0,0,0,0,0,0,0,0,
0,0,0,0,0,0,0,0,
0,0,0,0,0,0,0,0,
0,0,0,0,0,0,0,0,
0,0,0,0,0,0,0,0,
-2,-2,-2,-2,-2,-2,-2,-2,
-2,-2,-2,-2,-2,-2,-2,-2,
-2,-2,-2,-2,-2,-2,-2,-2,
-2,-2,-2,-2,-2,-2,-2,-2,
-2,-2,-2,-2,-2,-2,-2,-2,
38.310362:index(1):recvRequest:temp_free_slot[SLOT_AS_CONTROL....MAX_SLOT_NUM_](choose minimun value):
19,19,19,19,19,-1,-1,19,
!!!!!!!!!!!!!!!!!!!!!!!!!!!!!!!!!!!!!!!!!!!!!!!!

!!!!!!!!!!!!!!!!!!!!!!!!!!!!!!!!!!!!!!!!!!!!!

38.310362:index(1):recvRequest:rq_slot_factor[SLOT_AS_CONTROL....MAX_SLOT_NUM_](before forward):
9,9,9,9,9,9,9,-1,
!!!!!!!!!!!!!!!!!!!!!!!!!!!!!!!!!!!!!!!!!!!!!!!!

0,0,0,0,0,0,0,0,
0,0,0,0,0,0,0,0,
0,0,0,0,0,0,0,0,
0,0,0,0,0,0,0,0,
0,0,0,0,0,0,0,0,
-2,-2,-2,-2,-2,-2,-2,-2,
-2,-2,-2,-2,-2,-2,-2,-2,
-2,-2,-2,-2,-2,-2,-2,-2,
-2,-2,-2,-2,-2,-2,-2,-2,
-2,-2,-2,-2,-2,-2,-2,-2,
38.310362:index(5):recvRequest:temp_free_slot[SLOT_AS_CONTROL....MAX_SLOT_NUM_](choose minimun value):
23,23,23,23,23,-1,-1,23,
!!!!!!!!!!!!!!!!!!!!!!!!!!!!!!!!!!!!!!!!!!!!!!!!

!!!!!!!!!!!!!!!!!!!!!!!!!!!!!!!!!!!!!!!!!!!!!

38.310362:index(5):recvRequest:rq_slot_factor[SLOT_AS_CONTROL....MAX_SLOT_NUM_](before forward):
9,9,9,9,9,9,9,-1,
!!!!!!!!!!!!!!!!!!!!!!!!!!!!!!!!!!!!!!!!!!!!!!!!

0,0,0,0,0,0,0,0,
0,0,0,0,0,0,0,0,
0,0,0,0,0,0,0,0,
0,0,0,0,0,0,0,0,
0,0,0,0,0,0,0,0,
-2,-2,-2,-2,-2,-2,-2,-2,
-2,-2,-2,-2,-2,-2,-2,-2,
-2,-2,-2,-2,-2,-2,-2,-2,
-2,-2,-2,-2,-2,-2,-2,-2,
-2,-2,-2,-2,-2,-2,-2,-2,
38.310362:index(11):recvRequest:temp_free_slot[SLOT_AS_CONTROL....MAX_SLOT_NUM_](choose minimun value):
29,29,29,29,29,-1,-1,29,
!!!!!!!!!!!!!!!!!!!!!!!!!!!!!!!!!!!!!!!!!!!!!!!!

!!!!!!!!!!!!!!!!!!!!!!!!!!!!!!!!!!!!!!!!!!!!!

38.310362:index(11):recvRequest:rq_slot_factor[SLOT_AS_CONTROL....MAX_SLOT_NUM_](before forward):
15,15,15,15,15,15,15,-1,
!!!!!!!!!!!!!!!!!!!!!!!!!!!!!!!!!!!!!!!!!!!!!!!!

0,0,0,0,0,0,0,0,
0,0,0,0,0,0,0,0,
0,0,0,0,0,0,0,0,
0,0,0,0,0,0,0,0,
0,0,0,0,0,0,0,0,
-2,-2,-2,-2,-2,-2,-2,-2,
-2,-2,-2,-2,-2,-2,-2,-2,
-2,-2,-2,-2,-2,-2,-2,-2,
-2,-2,-2,-2,-2,-2,-2,-2,
-2,-2,-2,-2,-2,-2,-2,-2,
estimateBW01:8
tempBWA01:8
tempBWB:8
tempBWA02:4
estimateBW02:4
tempBWA01:8
tempBWB:8
tempBWA02:4
estimateBW02:4
tempBWA01:8
tempBWB:8
tempBWA02:4
estimateBW02:4
38.310362:index(17):rq_src,rq_dst,rq_bcast_id,estimateBW:9, 17, 1, 4:

38.310362:index(17):before timer:
38.310362:index(17):recvRequest:temp_free_slot[SLOT_AS_CONTROL....MAX_SLOT_NUM_](choose minimun value):
31,31,31,31,31,-1,-1,31,
!!!!!!!!!!!!!!!!!!!!!!!!!!!!!!!!!!!!!!!!!!!!!!!!

!!!!!!!!!!!!!!!!!!!!!!!!!!!!!!!
!!!!!!!!!!!!!!!!!!!!!!!!!!!!!!!
!!!!!!!!!!!!!!!!!!!!!!!!!!!!!!!
!!!!!!!!!!!!!!!!!!!!!!!!!!!!!!!
!!!!!!!!!!!!!!!!!!!!!!!!!!!!!!!
!!!!!!!!!!!!!!!!!!!!!!!!!!!!!!!
!!!!!!!!!!!!!!!!!!!!!!!!!!!!!!!
!!!!!!!!!!!!!!!!!!!!!!!!!!!!!!!
!!!!!!!!!!!!!!!!!!!!!!!!!!!!!!!
!!!!!!!!!!!!!!!!!!!!!!!!!!!!!!!
!!!!!!!!!!!!!!!!!!!!!!!!!!!!!!!
!!!!!!!!!!!!!!!!!!!!!!!!!!!!!!!
!!!!!!!!!!!!!!!!!!!!!!!!!!!!!!!
!!!!!!!!!!!!!!!!!!!!!!!!!!!!!!!
!!!!!!!!!!!!!!!!!!!!!!!!!!!!!!!
!!!!!!!!!!!!!!!!!!!!!!!!!!!!!!!

0,0,0,0,0,0,0,0,
0,0,0,0,0,0,0,0,
0,0,0,0,0,0,0,0,
0,0,0,0,0,0,0,0,
0,0,0,0,0,0,0,0,
-2,-2,-2,-2,-2,-2,-2,-2,
-2,-2,-2,-2,-2,-2,-2,-2,
-2,-2,-2,-2,-2,-2,-2,-2,
-2,-2,-2,-2,-2,-2,-2,-2,
-2,-2,-2,-2,-2,-2,-2,-2,
0,0,0,0,0,0,0,0,
0,0,0,0,0,0,0,0,
0,0,0,0,0,0,0,0,
0,0,0,0,0,0,0,0,
0,0,0,0,0,0,0,0,
-2,-2,-2,-2,-2,-2,-2,-2,
-2,-2,-2,-2,-2,-2,-2,-2,
-2,-2,-2,-2,-2,-2,-2,-2,
-2,-2,-2,-2,-2,-2,-2,-2,
-2,-2,-2,-2,-2,-2,-2,-2,
38.310362:index(23):recvRequest:temp_free_slot[SLOT_AS_CONTROL....MAX_SLOT_NUM_](choose minimun value):
23,23,23,23,23,-1,-1,23,
!!!!!!!!!!!!!!!!!!!!!!!!!!!!!!!!!!!!!!!!!!!!!!!!

!!!!!!!!!!!!!!!!!!!!!!!!!!!!!!!!!!!!!!!!!!!!!

38.310362:index(23):recvRequest:rq_slot_factor[SLOT_AS_CONTROL....MAX_SLOT_NUM_](before forward):
9,9,9,9,9,9,9,-1,
!!!!!!!!!!!!!!!!!!!!!!!!!!!!!!!!!!!!!!!!!!!!!!!!

0,0,0,0,0,0,0,0,
0,0,0,0,0,0,0,0,
0,0,0,0,0,0,0,0,
0,0,0,0,0,0,0,0,
0,0,0,0,0,0,0,0,
0,0,0,0,0,0,0,0,
-2,-2,-2,-2,-2,-2,-2,-2,
-2,-2,-2,-2,-2,-2,-2,-2,
-2,-2,-2,-2,-2,-2,-2,-2,
-2,-2,-2,-2,-2,-2,-2,-2,
38.370362:index(0):recvRequest:temp_free_slot[SLOT_AS_CONTROL....MAX_SLOT_NUM_](choose minimun value):
15,15,15,15,15,-1,15,-1,
!!!!!!!!!!!!!!!!!!!!!!!!!!!!!!!!!!!!!!!!!!!!!!!!

!!!!!!!!!!!!!!!!!!!!!!!!!!!!!!!!!!!!!!!!!!!!!

38.370362:index(0):recvRequest:rq_slot_factor[SLOT_AS_CONTROL....MAX_SLOT_NUM_](before forward):
6,6,6,6,6,6,-1,6,
!!!!!!!!!!!!!!!!!!!!!!!!!!!!!!!!!!!!!!!!!!!!!!!!

0,0,0,0,0,0,0,0,
0,0,0,0,0,0,0,0,
0,0,0,0,0,0,0,0,
0,0,0,0,0,0,0,0,
0,0,0,0,0,0,0,0,
0,0,0,0,0,0,0,0,
-2,-2,-2,-2,-2,-2,-2,-2,
-2,-2,-2,-2,-2,-2,-2,-2,
-2,-2,-2,-2,-2,-2,-2,-2,
-2,-2,-2,-2,-2,-2,-2,-2,
38.370362:index(10):recvRequest:temp_free_slot[SLOT_AS_CONTROL....MAX_SLOT_NUM_](choose minimun value):
19,19,19,19,19,-1,19,-1,
!!!!!!!!!!!!!!!!!!!!!!!!!!!!!!!!!!!!!!!!!!!!!!!!

!!!!!!!!!!!!!!!!!!!!!!!!!!!!!!!!!!!!!!!!!!!!!

38.370362:index(10):recvRequest:rq_slot_factor[SLOT_AS_CONTROL....MAX_SLOT_NUM_](before forward):
10,10,10,10,10,10,-1,10,
!!!!!!!!!!!!!!!!!!!!!!!!!!!!!!!!!!!!!!!!!!!!!!!!

0,0,0,0,0,0,0,0,
0,0,0,0,0,0,0,0,
0,0,0,0,0,0,0,0,
0,0,0,0,0,0,0,0,
0,0,0,0,0,0,0,0,
0,0,0,0,0,0,0,0,
-2,-2,-2,-2,-2,-2,-2,-2,
-2,-2,-2,-2,-2,-2,-2,-2,
-2,-2,-2,-2,-2,-2,-2,-2,
-2,-2,-2,-2,-2,-2,-2,-2,
38.370362:index(16):recvRequest:temp_free_slot[SLOT_AS_CONTROL....MAX_SLOT_NUM_](choose minimun value):
29,29,29,29,29,-1,29,-1,
!!!!!!!!!!!!!!!!!!!!!!!!!!!!!!!!!!!!!!!!!!!!!!!!

!!!!!!!!!!!!!!!!!!!!!!!!!!!!!!!!!!!!!!!!!!!!!

38.370362:index(16):recvRequest:rq_slot_factor[SLOT_AS_CONTROL....MAX_SLOT_NUM_](before forward):
14,14,14,14,14,14,-1,14,
!!!!!!!!!!!!!!!!!!!!!!!!!!!!!!!!!!!!!!!!!!!!!!!!

0,0,0,0,0,0,0,0,
0,0,0,0,0,0,0,0,
0,0,0,0,0,0,0,0,
0,0,0,0,0,0,0,0,
0,0,0,0,0,0,0,0,
0,0,0,0,0,0,0,0,
-2,-2,-2,-2,-2,-2,-2,-2,
-2,-2,-2,-2,-2,-2,-2,-2,
-2,-2,-2,-2,-2,-2,-2,-2,
-2,-2,-2,-2,-2,-2,-2,-2,
38.370362:index(22):recvRequest:temp_free_slot[SLOT_AS_CONTROL....MAX_SLOT_NUM_](choose minimun value):
19,19,19,19,19,-1,19,-1,
!!!!!!!!!!!!!!!!!!!!!!!!!!!!!!!!!!!!!!!!!!!!!!!!

!!!!!!!!!!!!!!!!!!!!!!!!!!!!!!!!!!!!!!!!!!!!!

38.370362:index(22):recvRequest:rq_slot_factor[SLOT_AS_CONTROL....MAX_SLOT_NUM_](before forward):
10,10,10,10,10,10,-1,10,
!!!!!!!!!!!!!!!!!!!!!!!!!!!!!!!!!!!!!!!!!!!!!!!!

0,0,0,0,0,0,0,0,
0,0,0,0,0,0,0,0,
0,0,0,0,0,0,0,0,
0,0,0,0,0,0,0,0,
0,0,0,0,0,0,0,0,
0,0,0,0,0,0,0,0,
0,0,0,0,0,0,0,0,
-2,-2,-2,-2,-2,-2,-2,-2,
-2,-2,-2,-2,-2,-2,-2,-2,
-2,-2,-2,-2,-2,-2,-2,-2,
38.430362:index(15):recvRequest:temp_free_slot[SLOT_AS_CONTROL....MAX_SLOT_NUM_](choose minimun value):
19,19,19,19,19,19,-1,-1,
!!!!!!!!!!!!!!!!!!!!!!!!!!!!!!!!!!!!!!!!!!!!!!!!

!!!!!!!!!!!!!!!!!!!!!!!!!!!!!!!!!!!!!!!!!!!!!

38.430362:index(15):recvRequest:rq_slot_factor[SLOT_AS_CONTROL....MAX_SLOT_NUM_](before forward):
9,9,9,9,9,-1,9,9,
!!!!!!!!!!!!!!!!!!!!!!!!!!!!!!!!!!!!!!!!!!!!!!!!

0,0,0,0,0,0,0,0,
0,0,0,0,0,0,0,0,
0,0,0,0,0,0,0,0,
0,0,0,0,0,0,0,0,
0,0,0,0,0,0,0,0,
0,0,0,0,0,0,0,0,
0,0,0,0,0,0,0,0,
-2,-2,-2,-2,-2,-2,-2,-2,
-2,-2,-2,-2,-2,-2,-2,-2,
-2,-2,-2,-2,-2,-2,-2,-2,
38.430362:index(21):recvRequest:temp_free_slot[SLOT_AS_CONTROL....MAX_SLOT_NUM_](choose minimun value):
23,23,23,23,23,23,-1,-1,
!!!!!!!!!!!!!!!!!!!!!!!!!!!!!!!!!!!!!!!!!!!!!!!!

!!!!!!!!!!!!!!!!!!!!!!!!!!!!!!!!!!!!!!!!!!!!!

38.430362:index(21):recvRequest:rq_slot_factor[SLOT_AS_CONTROL....MAX_SLOT_NUM_](before forward):
9,9,9,9,9,-1,9,9,
!!!!!!!!!!!!!!!!!!!!!!!!!!!!!!!!!!!!!!!!!!!!!!!!

0,0,0,0,0,0,0,0,
0,0,0,0,0,0,0,0,
0,0,0,0,0,0,0,0,
0,0,0,0,0,0,0,0,
0,0,0,0,0,0,0,0,
0,0,0,0,0,0,0,0,
0,0,0,0,0,0,0,0,
0,0,0,0,0,0,0,0,
-2,-2,-2,-2,-2,-2,-2,-2,
-2,-2,-2,-2,-2,-2,-2,-2,
38.490362:index(20):recvRequest:temp_free_slot[SLOT_AS_CONTROL....MAX_SLOT_NUM_](choose minimun value):
15,15,15,15,15,-1,-1,15,
!!!!!!!!!!!!!!!!!!!!!!!!!!!!!!!!!!!!!!!!!!!!!!!!

!!!!!!!!!!!!!!!!!!!!!!!!!!!!!!!!!!!!!!!!!!!!!

38.490362:index(20):recvRequest:rq_slot_factor[SLOT_AS_CONTROL....MAX_SLOT_NUM_](before forward):
6,6,6,6,6,6,6,-1,
!!!!!!!!!!!!!!!!!!!!!!!!!!!!!!!!!!!!!!!!!!!!!!!!

39.310362:rreqTimer::handle

!!!!!!!!!!!!!!!!!!!!!!!!!!!!!!!!!!!!!!!!!!!!

39.367084:index(9):sendRequest:rq_slot_factor[SLOT_AS_CONTROL....MAX_SLOT_NUM_]:
9,9,9,9,9,9,9,-1,
!!!!!!!!!!!!!!!!!!!!!!!!!!!!!!!!!!!!!!!!!!!!!!!!

0,0,0,0,0,0,0,1,
0,0,0,0,0,0,1,-1,
-2,-2,-2,-2,-2,-2,-2,-2,
-2,-2,-2,-2,-2,-2,-2,-2,
-2,-2,-2,-2,-2,-2,-2,-2,
-2,-2,-2,-2,-2,-2,-2,-2,
-2,-2,-2,-2,-2,-2,-2,-2,
-2,-2,-2,-2,-2,-2,-2,-2,
-2,-2,-2,-2,-2,-2,-2,-2,
-2,-2,-2,-2,-2,-2,-2,-2,
39.450362:index(8):recvRequest:temp_free_slot[SLOT_AS_CONTROL....MAX_SLOT_NUM_](choose minimun value):
23,23,23,23,23,23,-1,-1,
!!!!!!!!!!!!!!!!!!!!!!!!!!!!!!!!!!!!!!!!!!!!!!!!

!!!!!!!!!!!!!!!!!!!!!!!!!!!!!!!!!!!!!!!!!!!!!

39.450362:index(8):recvRequest:rq_slot_factor[SLOT_AS_CONTROL....MAX_SLOT_NUM_](before forward):
14,14,14,14,14,-1,-1,-1,
!!!!!!!!!!!!!!!!!!!!!!!!!!!!!!!!!!!!!!!!!!!!!!!!

0,0,0,0,0,0,0,1,
0,0,0,0,0,0,0,-1,
-2,-2,-2,-2,-2,-2,-2,-2,
-2,-2,-2,-2,-2,-2,-2,-2,
-2,-2,-2,-2,-2,-2,-2,-2,
-2,-2,-2,-2,-2,-2,-2,-2,
-2,-2,-2,-2,-2,-2,-2,-2,
-2,-2,-2,-2,-2,-2,-2,-2,
-2,-2,-2,-2,-2,-2,-2,-2,
-2,-2,-2,-2,-2,-2,-2,-2,
39.450362:index(4):recvRequest:temp_free_slot[SLOT_AS_CONTROL....MAX_SLOT_NUM_](choose minimun value):
15,15,15,15,15,15,12,-1,
!!!!!!!!!!!!!!!!!!!!!!!!!!!!!!!!!!!!!!!!!!!!!!!!

!!!!!!!!!!!!!!!!!!!!!!!!!!!!!!!!!!!!!!!!!!!!!

39.450362:index(4):recvRequest:rq_slot_factor[SLOT_AS_CONTROL....MAX_SLOT_NUM_](before forward):
6,6,6,6,6,6,-1,-1,
!!!!!!!!!!!!!!!!!!!!!!!!!!!!!!!!!!!!!!!!!!!!!!!!

0,0,0,0,0,0,0,1,
0,0,0,0,0,0,0,-1,
-2,-2,-2,-2,-2,-2,-2,-2,
-2,-2,-2,-2,-2,-2,-2,-2,
-2,-2,-2,-2,-2,-2,-2,-2,
-2,-2,-2,-2,-2,-2,-2,-2,
-2,-2,-2,-2,-2,-2,-2,-2,
-2,-2,-2,-2,-2,-2,-2,-2,
-2,-2,-2,-2,-2,-2,-2,-2,
-2,-2,-2,-2,-2,-2,-2,-2,
39.450362:index(14):recvRequest:temp_free_slot[SLOT_AS_CONTROL....MAX_SLOT_NUM_](choose minimun value):
19,19,19,19,19,17,16,-1,
!!!!!!!!!!!!!!!!!!!!!!!!!!!!!!!!!!!!!!!!!!!!!!!!

!!!!!!!!!!!!!!!!!!!!!!!!!!!!!!!!!!!!!!!!!!!!!

39.450362:index(14):recvRequest:rq_slot_factor[SLOT_AS_CONTROL....MAX_SLOT_NUM_](before forward):
10,10,10,10,10,8,-1,-1,
!!!!!!!!!!!!!!!!!!!!!!!!!!!!!!!!!!!!!!!!!!!!!!!!

0,0,0,0,0,0,0,1,
0,0,0,0,0,0,0,-1,
0,0,0,0,0,0,-1,0,
-2,-2,-2,-2,-2,-2,-2,-2,
-2,-2,-2,-2,-2,-2,-2,-2,
-2,-2,-2,-2,-2,-2,-2,-2,
-2,-2,-2,-2,-2,-2,-2,-2,
-2,-2,-2,-2,-2,-2,-2,-2,
-2,-2,-2,-2,-2,-2,-2,-2,
-2,-2,-2,-2,-2,-2,-2,-2,
39.510362:index(3):recvRequest:temp_free_slot[SLOT_AS_CONTROL....MAX_SLOT_NUM_](choose minimun value):
15,15,15,15,15,12,-1,-1,
!!!!!!!!!!!!!!!!!!!!!!!!!!!!!!!!!!!!!!!!!!!!!!!!

!!!!!!!!!!!!!!!!!!!!!!!!!!!!!!!!!!!!!!!!!!!!!

39.510362:index(3):recvRequest:rq_slot_factor[SLOT_AS_CONTROL....MAX_SLOT_NUM_](before forward):
9,9,9,9,9,-1,-1,2,
!!!!!!!!!!!!!!!!!!!!!!!!!!!!!!!!!!!!!!!!!!!!!!!!

0,0,0,0,0,0,0,1,
0,0,0,0,0,0,1,-1,
0,0,0,0,0,1,-1,0,
-2,-2,-2,-2,-2,-2,-2,-2,
-2,-2,-2,-2,-2,-2,-2,-2,
-2,-2,-2,-2,-2,-2,-2,-2,
-2,-2,-2,-2,-2,-2,-2,-2,
-2,-2,-2,-2,-2,-2,-2,-2,
-2,-2,-2,-2,-2,-2,-2,-2,
-2,-2,-2,-2,-2,-2,-2,-2,
39.510362:index(7):recvRequest:temp_free_slot[SLOT_AS_CONTROL....MAX_SLOT_NUM_](choose minimun value):
28,28,28,28,28,-1,-1,-1,
!!!!!!!!!!!!!!!!!!!!!!!!!!!!!!!!!!!!!!!!!!!!!!!!

!!!!!!!!!!!!!!!!!!!!!!!!!!!!!!!!!!!!!!!!!!!!!

39.510362:index(7):recvRequest:rq_slot_factor[SLOT_AS_CONTROL....MAX_SLOT_NUM_](before forward):
14,14,14,14,-1,-1,-1,5,
!!!!!!!!!!!!!!!!!!!!!!!!!!!!!!!!!!!!!!!!!!!!!!!!

0,0,0,0,0,0,0,1,
0,0,0,0,0,0,1,-1,
0,0,0,0,0,0,-1,0,
-2,-2,-2,-2,-2,-2,-2,-2,
-2,-2,-2,-2,-2,-2,-2,-2,
-2,-2,-2,-2,-2,-2,-2,-2,
-2,-2,-2,-2,-2,-2,-2,-2,
-2,-2,-2,-2,-2,-2,-2,-2,
-2,-2,-2,-2,-2,-2,-2,-2,
-2,-2,-2,-2,-2,-2,-2,-2,
39.510362:index(13):recvRequest:temp_free_slot[SLOT_AS_CONTROL....MAX_SLOT_NUM_](choose minimun value):
28,28,28,28,28,-1,-1,-1,
!!!!!!!!!!!!!!!!!!!!!!!!!!!!!!!!!!!!!!!!!!!!!!!!

!!!!!!!!!!!!!!!!!!!!!!!!!!!!!!!!!!!!!!!!!!!!!

39.510362:index(13):recvRequest:rq_slot_factor[SLOT_AS_CONTROL....MAX_SLOT_NUM_](before forward):
14,14,14,14,-1,7,-1,2,
!!!!!!!!!!!!!!!!!!!!!!!!!!!!!!!!!!!!!!!!!!!!!!!!

0,0,0,0,0,0,0,1,
0,0,0,0,0,0,0,-1,
0,0,0,0,0,0,-1,0,
-2,-2,-2,-2,-2,-2,-2,-2,
-2,-2,-2,-2,-2,-2,-2,-2,
-2,-2,-2,-2,-2,-2,-2,-2,
-2,-2,-2,-2,-2,-2,-2,-2,
-2,-2,-2,-2,-2,-2,-2,-2,
-2,-2,-2,-2,-2,-2,-2,-2,
-2,-2,-2,-2,-2,-2,-2,-2,
39.510362:index(19):recvRequest:temp_free_slot[SLOT_AS_CONTROL....MAX_SLOT_NUM_](choose minimun value):
19,19,19,19,19,11,-1,-1,
!!!!!!!!!!!!!!!!!!!!!!!!!!!!!!!!!!!!!!!!!!!!!!!!

!!!!!!!!!!!!!!!!!!!!!!!!!!!!!!!!!!!!!!!!!!!!!

39.510362:index(19):recvRequest:rq_slot_factor[SLOT_AS_CONTROL....MAX_SLOT_NUM_](before forward):
9,9,9,9,9,-1,-1,3,
!!!!!!!!!!!!!!!!!!!!!!!!!!!!!!!!!!!!!!!!!!!!!!!!

0,0,0,0,0,0,0,1,
0,0,0,0,0,0,0,-1,
0,0,0,0,0,0,-1,0,
0,0,0,0,0,-1,0,0,
-2,-2,-2,-2,-2,-2,-2,-2,
-2,-2,-2,-2,-2,-2,-2,-2,
-2,-2,-2,-2,-2,-2,-2,-2,
-2,-2,-2,-2,-2,-2,-2,-2,
-2,-2,-2,-2,-2,-2,-2,-2,
-2,-2,-2,-2,-2,-2,-2,-2,
39.570362:index(2):recvRequest:temp_free_slot[SLOT_AS_CONTROL....MAX_SLOT_NUM_](choose minimun value):
19,19,19,19,19,-1,-1,8,
!!!!!!!!!!!!!!!!!!!!!!!!!!!!!!!!!!!!!!!!!!!!!!!!

!!!!!!!!!!!!!!!!!!!!!!!!!!!!!!!!!!!!!!!!!!!!!

39.570362:index(2):recvRequest:rq_slot_factor[SLOT_AS_CONTROL....MAX_SLOT_NUM_](before forward):
10,10,10,10,10,-1,7,-1,
!!!!!!!!!!!!!!!!!!!!!!!!!!!!!!!!!!!!!!!!!!!!!!!!

0,0,0,0,0,0,0,1,
0,0,0,0,0,0,1,-1,
0,0,0,0,0,1,-1,0,
0,0,0,0,0,-1,0,0,
-2,-2,-2,-2,-2,-2,-2,-2,
-2,-2,-2,-2,-2,-2,-2,-2,
-2,-2,-2,-2,-2,-2,-2,-2,
-2,-2,-2,-2,-2,-2,-2,-2,
-2,-2,-2,-2,-2,-2,-2,-2,
-2,-2,-2,-2,-2,-2,-2,-2,
39.570362:index(6):recvRequest:temp_free_slot[SLOT_AS_CONTROL....MAX_SLOT_NUM_](choose minimun value):
28,28,28,28,-1,-1,-1,9,
!!!!!!!!!!!!!!!!!!!!!!!!!!!!!!!!!!!!!!!!!!!!!!!!

!!!!!!!!!!!!!!!!!!!!!!!!!!!!!!!!!!!!!!!!!!!!!

39.570362:index(6):recvRequest:rq_slot_factor[SLOT_AS_CONTROL....MAX_SLOT_NUM_](before forward):
14,14,14,14,14,-1,12,-1,
!!!!!!!!!!!!!!!!!!!!!!!!!!!!!!!!!!!!!!!!!!!!!!!!

0,0,0,0,0,0,0,1,
0,0,0,0,0,0,1,-1,
0,0,0,0,0,1,-1,0,
0,0,0,0,0,-1,0,1,
-2,-2,-2,-2,-2,-2,-2,-2,
-2,-2,-2,-2,-2,-2,-2,-2,
-2,-2,-2,-2,-2,-2,-2,-2,
-2,-2,-2,-2,-2,-2,-2,-2,
-2,-2,-2,-2,-2,-2,-2,-2,
-2,-2,-2,-2,-2,-2,-2,-2,
39.570362:index(12):recvRequest:temp_free_slot[SLOT_AS_CONTROL....MAX_SLOT_NUM_](choose minimun value):
26,26,26,26,-1,-1,-1,-1,
!!!!!!!!!!!!!!!!!!!!!!!!!!!!!!!!!!!!!!!!!!!!!!!!

!!!!!!!!!!!!!!!!!!!!!!!!!!!!!!!!!!!!!!!!!!!!!

39.570362:index(12):recvRequest:rq_slot_factor[SLOT_AS_CONTROL....MAX_SLOT_NUM_](before forward):
12,12,12,-1,12,-1,3,-1,
!!!!!!!!!!!!!!!!!!!!!!!!!!!!!!!!!!!!!!!!!!!!!!!!

0,0,0,0,0,0,0,1,
0,0,0,0,0,0,1,-1,
0,0,0,0,0,0,-1,0,
0,0,0,0,0,-1,0,0,
-2,-2,-2,-2,-2,-2,-2,-2,
-2,-2,-2,-2,-2,-2,-2,-2,
-2,-2,-2,-2,-2,-2,-2,-2,
-2,-2,-2,-2,-2,-2,-2,-2,
-2,-2,-2,-2,-2,-2,-2,-2,
-2,-2,-2,-2,-2,-2,-2,-2,
39.570362:index(18):recvRequest:temp_free_slot[SLOT_AS_CONTROL....MAX_SLOT_NUM_](choose minimun value):
28,28,28,28,-1,-1,-1,6,
!!!!!!!!!!!!!!!!!!!!!!!!!!!!!!!!!!!!!!!!!!!!!!!!

!!!!!!!!!!!!!!!!!!!!!!!!!!!!!!!!!!!!!!!!!!!!!

39.570362:index(18):recvRequest:rq_slot_factor[SLOT_AS_CONTROL....MAX_SLOT_NUM_](before forward):
14,14,14,14,14,-1,5,-1,
!!!!!!!!!!!!!!!!!!!!!!!!!!!!!!!!!!!!!!!!!!!!!!!!

0,0,0,0,0,0,0,1,
0,0,0,0,0,0,0,-1,
0,0,0,0,0,0,-1,0,
0,0,0,0,0,-1,0,0,
-2,-2,-2,-2,-2,-2,-2,-2,
-2,-2,-2,-2,-2,-2,-2,-2,
-2,-2,-2,-2,-2,-2,-2,-2,
-2,-2,-2,-2,-2,-2,-2,-2,
-2,-2,-2,-2,-2,-2,-2,-2,
-2,-2,-2,-2,-2,-2,-2,-2,
39.570362:index(24):recvRequest:temp_free_slot[SLOT_AS_CONTROL....MAX_SLOT_NUM_](choose minimun value):
15,15,15,15,15,-1,-1,5,
!!!!!!!!!!!!!!!!!!!!!!!!!!!!!!!!!!!!!!!!!!!!!!!!

!!!!!!!!!!!!!!!!!!!!!!!!!!!!!!!!!!!!!!!!!!!!!

39.570362:index(24):recvRequest:rq_slot_factor[SLOT_AS_CONTROL....MAX_SLOT_NUM_](before forward):
6,6,6,6,6,-1,3,-1,
!!!!!!!!!!!!!!!!!!!!!!!!!!!!!!!!!!!!!!!!!!!!!!!!

0,0,0,0,0,0,0,1,
0,0,0,0,0,0,0,-1,
0,0,0,0,0,0,-1,0,
0,0,0,0,0,-1,0,0,
0,0,0,0,0,0,0,-1,
-2,-2,-2,-2,-2,-2,-2,-2,
-2,-2,-2,-2,-2,-2,-2,-2,
-2,-2,-2,-2,-2,-2,-2,-2,
-2,-2,-2,-2,-2,-2,-2,-2,
-2,-2,-2,-2,-2,-2,-2,-2,
39.630362:index(1):recvRequest:temp_free_slot[SLOT_AS_CONTROL....MAX_SLOT_NUM_](choose minimun value):
19,19,19,19,19,-1,13,-1,
!!!!!!!!!!!!!!!!!!!!!!!!!!!!!!!!!!!!!!!!!!!!!!!!

!!!!!!!!!!!!!!!!!!!!!!!!!!!!!!!!!!!!!!!!!!!!!

39.630362:index(1):recvRequest:rq_slot_factor[SLOT_AS_CONTROL....MAX_SLOT_NUM_](before forward):
9,9,9,9,9,2,-1,-1,
!!!!!!!!!!!!!!!!!!!!!!!!!!!!!!!!!!!!!!!!!!!!!!!!

0,0,0,0,0,0,0,1,
0,0,0,0,0,0,1,-1,
0,0,0,0,0,1,-1,0,
0,0,0,0,0,-1,0,0,
0,0,0,0,0,0,0,-1,
-2,-2,-2,-2,-2,-2,-2,-2,
-2,-2,-2,-2,-2,-2,-2,-2,
-2,-2,-2,-2,-2,-2,-2,-2,
-2,-2,-2,-2,-2,-2,-2,-2,
-2,-2,-2,-2,-2,-2,-2,-2,
39.630362:index(5):recvRequest:temp_free_slot[SLOT_AS_CONTROL....MAX_SLOT_NUM_](choose minimun value):
23,23,23,23,-1,-1,19,-1,
!!!!!!!!!!!!!!!!!!!!!!!!!!!!!!!!!!!!!!!!!!!!!!!!

!!!!!!!!!!!!!!!!!!!!!!!!!!!!!!!!!!!!!!!!!!!!!

39.630362:index(5):recvRequest:rq_slot_factor[SLOT_AS_CONTROL....MAX_SLOT_NUM_](before forward):
9,9,9,9,9,5,-1,-1,
!!!!!!!!!!!!!!!!!!!!!!!!!!!!!!!!!!!!!!!!!!!!!!!!

0,0,0,0,0,0,0,1,
0,0,0,0,0,0,1,-1,
0,0,0,0,0,1,-1,0,
0,0,0,0,0,-1,0,0,
0,0,0,0,0,0,0,-1,
-2,-2,-2,-2,-2,-2,-2,-2,
-2,-2,-2,-2,-2,-2,-2,-2,
-2,-2,-2,-2,-2,-2,-2,-2,
-2,-2,-2,-2,-2,-2,-2,-2,
-2,-2,-2,-2,-2,-2,-2,-2,
39.630362:index(11):recvRequest:temp_free_slot[SLOT_AS_CONTROL....MAX_SLOT_NUM_](choose minimun value):
28,28,28,28,-1,-1,21,-1,
!!!!!!!!!!!!!!!!!!!!!!!!!!!!!!!!!!!!!!!!!!!!!!!!

!!!!!!!!!!!!!!!!!!!!!!!!!!!!!!!!!!!!!!!!!!!!!

39.630362:index(11):recvRequest:rq_slot_factor[SLOT_AS_CONTROL....MAX_SLOT_NUM_](before forward):
14,14,14,14,14,6,-1,-1,
!!!!!!!!!!!!!!!!!!!!!!!!!!!!!!!!!!!!!!!!!!!!!!!!

0,0,0,0,0,0,0,1,
0,0,0,0,0,0,1,-1,
0,0,0,0,0,1,-1,0,
0,0,0,0,0,-1,0,1,
0,0,0,0,0,0,0,-1,
-2,-2,-2,-2,-2,-2,-2,-2,
-2,-2,-2,-2,-2,-2,-2,-2,
-2,-2,-2,-2,-2,-2,-2,-2,
-2,-2,-2,-2,-2,-2,-2,-2,
-2,-2,-2,-2,-2,-2,-2,-2,
estimateBW01:6
tempBWA01:5
tempBWB:5
tempBWA02:3
estimateBW02:3
tempBWA01:5
tempBWB:5
tempBWA02:3
estimateBW02:3
tempBWA01:6
tempBWB:5
tempBWA02:4
estimateBW02:3
39.630362:index(17):rq_src,rq_dst,rq_bcast_id,estimateBW:0, 12, 17, 4:

39.630362:index(17):rq_src,rq_dst,rq_bcast_id,estimateBW:9, 17, 2, 3:

39.630362:index(17):before timer:
39.630362:index(17):recvRequest:temp_free_slot[SLOT_AS_CONTROL....MAX_SLOT_NUM_](choose minimun value):
27,27,27,-1,-1,-1,9,-1,
!!!!!!!!!!!!!!!!!!!!!!!!!!!!!!!!!!!!!!!!!!!!!!!!

!!!!!!!!!!!!!!!!!!!!!!!!!!!!!!!
!!!!!!!!!!!!!!!!!!!!!!!!!!!!!!!
!!!!!!!!!!!!!!!!!!!!!!!!!!!!!!!
!!!!!!!!!!!!!!!!!!!!!!!!!!!!!!!
!!!!!!!!!!!!!!!!!!!!!!!!!!!!!!!
!!!!!!!!!!!!!!!!!!!!!!!!!!!!!!!
!!!!!!!!!!!!!!!!!!!!!!!!!!!!!!!
!!!!!!!!!!!!!!!!!!!!!!!!!!!!!!!
!!!!!!!!!!!!!!!!!!!!!!!!!!!!!!!
!!!!!!!!!!!!!!!!!!!!!!!!!!!!!!!
!!!!!!!!!!!!!!!!!!!!!!!!!!!!!!!
!!!!!!!!!!!!!!!!!!!!!!!!!!!!!!!
!!!!!!!!!!!!!!!!!!!!!!!!!!!!!!!
!!!!!!!!!!!!!!!!!!!!!!!!!!!!!!!
!!!!!!!!!!!!!!!!!!!!!!!!!!!!!!!
!!!!!!!!!!!!!!!!!!!!!!!!!!!!!!!

0,0,0,0,0,0,0,1,
0,0,0,0,0,0,1,-1,
0,0,0,0,0,1,-1,0,
0,0,0,0,0,-1,0,1,
0,0,0,0,0,0,0,-1,
-2,-2,-2,-2,-2,-2,-2,-2,
-2,-2,-2,-2,-2,-2,-2,-2,
-2,-2,-2,-2,-2,-2,-2,-2,
-2,-2,-2,-2,-2,-2,-2,-2,
-2,-2,-2,-2,-2,-2,-2,-2,
0,0,0,0,0,0,0,1,
0,0,0,0,0,0,1,-1,
0,0,0,0,0,0,-1,0,
0,0,0,0,0,-1,0,0,
0,0,0,0,0,0,0,-1,
-2,-2,-2,-2,-2,-2,-2,-2,
-2,-2,-2,-2,-2,-2,-2,-2,
-2,-2,-2,-2,-2,-2,-2,-2,
-2,-2,-2,-2,-2,-2,-2,-2,
-2,-2,-2,-2,-2,-2,-2,-2,
39.630362:index(23):recvRequest:temp_free_slot[SLOT_AS_CONTROL....MAX_SLOT_NUM_](choose minimun value):
23,23,23,23,-1,-1,8,-1,
!!!!!!!!!!!!!!!!!!!!!!!!!!!!!!!!!!!!!!!!!!!!!!!!

!!!!!!!!!!!!!!!!!!!!!!!!!!!!!!!!!!!!!!!!!!!!!

39.630362:index(23):recvRequest:rq_slot_factor[SLOT_AS_CONTROL....MAX_SLOT_NUM_](before forward):
9,9,9,9,9,2,-1,-1,
!!!!!!!!!!!!!!!!!!!!!!!!!!!!!!!!!!!!!!!!!!!!!!!!

0,0,0,0,0,0,0,1,
0,0,0,0,0,0,0,-1,
0,0,0,0,0,0,-1,0,
0,0,0,0,0,-1,0,0,
0,0,0,0,0,0,0,-1,
0,0,0,0,0,0,-1,0,
-2,-2,-2,-2,-2,-2,-2,-2,
-2,-2,-2,-2,-2,-2,-2,-2,
-2,-2,-2,-2,-2,-2,-2,-2,
-2,-2,-2,-2,-2,-2,-2,-2,
39.690362:index(0):recvRequest:temp_free_slot[SLOT_AS_CONTROL....MAX_SLOT_NUM_](choose minimun value):
15,15,15,15,15,7,-1,-1,
!!!!!!!!!!!!!!!!!!!!!!!!!!!!!!!!!!!!!!!!!!!!!!!!

!!!!!!!!!!!!!!!!!!!!!!!!!!!!!!!!!!!!!!!!!!!!!

39.690362:index(0):recvRequest:rq_slot_factor[SLOT_AS_CONTROL....MAX_SLOT_NUM_](before forward):
6,6,6,6,6,-1,-1,0,
!!!!!!!!!!!!!!!!!!!!!!!!!!!!!!!!!!!!!!!!!!!!!!!!

0,0,0,0,0,0,0,1,
0,0,0,0,0,0,1,-1,
0,0,0,0,0,1,-1,0,
0,0,0,0,0,-1,0,0,
0,0,0,0,0,0,0,-1,
0,0,0,0,0,0,-1,0,
-2,-2,-2,-2,-2,-2,-2,-2,
-2,-2,-2,-2,-2,-2,-2,-2,
-2,-2,-2,-2,-2,-2,-2,-2,
-2,-2,-2,-2,-2,-2,-2,-2,
39.690362:index(10):recvRequest:temp_free_slot[SLOT_AS_CONTROL....MAX_SLOT_NUM_](choose minimun value):
19,19,19,19,19,9,-1,-1,
!!!!!!!!!!!!!!!!!!!!!!!!!!!!!!!!!!!!!!!!!!!!!!!!

!!!!!!!!!!!!!!!!!!!!!!!!!!!!!!!!!!!!!!!!!!!!!

39.690362:index(10):recvRequest:rq_slot_factor[SLOT_AS_CONTROL....MAX_SLOT_NUM_](before forward):
10,10,10,10,10,-1,-1,2,
!!!!!!!!!!!!!!!!!!!!!!!!!!!!!!!!!!!!!!!!!!!!!!!!

0,0,0,0,0,0,0,1,
0,0,0,0,0,0,1,-1,
0,0,0,0,0,1,-1,0,
0,0,0,0,0,-1,0,0,
0,0,0,0,0,0,0,-1,
0,0,0,0,0,0,-1,0,
-2,-2,-2,-2,-2,-2,-2,-2,
-2,-2,-2,-2,-2,-2,-2,-2,
-2,-2,-2,-2,-2,-2,-2,-2,
-2,-2,-2,-2,-2,-2,-2,-2,
39.690362:index(16):recvRequest:temp_free_slot[SLOT_AS_CONTROL....MAX_SLOT_NUM_](choose minimun value):
28,28,28,28,28,14,-1,-1,
!!!!!!!!!!!!!!!!!!!!!!!!!!!!!!!!!!!!!!!!!!!!!!!!

!!!!!!!!!!!!!!!!!!!!!!!!!!!!!!!!!!!!!!!!!!!!!

39.690362:index(16):recvRequest:rq_slot_factor[SLOT_AS_CONTROL....MAX_SLOT_NUM_](before forward):
14,14,14,14,14,-1,-1,5,
!!!!!!!!!!!!!!!!!!!!!!!!!!!!!!!!!!!!!!!!!!!!!!!!

0,0,0,0,0,0,0,1,
0,0,0,0,0,0,1,-1,
0,0,0,0,0,1,-1,0,
0,0,0,0,0,-1,0,0,
0,0,0,0,0,0,0,-1,
0,0,0,0,0,0,-1,0,
0,0,0,0,0,-1,0,0,
-2,-2,-2,-2,-2,-2,-2,-2,
-2,-2,-2,-2,-2,-2,-2,-2,
-2,-2,-2,-2,-2,-2,-2,-2,
39.750362:index(15):recvRequest:temp_free_slot[SLOT_AS_CONTROL....MAX_SLOT_NUM_](choose minimun value):
19,19,19,19,19,-1,-1,7,
!!!!!!!!!!!!!!!!!!!!!!!!!!!!!!!!!!!!!!!!!!!!!!!!

!!!!!!!!!!!!!!!!!!!!!!!!!!!!!!!!!!!!!!!!!!!!!

39.750362:index(15):recvRequest:rq_slot_factor[SLOT_AS_CONTROL....MAX_SLOT_NUM_](before forward):
9,9,9,9,9,-1,5,-1,
!!!!!!!!!!!!!!!!!!!!!!!!!!!!!!!!!!!!!!!!!!!!!!!!

0,0,0,0,0,0,0,1,
0,0,0,0,0,0,1,-1,
0,0,0,0,0,1,-1,0,
0,0,0,0,0,-1,0,0,
0,0,0,0,0,0,0,-1,
0,0,0,0,0,0,-1,0,
0,0,0,0,0,0,-1,-1,
-2,-2,-2,-2,-2,-2,-2,-2,
-2,-2,-2,-2,-2,-2,-2,-2,
-2,-2,-2,-2,-2,-2,-2,-2,
estimateBW01:6
tempBWA01:5
tempBWB:5
tempBWA02:3
estimateBW02:3
tempBWA01:6
tempBWB:5
tempBWA02:4
estimateBW02:3
tempBWA01:6
tempBWB:5
tempBWA02:4
estimateBW02:3
tempBWA01:6
tempBWB:5
tempBWA02:4
estimateBW02:3
tempBWA01:6
tempBWB:6
tempBWA02:3
estimateBW02:3
39.750362:index(17):rq_src,rq_dst,rq_bcast_id,estimateBW:0, 12, 17, 4:

39.750362:index(17):rq_src,rq_dst,rq_bcast_id,estimateBW:0, 0, 0, 3:

39.750362:index(17):rq_src,rq_dst,rq_bcast_id,estimateBW:9, 17, 2, 3:

39.750362:index(17):before timer: